1598.0424
540.407
249.65741
177.08504
139.5322
115.77416
99.02668
86.194405
76.27777
68.28421
61.71816
56.18286
51.634857
47.50128
43.962013
40.98883
38.29483
35.71169
33.528812
31.552776
29.860683
28.156918
26.713152
25.330631
24.052507
22.949158
22.03038
20.921902
20.255297
19.497726
18.497644
17.820875
17.176487
16.361624
15.775374
15.171524
14.623975
14.132534
13.826889
13.264123
12.721529
12.415499
11.954189
11.631032
11.257329
10.938016
10.748458
10.402367
10.020669
9.71551
9.468178
9.223394
8.982847
8.870289
8.655567
8.290148
8.0599165
7.90404
7.7327228
7.5643287
7.3792667
7.327738
7.091592
6.876728
6.7311826
6.5786047
6.4505286
6.381711
6.2219963
6.090165
5.9318
5.8727603
5.7408013
5.586341
5.4748836
5.3935595
5.2992253
5.2302885
5.106971
5.0057945
4.938272
4.826411
4.7205296
4.6504893
4.587134
4.5209036
4.4463673
4.391018
4.304491
4.311468
4.195557
4.096839
4.040007
3.9989157
3.9537804
3.8751588
3.8030946
3.772754
3.7186513
3.664098
3.6051056
3.5739257
3.5144114
3.479054
3.4394672
3.433417
3.3687987
3.301396
3.2630293
3.2161038
3.1948867
3.1522992
3.1492867
3.0652666
3.0550299
3.0262885
2.9751935
2.917653
2.9134736
2.8683753
2.8161373
2.822043
2.7496653
2.7483077
2.777424
2.6801226
2.6476586
2.6438813
2.617688
2.5794017
2.5473804
2.5510888
2.5077484
2.4907565
2.4718046
2.4447725
2.4297302
2.40609
2.3967178
2.3737948
2.3370924
2.299015
2.2872097
2.278475
2.2547948
2.225213
2.2126899
2.1911273
2.177313
2.163557
2.1484678
2.1191785
2.1131072
2.0898485
2.075168
2.0661435
2.047668
2.024587
2.0151613
2.0045323
1.9800512
1.9808217
1.9445034
1.9349746
1.9648618
1.9222349
1.9181265
1.9001871
1.9033
1.8787559
1.8542492
1.8382032
1.8208083
1.8294784
1.8233794
1.8051047
1.8153318
1.7799451
1.8279233
1.8076832
1.7473599
1.7404019
1.7377294
1.7206552
1.725086
1.6977668
1.67692
1.6779265
1.6719091
1.6568173
1.644647
1.6334447
1.6156404
1.6026717
1.5904577
1.5940537
1.5765952
1.5670414
1.5566292
1.5512459
1.5422727
1.5311475
1.5183641
1.5201904
1.5055366
1.503424
1.4923756
1.4783406
1.4751537
1.4777507
1.4578199
1.4508128
1.4426018
1.4444247
1.4382449
1.4252065
1.4162885
1.4179444
1.4144808
1.4104643
1.3923619
1.3901689
1.3917581
1.3770877
1.3669797
1.3632636
1.360653
1.3505218
1.3564789
1.371683
1.347097
1.3324331
1.3300568
1.3225111
1.3196876
1.3103552
1.3174213
1.30269
1.3029188
1.2947896
1.2909882
1.2922237
1.2870831
1.2839122
1.2805874
1.2659101
1.2708224
1.2717574
1.2702634
1.2442976
1.2494491
1.2476151
1.2370178
1.2344751
1.2314337
1.2257357
1.22483
1.2257636
1.217156
1.2129765
1.2169677
1.2087443
1.1993141
1.2030888
1.1983764
1.2136343
1.1920894
1.1884102
1.1803603
1.1859763
1.1800289
1.1812681
1.1862302
1.1689053
1.171837
1.1651396
1.1732593
1.1629984
1.1696439
1.1679735
1.1796083
1.1512225
1.1554341
1.1639295
1.1535518
1.1615987
1.153401
1.1576922
1.1506487
1.1494621
1.1399944
1.1448338
1.1361923
1.1316409
1.1365331
1.1242627
1.1263361
1.1274014
1.1271276
1.1140363
1.1270356
1.1071353
1.1126311
1.105688
1.1135312
1.1031349
1.0926951
1.0913105
1.0881181
1.0860993
1.09637
1.0812837
1.0779341
1.0775324
1.0779282
1.078592
1.0804306
1.0735762
1.0757806
1.0814127
1.0665112
1.0672438
1.0692189
1.0708785
1.064761
1.0549635
1.0618744
1.0654848
1.0560033
1.0624077
1.0579462
1.0534517
1.0497036
1.03924
1.0365103
1.0366433
1.0360191
1.032926
1.0392847
1.0381665
1.029136
1.0261698
1.0350007
1.0314697
1.0266407
1.0368022
1.0275201
1.0246985
1.0226551
1.0193939
1.0164506
1.0170994
1.0083177
1.0166852
1.0099726
1.014691
1.0070839
1.0097207
0.99564517
0.9951728
1.0048615
0.99426395
0.9892511
0.99646276
0.9918662
0.99084866
0.9838525
0.990817
0.9924106
0.9814799
0.985061
0.9799893
0.9780872
0.9723525
0.9661026
0.9727509
0.9709922
0.9768014
0.9667634
0.96787554
0.97048277
0.96910053
0.96127105
0.9638049
0.9720363
0.9628424
0.9672933
0.9672796
0.96374613
0.96517783
0.9561478
0.95331085
0.9601841
0.95197624
0.9507074
0.95421576
0.9443135
0.9536504
0.93685937
0.94316864
0.9387927
0.9418017
0.94291425
0.9357622
0.93030274
0.9365263
0.93082947
0.93252766
0.92697656
0.93122435
0.93281674
0.9208424
0.91869825
0.9240269
0.9112071
0.919457
0.9236656
0.9160374
0.9194547
0.9110297
0.9091144
0.9078961
0.905459
0.9067262
0.8982405
0.90069956
0.90520996
0.90989846
0.89677435
0.89996374
0.8928264
0.89521515
0.89696676
0.8871426
0.8829061
0.88588196
0.88479865
0.87836343
0.8855284
0.8805063
0.887374
0.8800725
0.8825171
0.8815022
0.8788796
0.87597877
0.87233245
0.8714215
0.8751836
0.8759125
0.8628903
0.8698603
0.8695081
0.8653325
0.8561379
0.86635834
0.8633155
0.86298674
0.85894895
0.85742325
0.86256355
0.85870636
0.84880346
0.8595075
0.85340935
0.8494001
0.85224444
0.8464256
0.85100704
0.85077506
0.8456907
0.85352635
0.8471735
0.83902854
0.8431327
0.8418082
0.8401484
0.84092903
0.8337051
0.8361004
0.84125847
0.84481096
0.849172
0.8568317
0.84284645
0.8364195
0.84013605
0.8405461
0.8389822
0.83942807
0.84732556
0.8335827
0.8314626
0.83149105
0.8369157
0.83901083
0.8276592
0.83728987
0.83576137
0.83490866
0.82824355
0.83071923
0.83641756
0.83247304
0.8389263
0.8373495
0.837018
0.82470053
0.8306658
0.828383
0.8217145
0.82551515
0.82670426
0.86402565
0.8312085
0.8335744
0.8275959
0.82720834
0.83189994
0.8309905
0.8301929
0.82630885
0.82695127
0.8293915
0.82475257
0.81716293
0.841727
0.8213822
0.8204073
0.81330866
0.82253075
0.81471527
0.8235179
0.8087857
0.81863004
0.8173959
0.81995404
0.81308794
0.8122702
0.8135986
0.8167845
0.810085
0.81215614
0.80760086
0.8124646
0.8076812
0.8151633
0.8169147
0.816527
0.8074588
0.8060671
0.81715506
0.80399823
0.8068155
0.80958056
0.81352335
0.81058633
0.81701297
0.8118815
0.8089666
0.81296515
0.8153867
0.8139447
0.8083976
0.8089561
0.8128825
0.8155119
0.81593657
0.8157359
0.8185569
0.8110035
0.8096261
0.8086037
0.8162192
0.81141347
0.812567
0.81468236
0.8122558
0.81772965
0.80947065
0.8129049
0.8148837
0.8075096
0.80359304
0.80976707
0.8145521
0.8081694
0.814866
0.80383915
0.80780125
0.7979213
0.8063684
0.8016997
0.80557185
0.8014492
0.8043456
0.8061638
0.8066982
0.7967077
0.79760647
0.8020678
0.80156356
0.8067306
0.8019855
0.8023602
0.80565673
0.7952856
0.79727256
0.80123127
0.79797435
0.80139595
0.7975419
0.7909959
0.7950278
0.7916678
0.79775155
0.7832799
0.79042125
0.79556376
0.7907881
0.79501355
0.7845553
0.7873663
0.80344296
0.7886096
0.7856929
0.795876
0.7973182
0.7812127
0.78359395
0.7818675
0.7894662
0.7853804
0.78416127
0.782338
0.77979296
0.7843884
0.77875054
0.77750134
0.78629965
0.78173524
0.7730687
0.77532697
0.7726817
0.7685721
0.77552253
0.77090037
0.76875055
0.77098536
0.775008
0.77227086
0.7753759
0.7791923
0.76799494
0.77295065
0.77706057
0.7684576
0.77385044
0.7682713
0.76736957
0.76919466
0.77149665
0.77130914
0.7682537
0.76672196
0.7707606
0.7738583
0.77500093
0.76731956
0.769055
0.76943254
0.77045274
0.76993996
0.77423453
0.7630597
0.7777961
0.7678574
0.7705336
0.7675916
0.7690409
0.7667392
0.7666332
0.7650856
0.7626478
0.77491444
0.76424605
0.76594836
0.77057844
0.76465774
0.768178
0.76446265
0.7686514
0.7700819
0.75841516
0.7571215
0.76614386
0.7634191
0.7612028
0.76148546
0.76322716
0.76433194
0.7698722
0.76432437
0.7601531
0.75934446
0.7561827
0.75863576
0.76692575
0.7691697
0.76515055
0.7625473
0.7703879
0.7684345
0.7633104
0.7572541
0.75386935
0.7585863
0.76245093
0.75501996
0.7590487
0.759159
0.7650155
0.74510765
0.75781053
0.74719924
0.7582388
0.75190926
0.75434756
0.75267905
0.7533652
0.7544223
0.7455908
0.74685186
0.7520286
0.7566752
0.7456849
0.74993086
0.7509194
0.74918556
0.74550724
0.74398094
0.74269545
0.74570173
0.7428702
0.74546754
0.7408033
0.7506294
0.742324
0.74312806
0.7410346
0.7412317
0.7391494
0.7403903
0.73523843
0.7383155
0.73583674
0.7285357
0.7306445
0.7368233
0.73589855
0.7309449
0.73069996
0.7364117
0.73673284
0.7374287
0.7325519
0.7241482
0.7312601
0.73079324
0.72856194
0.7256727
0.7308572
0.7261846
0.72621953
0.7259448
0.7293023
0.7178036
0.7255648
0.7283047
0.72176087
0.7136002
0.7250159
0.7271
0.722562
0.7199136
0.72487974
0.7240458
0.7230889
0.73095214
0.7275623
0.7200862
0.73067296
0.7269678
0.72536856
0.7213711
0.7176665
0.72164565
0.7210216
0.72158957
0.724459
0.71764046
0.7164248
0.7220823
0.71966326
0.71709955
0.7206892
0.72304064
0.7193065
0.7215196
0.7198962
0.7254265
0.72235775
0.7192803
0.7179326
0.71636426
0.7237767
0.7196719
0.7158911
0.717182
0.7172007
0.72026134
0.7259283
0.7183185
0.7258099
0.71788025
0.71952164
0.72489387
0.71716976
0.7214748
0.71557254
0.71047056
0.71795917
0.7151592
0.7122463
0.71524256
0.7149969
0.70901066
0.71317476
0.71765894
0.71349114
0.7156104
0.7117011
0.7100004
0.707868
0.70817417
0.7061573
0.7152351
0.71203274
0.70250905
0.7045686
0.70004207
0.7032868
0.7005137
0.7033509
0.70324856
0.69954395
0.7007386
0.7015735
0.7009596
0.70198274
0.69562113
0.6956986
0.69899696
0.6978811
0.6987186
0.6924498
0.6972608
0.6997773
0.68790114
0.69696647
0.6975103
0.6996741
0.69533974
0.686298
0.6859264
0.69149095
0.6881585
0.6855068
0.6879965
0.69372225
0.68373704
0.6808693
0.68129015
0.68913054
0.68467146
0.69123614
0.6768323
0.680513
0.6813952
0.6838283
0.6803082
0.6734225
0.678548
0.68004525
0.68190163
0.6749673
0.6753286
0.67063075
0.6737259
0.6738083
0.68028665
0.6761679
0.6791408
0.6701235
0.66695476
0.67770183
0.66668093
0.6736279
0.6771648
0.68046254
0.6710896
0.6720392
0.67171925
0.671942
0.6729487
0.6740225
0.664066
0.66413
0.66967285
0.66721505
0.6722767
0.66760397
0.66615385
0.66890085
0.669518
0.667412
0.6634569
0.6732278
0.67210627
0.6657966
0.6665316
0.66402996
0.67005
0.66047215
0.6670747
0.66596407
0.6575298
0.6651074
0.6659233
0.660231
0.66959137
0.6662914
0.6577155
0.6598705
0.6570752
0.6643231
0.66089594
0.66491175
0.6651132
0.6537699
0.66035396
0.65645325
0.6523131
0.65445673
0.6572724
0.65999186
0.6552965
0.66217065
0.659691
0.65548277
0.6486766
0.65567297
0.6425979
0.6529691
0.6463832
0.6437229
0.64383465
0.6527629
0.64858425
0.64520246
0.642468
0.6467763
0.64964646
0.648341
0.6492305
0.6468012
0.6455522
0.6540212
0.6426087
0.6575092
0.6522122
0.64403737
0.6446195
0.6493453
0.6499754
0.6514099
0.65716386
0.6493122
0.6478671
0.64230496
0.65053374
0.6520625
0.6507702
0.6422283
0.6482475
0.652213
0.6473588
0.65454084
0.6508866
0.6406663
0.64478093
0.6482201
0.6446277
0.6436494
0.64710957
0.6462605
0.6458195
0.6462494
0.6456223
0.652243
0.6482083
0.6538143
0.6418162
0.6480212
0.6439244
0.6506136
0.64515054
0.6481663
0.64992315
0.6490846
0.6459668
0.64680403
0.64999974
0.64862174
0.6418277
0.6451322
0.63591915
0.6446084
0.65223503
0.64153504
0.6450479
0.6462387
0.64514685
0.64436257
0.642547
0.6480808
0.64467525
0.6443954
0.64850414
0.64558804
0.64948773
0.64634985
0.64539444
0.64679533
0.64157516
0.63150257
0.647088
0.6304375
0.64160466
0.64002156
0.63939613
0.6396317
0.64463836
0.6465142
0.6338189
0.63863784
0.6361961
0.6317035
0.6365852
0.6348946
0.63389957
0.63634986
0.63756424
0.6335584
0.63437027
0.631915
0.6317696
0.63676155
0.6359658
0.63224864
0.6320822
0.6315976
0.6281262
0.6300941
0.63151115
0.61876726
0.6213579
0.63582367
0.62082046
0.62108165
0.62376314
0.620033
0.6190474
0.6270541
0.618849
0.62735665
0.62117267
0.6198632
0.61870044
0.6243638
0.61854565
0.62150675
0.61888593
0.62613803
0.61777246
0.6247004
0.6241925
0.6252761
0.62119025
0.6224289
0.62015754
0.61931825
0.6193186
0.6201855
0.6289353
0.6222925
0.6164844
0.62404877
0.6222944
0.62348145
0.6192169
0.61961216
0.6194263
0.6184503
0.6195225
0.62138385
0.62468237
0.6188129
0.61694
0.62122524
0.61815906
0.61630857
0.6203044
0.6163797
0.6134501
0.6137747
0.6221486
0.6173271
0.6188107
0.6174428
0.6097758
0.6168835
0.6174251
0.6183828
0.6082389
0.61001194
0.6131699
0.6185734
0.62205666
0.62557584
0.61822313
0.6156975
0.605573
0.6117418
0.6206726
0.6102644
0.6131186
0.6085303
0.6197347
0.61195326
0.61649615
0.61361766
0.61335075
0.61675465
0.6194006
0.61478883
0.61429965
0.62285316
0.61758566
0.61605996
0.61745214
0.6138818
0.6190997
0.62218255
0.6157329
0.6168992
0.61390376
0.6109609
0.6133166
0.61464113
0.6164357
0.60849214
0.6141551
0.60849845
0.61218464
0.6169793
0.6070481
0.60255563
0.60120565
0.60733443
0.6099726
0.6052646
0.60041124
0.5964167
0.5999337
0.60125846
0.6047095
0.5983062
0.59389836
0.59675217
0.6038313
0.5964596
0.5961824
0.5997027
0.5968688
0.59693253
0.5929795
0.60003614
0.5929955
0.5947838
0.594255
0.59460026
0.5944227
0.5924578
0.5845124
0.59020394
0.59431577
0.58989525
0.58755684
0.5918051
0.59136575
0.58363795
0.5847823
0.58508074
0.5843563
0.59029824
0.59741557
0.58666426
0.583844
0.58440703
0.58417016
0.58142537
0.583146
0.58319783
0.57509875
0.57430863
0.575785
0.5789771
0.5802883
0.57522625
0.5762528
0.5715523
0.5704523
0.5703451
0.57145405
0.57058984
0.56897813
0.56849325
0.574366
0.56941026
0.5721002
0.5721683
0.56744295
0.5690461
0.56707513
0.5662479
0.569697
0.5672305
0.5666282
0.57106054
0.5638921
0.56756055
0.56234264
0.5679994
0.5705594
0.56987286
0.5734036
0.56760025
0.561098
0.5717516
0.56768304
0.5660135
0.57395107
0.5657823
0.564445
0.56725436
0.56412786
0.559927
0.5607569
0.5701363
0.571691
0.56616575
0.56888694
0.57096374
0.56045014
0.5654487
0.5655334
0.56892663
0.56991464
0.56867325
0.5664555
0.5739104
0.56959486
0.56812614
0.5699977
0.56661415
0.5693897
0.5666388
0.5655476
0.57768965
0.5731529
0.58296704
0.57920414
0.56926215
0.56812006
0.5697293
0.5737363
0.5686602
0.5654352
0.57230264
0.57402635
0.56806254
0.56845635
0.5653102
0.57381225
0.570701
0.57165575
0.5670612
0.5735842
0.5769856
0.57084846
0.57305175
0.5677575
0.57300323
0.56288487
0.5686151
0.564631
0.5727724
0.5659952
0.5631867
0.56572604
0.5614949
0.564354
0.56846744
0.5656192
0.56751734
0.5641071
0.5588922
0.56756103
0.5684326
0.5673106
0.565474
0.5660212
0.5690971
0.56271225
0.55902344
0.56095994
0.55896276
0.558806
0.5642021
0.5598595
0.5599248
0.5620777
0.5573458
0.55954325
0.56100994
0.5570991
0.5577537
0.5574175
0.5620932
0.55899376
0.55738753
0.5615685
0.5502915
0.5536048
0.55799246
0.5532914
0.55438286
0.559541
0.55660343
0.5582587
0.5527452
0.56051266
0.55363244
0.5554283
0.55661577
0.55445856
0.5571958
0.5518206
0.5559434
0.55360234
0.5508808
0.55094755
0.5572394
0.5535383
0.5604233
0.5505975
0.55414283
0.5553435
0.5534361
0.5460077
0.5477266
0.5496833
0.55389005
0.5449414
0.5492145
0.5541889
0.5509553
0.5552526
0.55216974
0.55749387
0.5501036
0.5462098
0.5502729
0.56135947
0.5438886
0.5518513
0.5481499
0.55343527
0.5484707
0.54784006
0.5481391
0.55428874
0.55487424
0.54770076
0.5381265
0.5541746
0.55188805
0.554568
0.5569729
0.5489353
0.5535694
0.5529765
0.54490286
0.5542307
0.5583894
0.54963034
0.550636
0.5482617
0.5523753
0.5532764
0.55259037
0.55739576
0.5495063
0.55064905
0.55294865
0.5526155
0.5475028
0.5520452
0.54762435
0.5565173
0.5499987
0.5478691
0.5458115
0.55053824
0.5536241
0.5414851
0.5471386
0.55074877
0.5543889
0.5502968
0.55432695
0.5494385
0.54880077
0.5502563
0.54562944
0.5485744
0.5470059
0.54992336
0.54620016
0.5472991
0.5447707
0.5431242
0.54570556
0.5401954
0.5388143
0.54477525
0.5462095
0.5424209
0.5371558
0.53861296
0.54469913
0.53936267
0.5465729
0.5403518
0.53606373
0.53634673
0.5436337
0.5342296
0.5398168
0.5347289
0.5329875
0.54799134
0.5410075
0.5328209
0.5343547
0.52872944
0.53320396
0.524286
0.5285995
0.52936476
0.5311567
0.5317868
0.52335143
0.53036
0.52679276
0.52390105
0.5228218
0.5260572
0.5212469
0.5218332
0.5225374
0.5245895
0.5177958
0.52254015
0.521828
0.52372766
0.51864105
0.5218087
0.51853955
0.52054626
0.5176318
0.51968646
0.51728255
0.5143096
0.51226103
0.5181752
0.521134
0.5190303
0.51114196
0.5155862
0.510708
0.520492
0.5118334
0.51124936
0.5124509
0.5181564
0.51471895
0.5087201
0.5124926
0.50896114
0.5040504
0.50936615
0.50451165
0.50648355
0.5082215
0.50841093
0.50795144
0.50884175
0.50687593
0.50922203
0.5072463
0.50831515
0.50242347
0.500828
0.5046065
0.50435376
0.50461453
0.5087714
0.50790703
0.50853056
0.5073171
0.50668776
0.5021708
0.50847536
0.50501364
0.502046
0.50702894
0.50014013
0.494788
0.50123155
0.5001421
0.5032968
0.50477284
0.5030222
0.5016575
0.4990835
0.5004658
0.4991219
0.49855268
0.49833784
0.49889702
0.49158052
0.5002041
0.49399534
0.49978283
0.49519545
0.49708813
0.49393338
0.50711435
0.4995162
0.497486
0.4966196
0.49600324
0.49188772
0.49687463
0.49700442
0.50628966
0.4950908
0.4968109
0.49801174
0.49806118
0.50014645
0.5010387
0.49586663
0.5031674
0.4961612
0.49748954
0.5001866
0.4993849
0.5049568
0.5012925
0.5016411
0.49917614
0.49679273
0.49171865
0.50334585
0.50087225
0.5016163
0.5041941
0.5037984
0.4994614
0.49712035
0.4990823
0.5015275
0.5054952
0.5016709
0.50318843
0.5056262
0.50091213
0.5019961
0.5041215
0.5002698
0.5072154
0.49791545
0.501961
0.49487835
0.49497497
0.5029978
0.4911072
0.50560695
0.5039878
0.49894693
0.49569216
0.50417155
0.49852294
0.49894828
0.4970043
0.4977669
0.49454594
0.49596834
0.49991596
0.4934725
0.483644
0.49202842
0.49619588
0.49235728
0.49175796
0.4864582
0.49365062
0.49437943
0.4919572
0.4902391
0.48957357
0.48847094
0.48711148
0.488542
0.49148598
0.49316603
0.49356127
0.4933732
0.4862245
0.49076715
0.48759457
0.49098375
0.48762614
0.49479473
0.4875063
0.48278686
0.48489976
0.48319644
0.48071083
0.48578152
0.48563156
0.4795364
0.48018807
0.48615068
0.48305568
0.472538
0.47986716
0.47352418
0.4777128
0.47570112
0.48458868
0.48021322
0.48436782
0.47239587
0.47954872
0.4822319
0.4803001
0.4797392
0.47259268
0.47882625
0.47752056
0.47485283
0.48128542
0.47149143
0.47689766
0.47349638
0.4753295
0.48150155
0.47363314
0.47867927
0.47465283
0.4774053
0.47527754
0.47517648
0.4781127
0.4838259
0.4761036
0.47862357
0.4674677
0.47001097
0.46705982
0.476126
0.4730241
0.46740764
0.48143432
0.47431567
0.47489744
0.4699977
0.47388574
0.46941158
0.4772148
0.47362968
0.47439215
0.47309235
0.47621036
0.46603087
0.4695734
0.46540904
0.46932998
0.46549872
0.47090122
0.47590697
0.4728766
0.47173336
0.47272325
0.46763167
0.47446805
0.4696395
0.46613127
0.46385008
0.4745281
0.471243
0.46384135
0.46817443
0.46854252
0.46732283
0.468744
0.46066976
0.47237036
0.4614117
0.45843792
0.4720231
0.4706544
0.47116926
0.47057554
0.4635139
0.46052128
0.47038195
0.46867606
0.4645493
0.45725703
0.46363506
0.4651364
0.46252334
0.46272635
0.459646
0.45955217
0.45845783
0.46556035
0.46291032
0.45302203
0.46464747
0.46334314
0.45920295
0.46485552
0.46244067
0.45721984
0.4653962
0.45805562
0.46158132
0.4623264
0.4629352
0.46228886
0.46468183
0.46206728
0.45651776
0.46384236
0.46439707
0.46201822
0.4657212
0.46119964
0.46138382
0.46139032
0.46444747
0.46616912
0.46551827
0.46713644
0.458519
0.46435955
0.4683122
0.4657856
0.46127713
0.45954108
0.46581653
0.46392268
0.46207434
0.45710203
0.45892042
0.45128524
0.45695928
0.4661029
0.4576134
0.45667216
0.45229584
0.4555133
0.45560375
0.45972767
0.45381853
0.45919898
0.45610014
0.45642385
0.45542362
0.46184212
0.44846472
0.45547825
0.4478828
0.45605764
0.4537268
0.45210066
0.44602188
0.4562219
0.45153874
0.4540087
0.455982
0.44809607
0.4515292
0.45266813
0.4558467
0.45340806
0.45998564
0.4511019
0.4521502
0.45264873
0.45783722
0.45359948
0.45072863
0.4484134
0.4469212
0.44621277
0.45256644
0.4542789
0.45393628
0.4511404
0.44669887
0.44456676
0.45381117
0.44809183
0.4536281
0.449007
0.44783345
0.44915387
0.44991544
0.45078012
0.4481422
0.4498001
0.4498147
0.45074114
0.44672
0.45162088
0.4493148
0.4483906
0.44462204
0.446193
0.44631553
0.44740304
0.44387007
0.4467391
0.4469455
0.45059153
0.44879365
0.4428329
0.4485848
0.4428926
0.44510671
0.44893873
0.44098535
0.44602436
0.44631892
0.4493185
0.44924977
0.44404486
0.44391358
0.44281623
0.4487909
0.44813192
0.44566703
0.44111004
0.44332254
0.4438948
0.44682816
0.44919518
0.442745
0.44877967
0.44355702
0.4488176
0.44197425
0.43792987
0.44382226
0.43763673
0.44583932
0.43681517
0.43976417
0.4368347
0.44434214
0.44229582
0.4344443
0.44011313
0.43585375
0.4389496
0.44264776
0.43667778
0.4424169
0.43429735
0.43607694
0.4378751
0.4368363
0.44074863
0.4372487
0.44744822
0.44111314
0.44144753
0.43786177
0.4350746
0.4394417
0.43906188
0.4346945
0.44353414
0.44267344
0.44067463
0.43977967
0.4461679
0.4410311
0.44338372
0.43263772
0.43978867
0.44046596
0.43651816
0.43878347
0.4380594
0.4383294
0.44455603
0.44208047
0.44250146
0.4451129
0.44096795
0.43773592
0.4358508
0.4388609
0.4363898
0.4437129
0.44587877
0.43768492
0.43241507
0.4346803
0.43031698
0.43546695
0.43224505
0.43569916
0.43792346
0.43649653
0.43289024
0.43303883
0.43759298
0.43821836
0.43985006
0.43591827
0.43239665
0.42958796
0.43346888
0.4282411
0.43028656
0.43016425
0.43240994
0.43015802
0.42979676
0.4340548
0.4313499
0.42940277
0.43500146
0.42991412
0.43679714
0.42812613
0.43212384
0.4281529
0.43260092
0.43678823
0.4310413
0.42724794
0.42848176
0.42960235
0.4310359
0.4323003
0.43478292
0.425083
0.4308499
0.42731637
0.42583686
0.4324157
0.42797586
0.4272039
0.4215859
0.4279039
0.42330068
0.42293963
0.42013577
0.4213814
0.42375743
0.42147756
0.41716373
0.42106727
0.42335016
0.4216578
0.42106152
0.41750386
0.42299846
0.41940826
0.4116476
0.42194456
0.41400436
0.4125708
0.419449
0.42194977
0.4261153
0.4209743
0.41379932
0.41920212
0.4151761
0.42199787
0.4205653
0.41602772
0.42211908
0.41168797
0.41732526
0.42012313
0.42131826
0.42230526
0.41652447
0.42661092
0.41932172
0.41331005
0.4176085
0.41907543
0.4173885
0.4173966
0.41843036
0.41563365
0.4149814
0.414274
0.41711652
0.42065024
0.41276777
0.4112806
0.40964577
0.4188645
0.41443253
0.4148577
0.4125963
0.4114243
0.4077269
0.42149448
0.41334006
0.41986686
0.41335273
0.4174258
0.41161612
0.41814435
0.42367825
0.4107727
0.41971514
0.41831058
0.41671047
0.41263542
0.41542783
0.41765913
0.4186508
0.4163897
0.41996437
0.41959637
0.41972026
0.41572854
0.41595018
0.4124941
0.41511622
0.41239214
0.41189137
0.4106401
0.4146016
0.41235447
0.41289565
0.41398522
0.40497297
0.41644192
0.41044027
0.40560642
0.41563553
0.40240213
0.41066954
0.41016498
0.40915108
0.41299677
0.40801945
0.40719813
0.4116408
0.408681
0.40849695
0.4084176
0.4069643
0.4106665
0.40744856
0.41194463
0.40731174
0.40253103
0.40676585
0.40905198
0.41161448
0.4053393
0.4127164
0.40534696
0.40832064
0.40728942
0.4025825
0.40981415
0.4036469
0.4058521
0.4080908
0.40693712
0.4042444
0.40782133
0.40681905
0.40549725
0.4074871
0.40242717
0.40679505
0.40246361
0.40715426
0.4062476
0.4025948
0.40159896
0.4021971
0.40624923
0.40003702
0.40225235
0.40100935
0.40466094
0.3975517
0.4019998
0.40282074
0.40374207
0.39484257
0.40335646
0.39890042
0.39764106
0.39916745
0.4038999
0.3979542
0.3967112
0.39625221
0.39266104
0.39597535
0.40168586
0.40196878
0.3998984
0.39452302
0.3985889
0.40932876
0.39837095
0.3979026
0.40239668
0.39887536
0.40017506
0.40066934
0.4013514
0.3956178
0.4006518
0.3922649
0.39560622
0.39723074
0.39275163
0.39853907
0.39064825
0.38923514
0.39086553
0.39715135
0.3906527
0.39534724
0.39150038
0.39341575
0.3929692
0.38950622
0.3926661
0.38792884
0.39167333
0.39543355
0.3938271
0.3957147
0.3933508
0.39241087
0.387311
0.39552835
0.38621536
0.3927056
0.38820112
0.39659736
0.3938369
0.38568425
0.39412335
0.3928045
0.39184076
0.3988485
0.40024856
0.39721543
0.39900187
0.39120957
0.3935312
0.39077702
0.39428744
0.39422652
0.39613408
0.3962333
0.39567605
0.3928718
0.3970261
0.38815138
0.3901664
0.38913587
0.3880232
0.391848
0.39153633
0.38823983
0.3895236
0.39384943
0.38636816
0.39557981
0.38978243
0.38983873
0.39148244
0.3935741
0.3878735
0.39492503
0.38877228
0.38530913
0.38593388
0.3846686
0.38848266
0.39004353
0.3858508
0.3928423
0.38561848
0.38370115
0.3781625
0.38392097
0.38086715
0.37896767
0.3771375
0.38433897
0.3820334
0.38226086
0.3796491
0.38151225
0.38105732
0.37408167
0.37608054
0.3729055
0.37511238
0.37944946
0.38012573
0.37971961
0.37416404
0.37763485
0.3730794
0.37604946
0.37227923
0.37500516
0.3778919
0.3713755
0.37421817
0.36635247
0.37181246
0.36944076
0.37086305
0.37269622
0.38146985
0.3691299
0.3752181
0.3763282
0.36979526
0.37061578
0.3732878
0.3747135
0.36771536
0.3748952
0.3697693
0.3690634
0.37552845
0.37260768
0.36655664
0.36816904
0.36639866
0.37316567
0.36875027
0.36891928
0.37550366
0.36868662
0.37320033
0.36625475
0.36873418
0.36585596
0.36561966
0.3688372
0.37136596
0.36715302
0.36407495
0.36349085
0.3648587
0.3671023
0.36455616
0.36698583
0.36848196
0.36729687
0.3662849
0.37322342
0.365984
0.37192747
0.37164304
0.36455235
0.36517283
0.36447713
0.37277755
0.3674672
0.36846676
0.36701664
0.3637279
0.36815226
0.3673517
0.3643619
0.3714138
0.36982113
0.3703063
0.37246248
0.36776647
0.3650757
0.3691729
0.3609795
0.36424106
0.36038476
0.36582667
0.365781
0.3685772
0.3699622
0.371842
0.36180842
0.36206326
0.36594033
0.36744955
0.36812937
0.36561158
0.36756366
0.37230188
0.3627771
0.36977357
0.3639447
0.372214
0.36568275
0.36808088
0.3699023
0.36847997
0.37187296
0.36784846
0.36300042
0.37711516
0.3726894
0.36905184
0.37512484
0.37351206
0.36744794
0.3651929
0.36905637
0.37203145
0.3636411
0.3701662
0.3739512
0.37397468
0.36943883
0.36301014
0.36958674
0.36361155
0.37034053
0.3662047
0.37629822
0.37208116
0.3663017
0.37132287
0.36868703
0.3690436
0.36385623
0.3734458
0.3625982
0.36616406
0.36710575
0.37149256
0.36982614
0.36660022
0.36900294
0.3709058
0.36740202
0.37063795
0.366682
0.36711964
0.36229277
0.3673247
0.3661765
0.3621773
0.3638546
0.36468348
0.37084827
0.36472553
0.36705786
0.36756217
0.3642592
0.36509427
0.36137676
0.36621812
0.36457512
0.36333433
0.36361653
0.35790983
0.36593744
0.3627948
0.3609893
0.36118305
0.3621154
0.3634114
0.36331978
0.36779323
0.3608749
0.36396503
0.365271
0.36454418
0.36229083
0.35721797
0.36253914
0.36145896
0.36343208
0.36112565
0.35992855
0.36684385
0.3695302
0.36643872
0.36561218
0.3621144
0.359604
0.35893902
0.36652076
0.35982713
0.36216092
0.36411926
0.36198187
0.3645108
0.3665644
0.35531312
0.36171252
0.3633296
0.36377037
0.36459973
0.3628516
0.36204413
0.36456943
0.35877684
0.3609517
0.35753953
0.36204812
0.36172205
0.36458206
0.36196694
0.357057
0.35437822
0.3588708
0.3560354
0.3582029
0.35820118
0.35588855
0.3538722
0.35689533
0.3532082
0.35131425
0.3534098
0.3546808
0.3549458
0.35336587
0.34837553
0.35566416
0.3461849
0.34979254
0.34684294
0.35400498
0.35219827
0.34335986
0.34854394
0.34791514
0.35086593
0.3445984
0.34815156
0.351725
0.34497523
0.35375878
0.34817004
0.34324783
0.3502995
0.34705776
0.34692666
0.3528707
0.34787506
0.3414167
0.3476618
0.35234973
0.35094452
0.34626284
0.34826458
0.35717425
0.35408324
0.34926274
0.35179883
0.3456253
0.34608626
0.34508553
0.3506846
0.34063208
0.35063237
0.35140336
0.3449469
0.3459963
0.34304735
0.34521443
0.35057157
0.34884673
0.34284917
0.3543452
0.34571654
0.3548765
0.3463256
0.34808877
0.3472647
0.35132596
0.35104764
0.3477751
0.34397757
0.3404905
0.3534581
0.3478932
0.3467535
0.34713376
0.34925026
0.3475161
0.35628438
0.35233402
0.35111666
0.34702313
0.3435468
0.3430121
0.35271534
0.35084245
0.34882754
0.34903547
0.34843293
0.34830004
0.34777158
0.34901196
0.34914517
0.34680587
0.34935918
0.35242185
0.34682196
0.35731748
0.35384554
0.35628217
0.3485768
0.35120407
0.3481271
0.35071865
0.35206372
0.3443332
0.34480044
0.34578687
0.35421056
0.3498748
0.34837744
0.34606236
0.3504905
0.3513779
0.35069108
0.34318522
0.3477125
0.34407473
0.3468501
0.34333193
0.3440961
0.3493268
0.34292552
0.3430001
0.339151
0.348332
0.34036267
0.3440075
0.34483308
0.34761256
0.3482896
0.34296873
0.35134673
0.3453324
0.34903514
0.35273448
0.35283217
0.34338564
0.3463899
0.34546974
0.34710315
0.34725457
0.3446587
0.35107225
0.35338044
0.34942552
0.35084423
0.34801334
0.3449988
0.34443697
0.3468915
0.35304138
0.34310037
0.34918103
0.3495462
0.3483294
0.3499846
0.34389538
0.34766752
0.3381474
0.3424906
0.3419576
0.34350765
0.34433886
0.33974642
0.34309056
0.3395781
0.33856988
0.3340326
0.33724123
0.33959615
0.33459502
0.33717057
0.33853322
0.33888528
0.33399034
0.33589754
0.33709913
0.3370617
0.3345994
0.33048093
0.33759627
0.334704
0.33225554
0.33165205
0.33482766
0.33388653
0.3342908
0.32918486
0.33535707
0.33457857
0.33375156
0.33021763
0.32772422
0.3340553
0.33260217
0.3343803
0.33035523
0.33060685
0.33083668
0.3353364
0.32905328
0.32883608
0.33100513
0.328955
0.33068943
0.3256452
0.32953936
0.3304932
0.33661926
0.33280158
0.3312751
0.3302014
0.3274672
0.32725567
0.32920516
0.32879788
0.32972154
0.32877186
0.32551613
0.33246714
0.32501712
0.32843786
0.32507545
0.33484727
0.33052167
0.330103
0.33083913
0.32753035
0.33151382
0.32820633
0.33227146
0.33283144
0.32466215
0.32692814
0.3206588
0.3275326
0.32365552
0.32622966
0.3287594
0.32078487
0.32702115
0.33236006
0.3262962
0.32446924
0.32437733
0.32069838
0.31867933
0.32244444
0.3232043
0.320327
0.32771364
0.32147855
0.32389608
0.32001448
0.32417488
0.31546926
0.32126337
0.31988028
0.3161397
0.31586072
0.316568
0.3192589
0.32034475
0.31871626
0.32234496
0.31642452
0.3195639
0.31472892
0.31573775
0.31922576
0.31305167
0.31840703
0.3179531
0.32129726
0.31843618
0.31122884
0.31878927
0.3179789
0.31503797
0.31509328
0.31500357
0.31423202
0.31230396
0.31626838
0.31868687
0.31712118
0.31253684
0.31975937
0.31061256
0.31188795
0.31344917
0.3179684
0.31372994
0.3139147
0.31282178
0.3118882
0.31450507
0.3110384
0.3154044
0.31453538
0.31434542
0.31542495
0.31341577
0.3142901
0.31277075
0.3107504
0.31159663
0.31441504
0.31674567
0.3100429
0.31097388
0.32406268
0.31504762
0.3199287
0.3135375
0.31804872
0.31574225
0.31024796
0.3131217
0.3138948
0.317051
0.31934127
0.3135652
0.3098039
0.31151974
0.3157803
0.30970877
0.31630072
0.3130207
0.31592822
0.3107763
0.3165327
0.3162492
0.31147048
0.31496006
0.31150183
0.31535795
0.31424654
0.3176387
0.31562412
0.3185258
0.32346812
0.3139882
0.31410888
0.31614643
0.31566498
0.31669128
0.31350458
0.3211707
0.31636494
0.31261653
0.3123842
0.3152492
0.3156735
0.31742024
0.3144768
0.31886142
0.31476355
0.3176089
0.31293276
0.3160257
0.31502798
0.31474665
0.32010224
0.31126386
0.3148386
0.3163283
0.32013023
0.31719676
0.32705313
0.32311955
0.3176327
0.31556344
0.32118034
0.3213511
0.3229438
0.31612408
0.3198033
0.3212867
0.32403344
0.3190598
0.31533387
0.31810024
0.32396144
0.31951052
0.32805106
0.3159673
0.31899506
0.3160637
0.31316462
0.32110316
0.32133448
0.3124897
0.31813398
0.31417394
0.3128716
0.31244335
0.31483606
0.31415665
0.3188669
0.31105438
0.31184572
0.31835228
0.31910294
0.31227395
0.32067126
0.3172564
0.32105407
0.31473318
0.31341484
0.31798327
0.32003966
0.31493646
0.30939427
0.3170028
0.313329
0.31563488
0.3111854
0.3126293
0.31242722
0.3140975
0.31530043
0.31299073
0.31725347
0.3118213
0.30513093
0.31332788
0.309239
0.31592712
0.31043103
0.31554058
0.32316828
0.31496084
0.31276476
0.31069458
0.31763485
0.31279302
0.31664225
0.31641865
0.30941784
0.31576574
0.31321
0.3160734
0.31366172
0.3165639
0.3136449
0.319086
0.31759772
0.3076682
0.31628034
0.31325862
0.3140777
0.31222063
0.32626668
0.31537938
0.3111609
0.31375834
0.31513807
0.31240645
0.31096762
0.3149285
0.31710654
0.31729
0.3153584
0.31363827
0.30944866
0.3214342
0.3087525
0.31960908
0.3154159
0.31600073
0.3145948
0.31642672
0.31432527
0.31481406
0.31485027
0.3136367
0.31280264
0.31187198
0.3121851
0.30721584
0.30174017
0.3089342
0.30753368
0.3117182
0.31156448
0.31542754
0.31292063
0.3122782
0.30830985
0.31228113
0.31115508
0.3059364
0.3038906
0.30970156
0.30513033
0.3124932
0.30293208
0.30467927
0.31246656
0.31276906
0.30599296
0.3060623
0.30731896
0.30314058
0.3079732
0.31246892
0.3119728
0.3049471
0.3065128
0.30549952
0.3143258
0.30558348
0.30975604
0.31333774
0.30836794
0.3136743
0.30684647
0.30712157
0.3072631
0.31014457
0.307429
0.30562308
0.30397022
0.31144056
0.30493513
0.3041358
0.30487514
0.30612057
0.31079862
0.30543065
0.30299276
0.30106416
0.30265352
0.2988533
0.30157897
0.30125356
0.2968261
0.3007959
0.2961892
0.30085635
0.30247447
0.29528183
0.30183026
0.2994813
0.29789397
0.29620093
0.29520658
0.2970596
0.3014061
0.2920616
0.2979278
0.29804096
0.29870304
0.29796383
0.30054525
0.2959875
0.29225233
0.29012117
0.29734042
0.29123297
0.2899583
0.28879005
0.294852
0.29354975
0.29482704
0.29066166
0.29259378
0.2935429
0.292329
0.29456338
0.2902204
0.29020682
0.2946366
0.29385832
0.29041117
0.29136568
0.288571
0.29186687
0.28452766
0.2902844
0.29426408
0.28798655
0.28572932
0.2932251
0.285608
0.29310676
0.29092515
0.2926698
0.29849288
0.28763193
0.2894945
0.2901926
0.29390982
0.29002854
0.29377392
0.29256102
0.29293716
0.29306716
0.2946056
0.30025852
0.2917797
0.29388735
0.2907188
0.28878984
0.29437762
0.2895094
0.29053524
0.2862287
0.29117835
0.2951154
0.28942943
0.29306674
0.2920203
0.29232112
0.29215938
0.2928199
0.28758234
0.29027826
0.29348552
0.29538432
0.2876212
0.28480625
0.28853515
0.29175422
0.2908443
0.2895196
0.285558
0.28832316
0.28710914
0.2845005
0.28961396
0.28258634
0.28322008
0.28018185
0.27965605
0.28290617
0.2837961
0.2872007
0.28368774
0.2813374
0.2805992
0.2754488
0.27743143
0.2788147
0.27527976
0.28063002
0.2807651
0.27412942
0.27798462
0.27586403
0.27600285
0.27355698
0.27657515
0.2780182
0.27284867
0.274372
0.27139488
0.27408764
0.2807507
0.27011904
0.28400323
0.27676558
0.2772576
0.27879566
0.27348217
0.27586728
0.27614966
0.27645493
0.27454227
0.27577484
0.2783508
0.27813515
0.27571964
0.27512512
0.27760276
0.2724715
0.2733068
0.27620447
0.28030375
0.27192867
0.2769366
0.27621084
0.28431723
0.2690131
0.26975968
0.27318665
0.27537203
0.26533392
0.2709134
0.27339154
0.27018756
0.2682842
0.27906853
0.2704446
0.2674775
0.2723215
0.27428544
0.27534837
0.268735
0.26266775
0.27111572
0.26652926
0.26814255
0.27201098
0.26792768
0.2703472
0.26992947
0.27490464
0.27504218
0.2633227
0.2674248
0.2739475
0.2713241
0.2775258
0.27244654
0.27319822
0.27600375
0.27067736
0.27032217
0.2704888
0.26970628
0.2742268
0.27004763
0.26661244
0.26589248
0.27489075
0.26590666
0.27296376
0.2682775
0.2659588
0.27129295
0.2710867
0.2681428
0.27207074
0.26783085
0.27185604
0.2622577
0.2700413
0.27026388
0.26650745
0.26505473
0.27393723
0.27244803
0.27214506
0.2680521
0.26745757
0.27135378
0.26893744
0.2768666
0.27124485
0.26884052
0.27695602
0.27550143
0.27453443
0.27536187
0.264438
0.27453542
0.2736125
0.27122363
0.2744339
0.26762936
0.26545525
0.27107957
0.27214432
0.2718419
0.2689372
0.26438805
0.2717967
0.2726885
0.27237332
0.27486014
0.27078578
0.27070805
0.2698662
0.2726281
0.26358214
0.26332504
0.26722702
0.2684155
0.27581218
0.27671477
0.27100468
0.2726059
0.2719032
0.26417702
0.27375907
0.2654749
0.26954433
0.26961854
0.27128193
0.26733002
0.26733434
0.27225897
0.26937157
0.27401134
0.26448223
0.26880533
0.27227414
0.26984063
0.26104283
0.27027684
0.26871896
0.262462
0.26706764
0.265195
0.26414296
0.26293433
0.26192272
0.2599762
0.26958692
0.2669044
0.2684031
0.2705043
0.26677763
0.26543105
0.26129735
0.26215455
0.26244336
0.25791574
0.2629898
0.25856546
0.25895226
0.26760626
0.2564986
0.26452282
0.25661215
0.2550096
0.26037422
0.25195548
0.26105633
0.2561161
0.25726992
0.25300187
0.25583342
0.25393915
0.25197634
0.25350702
0.25414354
0.25418946
0.25159928
0.2618638
0.2515935
0.25593734
0.2574704
0.24913402
0.24775659
0.25249526
0.2532244
0.25100964
0.25017464
0.25646523
0.25181502
0.24839638
0.25552016
0.2531989
0.25339553
0.25128886
0.24489222
0.24865909
0.25051156
0.24919374
0.24665707
0.2525985
0.24696702
0.24693458
0.24649836
0.24451722
0.24865282
0.24506588
0.25043216
0.24461101
0.24700631
0.24655174
0.25050655
0.24970314
0.24547593
0.24830513
0.25660908
0.24698125
0.2515752
0.24385715
0.2399734
0.24401376
0.253906
0.24570979
0.24987328
0.24777088
0.25177646
0.24706662
0.24207151
0.25011352
0.24584392
0.24447094
0.24854031
0.24527845
0.24261372
0.24169938
0.24709113
0.24913456
0.24195422
0.24986675
0.24945514
0.24855863
0.24589695
0.24202819
0.23971589
0.24495257
0.24793056
0.24959314
0.24628244
0.24725991
0.25200355
0.24984077
0.2527697
0.24220325
0.2435854
0.24887994
0.2555067
0.24360004
0.24717858
0.24585651
0.25048608
0.24901374
0.25163722
0.24964662
0.25254723
0.25206703
0.2516339
0.251497
0.25031015
0.2483112
0.24986222
0.25196823
0.24902819
0.24573645
0.24780102
0.25351116
0.24797538
0.2450404
0.25250316
0.24898298
0.2561049
0.25419655
0.2562351
0.24836178
0.24960306
0.25130445
0.25251773
0.2530269
0.2477282
0.25854218
0.2550936
0.2528668
0.25275502
0.25186962
0.25138348
0.24764495
0.25475875
0.2457524
0.24803512
0.24268128
0.25787374
0.24650627
0.24916902
0.24475491
0.24352194
0.2503632
0.24582395
0.23922102
0.23809071
0.24654303
0.24512298
0.2460871
0.24240217
0.249545
0.24742776
0.24530981
0.24600933
0.24295874
0.24141897
0.23906446
0.24242781
0.25079453
0.24723096
0.25415727
0.2527338
0.24234855
0.24750423
0.25269005
0.24309243
0.24280289
0.24744841
0.24219894
0.2470334
0.2468142
0.24463591
0.24879657
0.24812715
0.23668
0.24902853
0.24272253
0.24283457
0.23853223
0.24492131
0.24443676
0.2461899
0.24001679
0.23631674
0.23588912
0.2404659
0.23922177
0.23725906
0.24362148
0.23715329
0.23910402
0.23233524
0.23476082
0.2285431
0.23246069
0.23219283
0.23472938
0.2331882
0.23364778
0.23074214
0.23973423
0.23689947
0.23965159
0.23614669
0.23328047
0.23428798
0.23451288
0.2404714
0.236615
0.23240374
0.23345634
0.23760454
0.234911
0.23037454
0.23476888
0.2364002
0.23488347
0.23828873
0.24131691
0.23520714
0.23908427
0.23678516
0.23334843
0.23275393
0.23748247
0.23622294
0.2381458
0.23605162
0.24033047
0.24258338
0.23189121
0.23569
0.24089889
0.24345815
0.23557384
0.2433196
0.23321104
0.23877187
0.24233292
0.23673521
0.2390192
0.2451016
0.24647531
0.2388489
0.23977897
0.23668867
0.2329295
0.23472708
0.23359063
0.24500202
0.24503271
0.23816533
0.24351227
0.24001394
0.24089248
0.23818882
0.2368466
0.24311665
0.24511603
0.23431152
0.23698023
0.24467082
0.24254274
0.24169993
0.24246377
0.23701826
0.23871046
0.24117592
0.24575384
0.24037588
0.23883145
0.238184
0.24177743
0.24463363
0.23709215
0.2356489
0.23887427
0.2425088
0.23904347
0.23858297
0.24431056
0.24075285
0.23930788
0.2349161
0.24079604
0.23807108
0.23135096
0.23742315
0.23669581
0.23710139
0.23223437
0.24349996
0.23721159
0.23689789
0.23541385
0.23479271
0.23414738
0.24232793
0.23226161
0.23618299
0.23356946
0.23517413
0.2406219
0.23683107
0.23199925
0.23899686
0.23705043
0.23620239
0.23847906
0.23690347
0.23772807
0.23443505
0.23963504
0.2428544
0.23923743
0.24522653
0.22928572
0.23601678
0.23685361
0.2388609
0.23635067
0.24056365
0.2357792
0.23340735
0.22818331
0.2362905
0.2345961
0.23561272
0.23474129
0.23434319
0.23579204
0.23696932
0.23359537
0.23600982
0.23220897
0.23474035
0.23186466
0.23707393
0.23354402
0.23554383
0.23781173
0.23668192
0.23997359
0.23428343
0.23956499
0.24660933
0.24126793
0.24107407
0.23714228
0.23262526
0.23045987
0.23147886
0.2334736
0.2378859
0.23708667
0.23902704
0.22979224
0.23632823
0.24128416
0.23678799
0.2438577
0.23789646
0.23430254
0.23319343
0.2296952
0.22985844
0.23515922
0.23398016
0.23508082
0.22939113
0.22354291
0.22943008
0.23127325
0.23368742
0.23218974
0.22620113
0.22920409
0.22510338
0.2318727
0.22869225
0.22462599
0.22606307
0.22495197
0.2264512
0.22920237
0.22470245
0.22725704
0.23359238
0.22616614
0.22467719
0.22024731
0.2261413
0.2321842
0.2215325
0.23438875
0.22899376
0.23269726
0.22726513
0.2243384
0.2253363
0.22810408
0.23752823
0.22986752
0.22615097
0.22994538
0.23502588
0.22308648
0.22414568
0.2291721
0.22774105
0.2291446
0.23191851
0.22541013
0.23365583
0.23257019
0.22942518
0.23044713
0.22567686
0.2281151
0.22678258
0.2362514
0.22487691
0.22924311
0.22321945
0.22586823
0.2275788
0.22443599
0.21898629
0.22150508
0.22536078
0.22309893
0.223467
0.2236264
0.22380187
0.23619576
0.22247472
0.22694108
0.22412185
0.22309344
0.2276859
0.22847165
0.22520076
0.22530706
0.2304278
0.22850019
0.2258243
0.21643287
0.2263049
0.22098553
0.22412314
0.23193808
0.21927619
0.22239426
0.22740379
0.22206277
0.21640985
0.2208044
0.2292968
0.220019
0.22783898
0.22414663
0.22274318
0.22541538
0.22254056
0.22408283
0.22574055
0.21775033
0.214971
0.22099684
0.22469832
0.2233447
0.22629717
0.22557539
0.22458498
0.2239921
0.22501661
0.2258015
0.21873806
0.22751474
0.22248481
0.2231798
0.22349334
0.21800023
0.22298753
0.22774118
0.2216041
0.21908848
0.21301384
0.220031
0.22158557
0.21573943
0.2212244
0.21655305
0.21860859
0.21895926
0.22220755
0.22402862
0.219902
0.21730426
0.22143076
0.22201312
0.22267313
0.21779756
0.22041908
0.21983829
0.22992949
0.22180016
0.22054344
0.21820953
0.22035544
0.22068585
0.22216569
0.22235039
0.21639188
0.22352386
0.21522903
0.22311375
0.21996814
0.22021428
0.22380763
0.21852812
0.22322771
0.2257802
0.22174563
0.22685882
0.21945985
0.22051138
0.22679251
0.22027563
0.22571105
0.21857853
0.21894246
0.2178891
0.22189668
0.22293738
0.22065718
0.2223052
0.22091188
0.22596082
0.22737427
0.21903068
0.21905436
0.22582448
0.22044972
0.21647309
0.22037543
0.21731007
0.21226585
0.21633999
0.21794233
0.21807986
0.22266707
0.21662088
0.21427773
0.22796112
0.21786675
0.22048104
0.21630622
0.21975946
0.20980483
0.21996088
0.21325792
0.21472909
0.21554282
0.21501604
0.22290106
0.2134003
0.21849397
0.21166195
0.21908145
0.20737354
0.2241005
0.2057366
0.21106014
0.2143508
0.21124348
0.21684767
0.21708429
0.21632005
0.21082842
0.21352352
0.20792145
0.21496706
0.21112779
0.21642083
0.2179352
0.20986454
0.21507421
0.21140793
0.20654497
0.2136823
0.21362402
0.2128931
0.20546608
0.21054476
0.2147019
0.21536314
0.2156117
0.20698065
0.21445559
0.20978737
0.20744401
0.21355599
0.21375631
0.20957229
0.20940185
0.21276876
0.21179526
0.21011907
0.21116588
0.21182199
0.20864421
0.21023078
0.2107722
0.20828901
0.21107271
0.20509209
0.2089691
0.20736037
0.21160063
0.21370818
0.20933111
0.2099447
0.20618984
0.20449328
0.2097415
0.21024205
0.20051588
0.20470087
0.20545197
0.20526718
0.20672488
0.20911796
0.2101019
0.21015224
0.20558195
0.21226323
0.20308203
0.20604645
0.21473332
0.20630145
0.20616104
0.20842077
0.2079639
0.20919721
0.20416139
0.21219687
0.20661691
0.20508859
0.20397827
0.21105984
0.19950332
0.2041424
0.20560436
0.20681071
0.20598367
0.20214912
0.20134597
0.20235485
0.1991495
0.20344734
0.20069896
0.19990447
0.19921726
0.20509234
0.20415807
0.20411855
0.20604627
0.2003295
0.20176908
0.19901851
0.2038893
0.20325242
0.20553732
0.19749473
0.20508927
0.19459634
0.19675726
0.20277394
0.20486566
0.19350581
0.20106968
0.20451638
0.20436127
0.20379604
0.20407823
0.199319
0.20093492
0.20030037
0.20040162
0.19739
0.20289324
0.20183457
0.19702521
0.2042901
0.19887088
0.20466782
0.19644465
0.2030458
0.20337395
0.20401509
0.19992411
0.20035948
0.19834226
0.2085953
0.1977822
0.19367896
0.19484808
0.19994569
0.19838841
0.19526781
0.19958718
0.20229355
0.19988538
0.2021997
0.20102622
0.20039038
0.20361207
0.2031131
0.19478641
0.1965327
0.19990283
0.19397832
0.19624329
0.19647574
0.19750436
0.2015243
0.19558935
0.20195092
0.19909453
0.1975009
0.20459254
0.2005049
0.19386978
0.19606948
0.19240324
0.19322807
0.19307804
0.19699916
0.1984792
0.19830881
0.2027724
0.19595115
0.19922353
0.19608396
0.19465733
0.20177723
0.19761157
0.19334087
0.19238307
0.19068907
0.1939749
0.19629811
0.19765602
0.1971832
0.19369344
0.19286229
0.19215551
0.19120294
0.18488397
0.19289134
0.19102949
0.19312513
0.1895376
0.19642054
0.18971862
0.18660896
0.19936506
0.19260085
0.18777546
0.18927044
0.19056694
0.18320759
0.18762696
0.19288418
0.18666363
0.1867851
0.1856123
0.19008087
0.18642388
0.18942647
0.1919144
0.18531784
0.18854448
0.18881841
0.18158627
0.18805517
0.18955778
0.19073798
0.1878394
0.19022837
0.18603213
0.18350373
0.18539485
0.18140528
0.18707094
0.18786688
0.18513872
0.18854983
0.19087808
0.18253812
0.1893461
0.18408047
0.18537661
0.1847699
0.1884807
0.1866256
0.18631458
0.19271474
0.18048339
0.18801449
0.17955834
0.18541203
0.18877004
0.18398407
0.19417588
0.18401688
0.18188308
0.18316309
0.18075213
0.18182099
0.18748721
0.18619645
0.18718569
0.18380582
0.1862181
0.18405652
0.19342883
0.18498792
0.1791523
0.18500611
0.18074507
0.18746428
0.17809798
0.17624938
0.18101357
0.18465523
0.18521906
0.18602084
0.1819151
0.17864642
0.17607887
0.18241167
0.18216155
0.18173453
0.18634787
0.19259387
0.18040799
0.18272485
0.18701576
0.17793381
0.18739678
0.18508866
0.1861844
0.1846623
0.1772975
0.17995292
0.18050759
0.1835993
0.18555889
0.18519975
0.18752298
0.18823352
0.19284478
0.18710865
0.18045388
0.1871359
0.18704757
0.18374392
0.1837369
0.18462093
0.18208121
0.1869809
0.18071769
0.17779319
0.18718582
0.18537068
0.17688595
0.1833167
0.18084416
0.18481353
0.18108855
0.17992331
0.18672311
0.17659026
0.17793995
0.181669
0.18039408
0.1896417
0.18690243
0.17908777
0.18592799
0.1802035
0.18007226
0.17615706
0.17848271
0.17836264
0.18467687
0.1702407
0.18096064
0.17729312
0.1791831
0.17836356
0.17188406
0.17139967
0.18021289
0.17247117
0.1792162
0.17694099
0.18018202
0.17368941
0.17476301
0.17675634
0.17333402
0.17763948
0.16930094
0.17029274
0.17420265
0.17359686
0.17466238
0.17696132
0.17281276
0.17045538
0.17849138
0.1753002
0.17624323
0.17484488
0.17423396
0.17420097
0.16978832
0.1762312
0.17134829
0.17607883
0.16754895
0.17857362
0.16933054
0.17010768
0.1699709
0.17002983
0.17746079
0.17421585
0.17480221
0.17817554
0.17017153
0.16638216
0.16617832
0.16964366
0.17284161
0.16997194
0.17017166
0.16843814
0.17431225
0.1690985
0.16647168
0.1719231
0.17590271
0.16879207
0.16885497
0.17416455
0.1728743
0.16968808
0.17147492
0.16920495
0.17659892
0.16664119
0.17557599
0.17786326
0.1689472
0.17074274
0.17606322
0.1702716
0.16895606
0.16715759
0.16574486
0.17348087
0.17414345
0.16950864
0.16835223
0.16853686
0.17503802
0.16426751
0.17049189
0.17084351
0.17638148
0.169751
0.1615127
0.16491084
0.17212903
0.16276638
0.1604516
0.16837011
0.15961704
0.16707648
0.16444997
0.16396363
0.16692536
0.16915365
0.16790736
0.1615791
0.1625321
0.16653506
0.16505085
0.16635238
0.1682474
0.16057073
0.16590169
0.16278394
0.15915388
0.16211975
0.15858397
0.16886114
0.15796103
0.1541894
0.15620802
0.16564266
0.15318698
0.16439788
0.1653516
0.16688797
0.15847138
0.15670499
0.15613462
0.16201447
0.16226266
0.1625899
0.16421327
0.1586209
0.15947676
0.15728521
0.15956324
0.16114934
0.15485354
0.15908979
0.16335197
0.16635966
0.15565857
0.16562106
0.16049004
0.16120432
0.15492553
0.15776591
0.16031295
0.15400085
0.16469096
0.16076791
0.16154641
0.1693331
0.15707327
0.16477199
0.16190328
0.15951018
0.15791398
0.1617063
0.16170634
0.16271096
0.16303432
0.16246337
0.16588676
0.16376397
0.16439304
0.16278043
0.16643865
0.16307303
0.16284393
0.16366512
0.1592941
0.15893702
0.17111018
0.15685588
0.15958145
0.16265461
0.16240437
0.1596015
0.16012716
0.16096154
0.1636452
0.15685867
0.16049705
0.1576839
0.16389881
0.1519637
0.15537061
0.1525517
0.16076152
0.15686332
0.16211917
0.14790235
0.1540076
0.1645257
0.15301707
0.153194
0.14941925
0.14868866
0.1480951
0.16343322
0.15177564
0.15374915
0.15582672
0.15373321
0.15746179
0.15819411
0.1572542
0.15913682
0.15997091
0.14969817
0.15594998
0.15504946
0.15375027
0.1629148
0.15670949
0.16117865
0.16010506
0.15982619
0.15892954
0.15602954
0.15599012
0.16035719
0.15454815
0.16269575
0.15890749
0.15520875
0.15673749
0.157927
0.155895
0.15598549
0.15537989
0.16357249
0.15237781
0.15834764
0.15894105
0.15688118
0.15606073
0.15362102
0.15614435
0.1575348
0.16249804
0.15714625
0.15698405
0.16582271
0.16592242
0.16209397
0.16232191
0.15176651
0.16518585
0.1568855
0.15741275
0.16192399
0.15628955
0.15999559
0.15605389
0.16703317
0.16226892
0.15406482
0.15749213
0.15839818
0.16293684
0.1603328
0.15764298
0.15545373
0.1649226
0.15725295
0.16490358
0.1563086
0.1577474
0.16014537
0.1531958
0.15830523
0.15990819
0.15827253
0.1635577
0.14723618
0.15516132
0.15764959
0.15344733
0.15514785
0.15310012
0.15123063
0.154407
0.15703191
0.1522061
0.15577067
0.15526745
0.15224463
0.15741917
0.15337256
0.15630767
0.1550297
0.15393114
0.16225648
0.15983734
0.15716958
0.15228513
0.15222412
0.14600328
0.15114325
0.16522615
0.16269532
0.15618312
0.16321588
0.15613449
0.15329027
0.15406553
0.14884499
0.1537891
0.154155
0.15030678
0.14604403
0.15262714
0.14880379
0.15073808
0.15528834
0.1506315
0.14919087
0.1523797
0.15516795
0.15709405
0.15087827
0.15044048
0.15684311
0.15552637
0.14664394
0.15286215
0.1511414
0.15656473
0.15266882
0.1531027
0.15242404
0.15218668
0.14938416
0.15734047
0.15116538
0.15367012
0.15831889
0.15241916
0.14672244
0.15058658
0.15456426
0.14291535
0.15145126
0.16172324
0.14828314
0.14908895
0.15843536
0.15316783
0.15139899
0.15193956
0.15398857
0.1543124
0.14424105
0.14724246
0.15494935
0.149898
0.1542977
0.15104246
0.14764436
0.14547805
0.1541808
0.15026933
0.14795023
0.148439
0.14707898
0.14696416
0.1518242
0.14732075
0.14622897
0.14873053
0.14590855
0.15235786
0.14401485
0.1575519
0.15605769
0.1531757
0.15417519
0.15345505
0.14696524
0.1474136
0.14988072
0.15361561
0.14921929
0.14244851
0.15222232
0.14719744
0.14980069
0.14931612
0.15203524
0.14096852
0.14971188
0.15119115
0.14732254
0.14788812
0.1507035
0.15047015
0.15511082
0.14945373
0.14921236
0.14325865
0.14636594
0.15135233
0.14868103
0.14965379
0.1498489
0.14859186
0.15782195
0.15351704
0.14449002
0.1496852
0.14909048
0.14112957
0.14295627
0.14411761
0.14771745
0.1498889
0.14773704
0.14706844
0.15296286
0.14921144
0.14508653
0.14631183
0.14376314
0.150188
0.15215483
0.14497018
0.15305622
0.15302557
0.15121406
0.14842735
0.14596514
0.15079479
0.15011166
0.14557865
0.15450503
0.14902562
0.15615657
0.15067354
0.15509449
0.1507004
0.1480933
0.14705893
0.15024148
0.14034605
0.13974145
0.14793631
0.14089149
0.14466903
0.14238842
0.15126836
0.14549604
0.15012573
0.14544253
0.13903914
0.15146008
0.15228188
0.14351295
0.15170957
0.14963694
0.13640924
0.14945422
0.15296051
0.14509062
0.141498
0.14785208
0.14700072
0.14171346
0.1348026
0.14374268
0.13801706
0.13991885
0.14063405
0.14378758
0.14014678
0.14663202
0.14322671
0.13954955
0.14385834
0.14148588
0.13845842
0.14392777
0.14113593
0.14755453
0.14033964
0.14327425
0.14503351
0.14671813
0.14025359
0.14547664
0.14037898
0.14869031
0.14968377
0.137085
0.14008278
0.13496596
0.1378437
0.13672324
0.13270982
0.14096
0.13549958
0.14009053
0.13691743
0.13635668
0.12974371
0.13625997
0.1359563
0.13073471
0.1385662
0.13150327
0.13284263
0.13202041
0.12895156
0.13640851
0.12520652
0.12440427
0.12762143
0.13903996
0.13231726
0.1335716
0.13164172
0.12656055
0.13299778
0.13185972
0.13188514
0.13104206
0.12419519
0.12622935
0.12382068
0.13336588
0.12946095
0.13096634
0.13050862
0.13350853
0.12150479
0.1238487
0.12410469
0.1259756
0.12783945
0.13261104
0.13005367
0.12334955
0.12727845
0.13221423
0.12410956
0.12494062
0.12624745
0.12638742
0.12631415
0.12720141
0.13187738
0.13245118
0.12460986
0.13685676
0.12824051
0.13061236
0.12491974
0.12505363
0.1272107
0.13222612
0.12652153
0.13403548
0.13027295
0.13549821
0.12720223
0.121811695
0.1279913
0.12767117
0.13082293
0.12589657
0.12467647
0.13037087
0.12773575
0.12819758
0.12760265
0.12602335
0.12933661
0.1301848
0.12665704
0.123879485
0.13120049
0.12011335
0.13082182
0.11820553
0.12715611
0.12766026
0.11933773
0.12838624
0.12407207
0.12495518
0.12994373
0.12538514
0.12064384
0.1275497
0.12845805
0.12881882
0.12343307
0.13169831
0.12449794
0.13181654
0.12137172
0.122158565
0.12677014
0.122806184
0.12308119
0.12478398
0.12719564
0.12854946
0.12502785
0.12947513
0.11731781
0.12640503
0.12765026
0.1273471
0.12380094
0.12210148
0.12541957
0.124321625
0.12955043
0.12090516
0.12881508
0.12447312
0.12945974
0.12410197
0.12808558
0.120096155
0.1299252
0.12256433
0.12657742
0.12200183
0.12832299
0.13392724
0.12436248
0.12626523
0.122652665
0.12880622
0.12577394
0.13623711
0.12528096
0.12687483
0.13427891
0.12594904
0.12658267
0.13710207
0.13414958
0.13962962
0.13167065
0.12712765
0.13106951
0.1317906
0.14029719
0.13420486
0.12930377
0.12948549
0.12901783
0.12965481
0.1326184
0.13926294
0.13263492
0.12768523
0.12944184
0.13059232
0.12528789
0.13443984
0.13655749
0.12941687
0.13208422
0.13358517
0.12945247
0.13465361
0.13971919
0.12734176
0.13029426
0.1251455
0.122435346
0.13780865
0.13043527
0.12983789
0.13446145
0.13493155
0.12975162
0.12444035
0.13053419
0.13527122
0.12730078
0.1340036
0.13303941
0.12314843
0.13286103
0.12541713
0.13242038
0.13082457
0.12843625
0.12915985
0.12629007
0.13161351
0.124985315
0.13387679
0.14063498
0.14226364
0.13485584
0.133505
0.12642787
0.13375698
0.12970594
0.12982199
0.12661304
0.1335364
0.13826206
0.12903501
0.12589905
0.12534384
0.12735753
0.13079298
0.13255328
0.13441531
0.12724453
0.12811495
0.12296303
0.13430698
0.13237105
0.12114387
0.13105607
0.13507685
0.12715471
0.13040878
0.13007261
0.12791827
0.12812805
0.12308181
0.1329606
0.12545384
0.12404678
0.12829122
0.12368181
0.12203977
0.11950728
0.117779754
0.12630762
0.13333157
0.12301726
0.120620854
0.11979705
0.1210687
0.121833615
0.12017821
0.11507717
0.12557772
0.12239939
0.123707525
0.114884734
0.12162618
0.11937698
0.117851555
0.12232963
0.11431217
0.11596503
0.1211346
0.11826146
0.11797097
0.12156691
0.12174741
0.12227144
0.11043806
0.1088446
0.115715444
0.12043188
0.11890339
0.116935186
0.11222881
0.11519631
0.11257897
0.11951162
0.12100198
0.11748562
0.11501907
0.12131175
0.12375004
0.120134495
0.122767225
0.115403354
0.11806483
0.11679125
0.12292693
0.12223995
0.11710814
0.12226969
0.12280393
0.12824054
0.120044395
0.12261904
0.120195314
0.12232497
0.11877999
0.1160361
0.12287447
0.12213563
0.12402163
0.117594406
0.12876771
0.119982354
0.122304715
0.13058531
0.11883596
0.12518269
0.12219383
0.119536385
0.12006784
0.12072692
0.122514345
0.12673153
0.1231113
0.12250502
0.124174334
0.12807417
0.1201259
0.12875578
0.12017163
0.118799694
0.11730718
0.12068649
0.12121898
0.11994503
0.116228215
0.12220422
0.124795444
0.116587736
0.1256774
0.11780269
0.12503341
0.12078914
0.1186136
0.12174867
0.12905884
0.12087917
0.12395684
0.12760033
0.12202211
0.116851695
0.1221587
0.12557556
0.12613079
0.11471271
0.11892298
0.11993465
0.110304
0.11267313
0.11920808
0.12124969
0.115152456
0.11742359
0.11431457
0.11679394
0.11983407
0.11167825
0.10851251
0.1172219
0.10727214
0.11132546
0.11388571
0.118603215
0.116872884
0.11098104
0.11390994
0.11710536
0.11900111
0.117791146
0.115805954
0.116029255
0.11201237
0.11388165
0.10836204
0.11275833
0.10866159
0.117577426
0.11392683
0.11132022
0.11760666
0.12100761
0.1092758
0.10606657
0.11566221
0.11038543
0.11603076
0.11818431
0.10730568
0.114049464
0.11348039
0.11485277
0.112527385
0.10957176
0.108791664
0.11463167
0.117969655
0.12379125
0.114221334
0.11514784
0.11123774
0.113316596
0.11395662
0.11255095
0.108251095
0.11124919
0.108840235
0.11882409
0.11512134
0.103917256
0.11525078
0.11229807
0.11281241
0.118446104
0.1201731
0.12191919
0.11230002
0.109708875
0.11859786
0.11546743
0.118240096
0.11181324
0.11433989
0.11312798
0.115585886
0.11580454
0.11106015
0.11711224
0.11822986
0.119281955
0.11092588
0.1195935
0.1058987
0.110090256
0.11230226
0.12042776
0.119887665
0.11769297
0.12470941
0.10945198
0.11407636
0.110415384
0.113152824
0.10778962
0.109762564
0.1179892
0.11477973
0.1101645
0.10974438
0.10981161
0.10852718
0.10580015
0.116836116
0.10699763
0.115253404
0.120951824
0.10906391
0.11167227
0.11465028
0.10964582
0.10896065
0.11072043
0.117420666
0.10371589
0.111984156
0.11514797
0.11501819
0.10869587
0.108293355
0.11500355
0.12033733
0.10980282
0.10999999
0.112873845
0.11451712
0.120135784
0.11063141
0.11086171
0.110084504
0.1187433
0.11462255
0.12023745
0.10975452
0.1092456
0.11188484
0.1126975
0.11304535
0.10953454
0.112111315
0.112200454
0.11198594
0.10705949
0.11213399
0.11295856
0.10697736
0.11630883
0.11455596
0.10763393
0.11407922
0.10946466
0.11316464
0.105011895
0.11641263
0.113276504
0.10202279
0.10696409
0.111966975
0.11358611
0.10992082
0.107267335
0.11026113
0.10474432
0.10978042
0.11021099
0.11270427
0.10916599
0.10742449
0.11022958
0.11215532
0.10858354
0.11001527
0.10681152
0.111933336
0.1097112
0.10472346
0.10806553
0.10651006
0.11154761
0.11461723
0.1079817
0.11914265
0.1168223
0.108987294
0.115572825
0.10947938
0.11738958
0.12021206
0.117671914
0.109091684
0.11144023
0.1049598
0.10657903
0.11716624
0.11062157
0.1053206
0.11866878
0.10493187
0.11709776
0.1162474
0.1191366
0.110863596
0.10417186
0.11017715
0.105318725
0.11388132
0.1162383
0.11277827
0.11320954
0.11174613
0.110152565
0.109408446
0.10981853
0.118524514
0.1056338
0.11273217
0.11077247
0.111202836
0.115162425
0.11149686
0.106684014
0.10980784
0.1052979
0.105019204
0.10992373
0.114793815
0.11501651
0.11077452
0.11353739
0.10997306
0.11580771
0.119642176
0.1055559
0.10723837
0.11200546
0.10639909
0.11030051
0.10768149
0.11648411
0.106581636
0.10157431
0.10829848
0.103545964
0.10306141
0.11389206
0.11095331
0.11163713
0.10713767
0.11197679
0.11247394
0.107145615
0.10364985
0.111975946
0.106876515
0.115039214
0.10904811
0.120147474
0.09825815
0.109792255
0.11500542
0.10724731
0.10747572
0.10244985
0.10232502
0.11303748
0.11087358
0.113474265
0.10533879
0.107187375
0.101762265
0.11458385
0.10165903
0.10481544
0.104900904
0.10696621
0.10891228
0.10460117
0.103291094
0.10295588
0.1062929
0.10389012
0.09728817
0.10121184
0.10544319
0.11821057
0.10205837
0.10548317
0.10470428
0.10158665
0.10435824
0.10223
0.101913944
0.1040609
0.09639165
0.09897087
0.10174992
0.09770371
0.10393226
0.10303405
0.10592002
0.10099044
0.097805694
0.095579594
0.096893296
0.10358207
0.10645189
0.09540953
0.100388385
0.104419
0.09795886
0.1006611
0.102537096
0.0917076
0.10224334
0.09982077
0.1066471
0.09507833
0.1050044
0.09199551
0.10582142
0.09849076
0.09892908
0.09903352
0.10952482
0.112479396
0.09241715
0.10057892
0.10401238
0.0919566
0.099500895
0.08960119
0.09426244
0.09400323
0.09401898
0.10399767
0.095939256
0.09740068
0.0935358
0.0971691
0.0992035
0.093273036
0.0920692
0.09270662
0.09828595
0.097245045
0.09284789
0.09460635
0.09289359
0.093933016
0.09555053
0.091677055
0.098607935
0.096425906
0.08877012
0.09970402
0.097757995
0.094724804
0.0988642
0.09558806
0.09344747
0.09924568
0.09494089
0.09462096
0.09916479
0.09612408
0.088328086
0.0923619
0.09793106
0.104971536
0.09502122
0.08601244
0.09240111
0.090403795
0.089307904
0.10239069
0.090074025
0.092358105
0.085566245
0.09522134
0.095292285
0.089481376
0.09035874
0.09219776
0.0864138
0.08622878
0.09689919
0.09832098
0.088432215
0.08921007
0.10058546
0.09381952
0.09134598
0.08780284
0.09541549
0.089320846
0.094435565
0.087412976
0.094305076
0.094245575
0.08616298
0.09020579
0.09906542
0.104011185
0.094682984
0.08861749
0.09493014
0.098830454
0.096468106
0.10099299
0.09204967
0.094545715
0.090119526
0.09392673
0.097124405
0.09686191
0.09624889
0.09608398
0.09335741
0.09522749
0.092818394
0.096894085
0.0970919
0.09626908
0.09374148
0.09117904
0.08988438
0.10322488
0.09418645
0.08931142
0.097607054
0.09253915
0.099413276
0.09759776
0.092055105
0.085138336
0.08828006
0.089763634
0.09395769
0.09049087
0.091697335
0.099604756
0.09721834
0.09601496
0.08741007
0.09348126
0.08710219
0.08958703
0.08642972
0.090247564
0.08876906
0.093320355
0.08611439
0.086860634
0.08587685
0.08979133
0.083043925
0.09973757
0.0998667
0.08562465
0.089560926
0.08412443
0.086086705
0.09413646
0.08124648
0.09408279
0.08771513
0.08853286
0.08936494
0.088445194
0.09242278
0.09671072
0.09106709
0.09535319
0.093558684
0.09361078
0.094961144
0.08713045
0.091846645
0.099058494
0.09664868
0.09797957
0.093937494
0.090379
0.09488042
0.09219985
0.08875204
0.09091565
0.093764715
0.09197436
0.08864325
0.094591565
0.088730395
0.089753196
0.08938904
0.09030685
0.08890624
0.09397859
0.10076332
0.09283268
0.092721395
0.09288119
0.09999069
0.090541124
0.09359444
0.085493095
0.095107175
0.1002096
0.0880853
0.093254454
0.08777453
0.089302376
0.09626912
0.092907764
0.090641476
0.091411225
0.085505314
0.078290254
0.09217933
0.08890304
0.08591455
0.087576
0.0865579
0.08510904
0.088526286
0.08587581
0.08938626
0.0905953
0.094172366
0.08709538
0.090362325
0.0937985
0.0859853
0.085437536
0.09216571
0.09531578
0.08861837
0.091922134
0.08752255
0.08700723
0.09607938
0.09933557
0.09197243
0.08470159
0.09019325
0.093663394
0.08524617
0.092632055
0.09388772
0.09648838
0.08449979
0.09807992
0.08995797
0.09304725
0.08921929
0.09679036
0.091198854
0.09346923
0.094017185
0.09092756
0.0950573
0.09245651
0.09190407
0.09789432
0.09016334
0.09819018
0.091426775
0.09187659
0.093096904
0.08791295
0.10233421
0.09496261
0.09926291
0.09690837
0.09290596
0.09259549
0.0991994
0.090207346
0.0912089
0.0927256
0.08797824
0.09715054
0.092501104
0.08518729
0.08748338
0.09224463
0.09083209
0.09187321
0.0916902
0.08782227
0.090940535
0.08650544
0.106847905
0.097005986
0.08687339
0.09040449
0.10128965
0.09000649
0.08737821
0.08945643
0.08946944
0.09277253
0.10596598
0.07870215
0.08598894
0.10972261
0.0939448
0.09910818
0.08386166
0.092515565
0.09474805
0.08987966
0.09327374
0.08803587
0.097940855
0.09205328
0.089117765
0.09335259
0.0893537
0.08744284
0.09062989
0.089627065
0.07989196
0.08100992
0.09447805
0.08121294
0.0890053
0.08741911
0.091990694
0.08712689
0.08280652
0.080642335
0.07738579
0.09079138
0.08304823
0.081646994
0.09377667
0.087575935
0.08344363
0.092484534
0.09282453
0.0914992
0.09136076
0.08497519
0.07963909
0.09167219
0.08933417
0.086139604
0.08804534
0.09074434
0.08342387
0.09000186
0.0924229
0.08832919
0.078792736
0.092894666
0.085140735
0.091219984
0.08550468
0.07845153
0.080367304
0.081350766
0.08556689
0.083115876
0.089605644
0.09205733
0.08963316
0.08131447
0.09726264
0.086778
0.0831732
0.080597125
0.095564015
0.08737249
0.08570354
0.082959615
0.08520718
0.08840123
0.08316054
0.08424002
0.08141798
0.08901092
0.07812684
0.08303585
0.092604086
0.08311711
0.08138622
0.08473855
0.08970922
0.08385312
0.105665185
0.0775329
0.08542056
0.08318267
0.08678807
0.08107571
0.07867546
0.09014477
0.08018789
0.078941606
0.084048554
0.07884653
0.09122784
0.07888851
0.08195542
0.08137082
0.09096405
0.07774468
0.08678423
0.0889941
0.080129445
0.085023314
0.08762761
0.08222663
0.08266825
0.07902363
0.07848661
0.087874964
0.08718896
0.08269615
0.0855443
0.08148957
0.08585756
0.07715899
0.07610748
0.078333415
0.08332709
0.076288454
0.07347871
0.075486414
0.07948718
0.076850116
0.07756836
0.08165477
0.07880079
0.08437641
0.0795255
0.08018862
0.07973461
0.077017054
0.07569075
0.074536666
0.073274225
0.07548901
0.08242368
0.07462224
0.07286263
0.07397541
0.075341046
0.07648861
0.08062274
0.07696098
0.07477426
0.07351862
0.07257989
0.071933754
0.07215328
0.07407045
0.0761551
0.076684244
0.07559428
0.07485413
0.07239992
0.07181268
0.06915696
0.0713351
0.07127742
0.07288945
0.07438715
0.07625225
0.07432757
0.07262137
0.07127181
0.07350908
0.07353224
0.07435256
0.07383046
0.07284447
0.07035723
0.072433926
0.073358424
0.07799049
0.07670907
0.07718492
0.07157874
0.07194338
0.07209578
0.07610043
0.076580934
0.07638802
0.07574125
0.07718827
0.07583141
0.0784948
0.079384364
0.084368534
0.08030238
0.07952049
0.07802982
0.07864915
0.07547611
0.07547696
0.07600775
0.07799569
0.0788495
0.07953949
0.07966058
0.077510424
0.07526834
0.073308825
0.07649606
0.075494185
0.07711475
0.075126156
0.07724078
0.076085344
0.07812718
0.07916332
0.08040575
0.080908716
0.0776045
0.077071965
0.07386704
0.07527216
0.073635384
0.07470579
0.07404713
0.076462165
0.07815297
0.079545364
0.08039774
0.0810753
0.08019943
0.07885207
0.08019422
0.08412221
0.08469619
0.08041396
0.07777523
0.07833165
0.07966081
0.07942022
0.079007186
0.07873861
0.08388911
0.09454981
0.08284977
0.07861808
0.0840398
0.08223331
0.081648126
0.07617682
0.07667377
0.07653132
0.07950124
0.0777773
0.075383425
0.07423982
0.07597811
0.07696818
0.07755404
0.07723084
0.07560281
0.07311863
0.07141678
0.07443001
0.07817634
0.08071902
0.082885936
0.08188275
0.08220769
0.07840804
0.076917194
0.072774656
0.07566391
0.07561046
0.07772165
0.077990495
0.07992012
0.08052627
0.0782874
0.07824463
0.08060119
0.08201531
0.08149231
0.08246093
0.08174355
0.082001954
0.08212819
0.08312005
0.08362087
0.08084189
0.082758844
0.083314
0.08508339
0.084134296
0.08580639
0.08293135
0.08080818
0.07765485
0.08364084
0.08561318
0.088345036
0.08534741
0.09121673
0.10269807
0.09094912
0.0842813
0.08305905
0.08512912
0.08577306
0.08417395
0.0856076
0.08785147
0.090864174
0.08978432
0.09175777
0.08956101
0.08882512
0.08547419
0.084403686
0.089717306
0.098783664
0.09209747
0.09152305
0.095921166
0.09790334
0.09545514
0.0925852
0.08644735
0.08938755
0.088945016
0.09917115
0.11108239
0.09372643
0.08447566
0.084956974
0.085615516
0.08587094
0.08723865
0.08800401
0.08855101
0.087483786
0.08578684
0.08558306
0.084494665
0.0839104
0.088167325
0.08843193
0.08793812
0.08618422
0.09052705
0.09117778
0.08934585
0.08636355
0.09119817
0.092604786
0.09018355
0.08969065
0.088369355
0.091243036
0.08908676
0.08984805
0.0887729
0.086768836
0.085833155
0.0855514
0.08837356
0.08573802
0.08450983
0.08110683
0.08268174
0.08361582
0.08353465
0.08438988
0.08545992
0.08692049
0.08611855
0.08597549
0.08475808
0.08330523
0.081784196
0.08014365
0.08154343
0.0806025
0.085479364
0.080280505
0.08214964
0.07933081
0.082966104
0.080912195
0.076685816
0.08047934
0.08374649
0.091087185
0.085275285
0.08291498
0.077146
0.080175206
0.07955274
0.08184803
0.083649
0.087871894
0.08958343
0.08928898
0.08593012
0.08680342
0.08573594
0.09012944
0.08928009
0.08984835
0.0872464
0.086014606
0.087268725
0.08407671
0.08085671
0.07870781
0.08089178
0.08232119
0.08523805
0.08533092
0.08598573
0.08144903
0.07964138
0.07899563
0.08338242
0.08401623
0.086130776
0.081528164
0.085484736
0.08392286
0.087113746
0.08447499
0.08444272
0.08095234
0.07913265
0.07600262
0.08303429
0.08499368
0.088462
0.08220071
0.082550116
0.084171996
0.082191
0.08239728
0.07870864
0.07826368
0.076999485
0.076241046
0.07613532
0.07289075
0.07429766
0.08122347
0.08463449
0.0880902
0.08366015
0.08220064
0.079024404
0.0793156
0.0780215
0.07530526
0.07304902
0.07067368
0.073993534
0.07563482
0.08172254
0.08235589
0.0820885
0.08133655
0.075428344
0.07715805
0.075966805
0.07774562
0.0785152
0.07865889
0.080812074
0.09068776
0.088690266
0.091155164
0.08064231
0.08122792
0.08024829
0.07992257
0.07961846
0.078832984
0.076171994
0.0776396
0.07827821
0.07936073
0.075438626
0.07768289
0.0801521
0.08564604
0.08245088
0.0774501
0.077381656
0.077660106
0.081594475
0.07909491
0.07747297
0.07835886
0.0797366
0.08327265
0.080823414
0.07844849
0.07443483
0.07636563
0.07955614
0.08187115
0.078972965
0.07830087
0.07661716
0.07884582
0.080688134
0.08152343
0.07908175
0.0755708
0.07849935
0.079405166
0.07849295
0.073496826
0.077652186
0.0785866
0.076995276
0.073651604
0.078239016
0.081201054
0.08489782
0.08124091
0.0795994
0.07391811
0.07448865
0.07642382
0.078851596
0.07387665
0.07673982
0.07523415
0.07876296
0.0760091
0.07839292
0.07856089
0.08240608
0.0829534
0.08319774
0.08016479
0.081942834
0.082521416
0.08700255
0.08513893
0.08416272
0.08392041
0.08805339
0.09427838
0.08998222
0.085686535
0.07932277
0.07965691
0.0820192
0.087039925
0.08582167
0.0864756
0.083277695
0.08204941
0.07789745
0.07660802
0.08024009
0.08398715
0.086027294
0.086621694
0.08549106
0.08522035
0.086240865
0.085355625
0.086328834
0.08263226
0.0785733
0.07731589
0.07938387
0.08359447
0.08282224
0.08468813
0.08387035
0.08393032
0.08100207
0.078949325
0.078023635
0.08254956
0.082860745
0.08480543
0.07723855
0.07939473
0.07600337
0.08190469
0.08010338
0.080285646
0.07518676
0.07668216
0.07835812
0.08016236
0.08147312
0.08104855
0.08390009
0.08496612
0.090272024
0.09106373
0.08834103
0.08752887
0.08326144
0.08414813
0.08129302
0.079930924
0.07957955
0.08264043
0.087142706
0.08543376
0.08146345
0.080502324
0.07671493
0.07941886
0.07637217
0.08051316
0.077655375
0.07983152
0.0795036
0.07876924
0.077152014
0.07596776
0.07457863
0.07167987
0.07652739
0.07758656
0.081388116
0.08076206
0.08064576
0.081567064
0.07962852
0.07693906
0.076487064
0.07682871
0.07884468
0.07521407
0.072687335
0.07454626
0.08025639
0.08016037
0.083759904
0.07852534
0.07716006
0.072903946
0.07202391
0.07584103
0.0759317
0.07700309
0.07432938
0.07396971
0.07156116
0.07377274
0.07430859
0.07758798
0.07623347
0.07606091
0.077256344
0.07617528
0.07512141
0.07258607
0.07042546
0.06714639
0.06849514
0.07021091
0.07289994
0.06925945
0.06631293
0.06443915
0.06702745
0.071455136
0.07787781
0.08007904
0.078654185
0.07337176
0.07257514
0.07658368
0.077671856
0.07763527
0.06908079
0.06614911
0.06299131
0.06466666
0.07004534
0.07722808
0.07816294
0.07518008
0.070536226
0.074399464
0.07471062
0.07812494
0.07984572
0.07620382
0.07232249
0.07466257
0.07922942
0.08408957
0.079333425
0.08189706
0.08046201
0.079813845
0.07488686
0.07349306
0.074674174
0.07605072
0.07608643
0.07781366
0.083392955
0.08672813
0.08833008
0.084648274
0.08222931
0.07867287
0.07536574
0.0714806
0.071725145
0.07858469
0.0833407
0.13475621
0.23174527
0.15094574
0.100028284
0.076736294
0.0734276
0.07748518
0.08389515
0.08936451
0.083084196
0.077977754
0.07911905
0.0797198
0.078744985
0.07361658
0.07701141
0.079167105
0.07862855
0.074451216
0.078162
0.0829532
0.08335391
0.07889105
0.077072605
0.07530043
0.0737015
0.072970614
0.0732053
0.07736427
0.07573798
0.0757247
0.07315529
0.06835557
0.072850116
0.074846774
0.08214783
0.07904125
0.07816249
0.07457343
0.0748283
0.07106808
0.07498418
0.07243593
0.07554694
0.06753211
0.07087387
0.07007821
0.075763024
0.07069522
0.068450354
0.06633183
0.071501866
0.0733257
0.073063195
0.07209168
0.071053766
0.07193556
0.07006356
0.07182801
0.07540327
0.08032637
0.079816334
0.07702148
0.07493779
0.072568394
0.07025144
0.06873286
0.068743944
0.06684416
0.071088426
0.07237934
0.07519437
0.07229597
0.07923522
0.076153606
0.07540503
0.07029851
0.0730613
0.075269245
0.0721456
0.07722139
0.07464706
0.080695316
0.07729966
0.07562649
0.07392458
0.07257303
0.076997586
0.07788718
0.075611755
0.07247781
0.069016844
0.07270125
0.070164055
0.06719924
0.06754474
0.07216966
0.07612329
0.07458403
0.07407715
0.0732841
0.07236113
0.07105024
0.071704306
0.06968467
0.0660765
0.06559712
0.06931583
0.073687136
0.07306215
0.07199935
0.07010478
0.06909799
0.06774666
0.068330385
0.0715065
0.07273677
0.07151452
0.07169524
0.07321277
0.0715169
0.06981138
0.06966069
0.07251638
0.076812
0.075553015
0.084418386
0.07957839
0.07683798
0.067790024
0.06756765
0.06794703
0.06892648
0.06959414
0.06716269
0.06748602
0.066989616
0.07008133
0.07288556
0.07525444
0.07536079
0.072709896
0.068300314
0.06324267
0.060861737
0.061013024
0.060963098
0.06138053
0.0634862
0.06458081
0.062724374
0.062044553
0.059061136
0.060374223
0.061962616
0.06409585
0.06981581
0.07167404
0.07292838
0.073135726
0.07052628
0.06803884
0.06354917
0.06427252
0.06400481
0.065702066
0.0645358
0.0657293
0.06301821
0.062328275
0.06231068
0.0614648
0.06287191
0.06223682
0.06570297
0.065445475
0.065673955
0.06416983
0.06743631
0.06490638
0.06423969
0.06214547
0.060855176
0.0594319
0.058624346
0.060059667
0.06561359
0.06570889
0.06655781
0.066399306
0.06765739
0.062892
0.0640679
0.06102784
0.060017362
0.058836386
0.059056856
0.05875616
0.06120099
0.06545494
0.0638045
0.064545795
0.065197915
0.06385084
0.061336372
0.06069355
0.060110778
0.059647903
0.059931286
0.06061679
0.059859347
0.060940664
0.059709802
0.060282845
0.057285592
0.056491468
0.054621905
0.054106683
0.052507278
0.053088535
0.05385274
0.052722145
0.053385522
0.05624215
0.055815328
0.059055474
0.058109663
0.057973217
0.05995797
0.058026116
0.05464884
0.05587496
0.055795826
0.049018905
0.05148341
0.05159545
0.0525055
0.05380316
0.05444784
0.05224512
0.052699447
0.05332154
0.050610855
0.051611606
0.053121947
0.052900095
0.05324184
0.054291178
0.053269543
0.052866433
0.05343313
0.051310606
0.051810514
0.050996978
0.052688435
0.05077886
0.050783467
0.05066902
0.05187911
0.051305093
0.05300141
0.053244013
0.05223865
0.05397489
0.057132993
0.057235233
0.056864507
0.057115182
0.059333917
0.055612847
0.056315057
0.05903864
0.06009883
0.060417403
0.064429425
0.06260505
0.06361534
0.065093204
0.061104625
0.057808887
0.05971915
0.056297384
0.055739064
0.054004088
0.054391593
0.0540725
0.055635083
0.052501738
0.053474154
0.052414894
0.05285781
0.0537203
0.058055762
0.060832333
0.06402229
0.06307621
0.061030522
0.059075635
0.058241684
0.055066787
0.057283778
0.05725878
0.057056174
0.0592825
0.06251424
0.06325146
0.06668215
0.06717069
0.068204
0.06857006
0.066899516
0.066505805
0.06751623
0.06324098
0.064413205
0.06558446
0.06397808
0.062692076
0.06730062
0.062056825
0.059798427
0.05987767
0.06012965
0.058797486
0.061786126
0.06436879
0.06580883
0.06589591
0.06486497
0.064966656
0.06361366
0.063313216
0.06132697
0.06506307
0.0656211
0.06502027
0.0652212
0.06601131
0.062127233
0.060784075
0.06013697
0.061073065
0.062947236
0.061920483
0.060729783
0.058895547
0.056228194
0.057378605
0.05521914
0.05445645
0.056363102
0.055511232
0.05519117
0.05296908
0.054446645
0.056514066
0.059939973
0.063559994
0.06446587
0.06439569
0.0618458
0.057175722
0.055496406
0.05669134
0.05550584
0.058441527
0.060094487
0.06263603
0.062134992
0.057828944
0.057997532
0.05635658
0.05624854
0.058730427
0.05964341
0.061797522
0.06166171
0.06090415
0.06146281
0.064627625
0.06432078
0.06335525
0.06622565
0.06834821
0.06741136
0.06656514
0.06514664
0.06860778
0.06398322
0.06598221
0.06701082
0.07056274
0.06753311
0.06826783
0.0654884
0.06439139
0.060811825
0.06219587
0.06453138
0.06244115
0.06368618
0.0670948
0.06890231
0.065881744
0.07260172
0.07198183
0.07243982
0.0682488
0.07055324
0.06727654
0.07013694
0.06748571
0.06810557
0.06982429
0.07239803
0.07089251
0.07298289
0.07312454
0.07133553
0.0674707
0.066489786
0.06636941
0.06882707
0.07096583
0.07014909
0.071221836
0.06890378
0.06530804
0.064312495
0.060879063
0.06298451
0.0636705
0.06717926
0.07227993
0.07353844
0.07669856
0.07657275
0.076413155
0.07557899
0.07691488
0.07845548
0.07856293
0.08124673
0.08032927
0.07769179
0.07745962
0.075885154
0.073958464
0.075587966
0.076133385
0.07347388
0.07462545
0.07350849
0.07011399
0.070552
0.07148938
0.07098723
0.070563674
0.07482618
0.07556052
0.07656106
0.07798067
0.07563343
0.0727193
0.0749621
0.076672696
0.0746444
0.07722336
0.077182785
0.07397987
0.07413611
0.07744588
0.07798185
0.0792925
0.08004548
0.078422144
0.077394806
0.07506944
0.074277245
0.07478274
0.07435543
0.07453555
0.0757935
0.07450406
0.075430244
0.074672446
0.07273831
0.07145778
0.07397304
0.07231517
0.072568946
0.06851423
0.067406565
0.06600436
0.06308061
0.061356194
0.060978867
0.06465114
0.06455056
0.06363017
0.064586766
0.06484969
0.06631603
0.0658017
0.07059129
0.07436516
0.072860405
0.073595256
0.07184654
0.06669744
0.06599879
0.059286844
0.060535084
0.059326217
0.058090683
0.058378138
0.05902445
0.0620979
0.0631367
0.06313124
0.062099777
0.0639111
0.06552819
0.06578318
0.06254533
0.059039336
0.0572249
0.057676595
0.057857845
0.056440584
0.056683194
0.058504716
0.060521215
0.062358588
0.06142005
0.05964422
0.062159136
0.0604786
0.059315823
0.060037855
0.059216954
0.059993673
0.060561433
0.06260757
0.06414661
0.06368113
0.0653071
0.064123176
0.06432066
0.068612814
0.0651428
0.065125726
0.065532036
0.06219097
0.06291658
0.061517388
0.055066027
0.056291804
0.056873165
0.055255946
0.05388854
0.056408588
0.058012314
0.058846153
0.05727835
0.056894157
0.05582047
0.05859484
0.060147848
0.05640043
0.05992188
0.05979917
0.059572425
0.05833091
0.05733984
0.05985894
0.061145615
0.061148096
0.06461185
0.06409122
0.065587126
0.065588936
0.06482488
0.06514487
0.06256612
0.05924629
0.060969904
0.05949292
0.05797357
0.057103578
0.056639694
0.05713156
0.0590112
0.058375135
0.0593592
0.061134946
0.066283405
0.06559364
0.06584573
0.0641682
0.06802649
0.06766519
0.06562379
0.06503041
0.06411959
0.06324413
0.06624614
0.063788995
0.063432306
0.062665746
0.061193783
0.061554752
0.062221844
0.060208384
0.05876397
0.056739956
0.056664195
0.056922592
0.059123468
0.05947373
0.06159714
0.061278783
0.059961017
0.06338162
0.06333817
0.06277266
0.060755223
0.05809373
0.05785118
0.059573397
0.060026564
0.05873819
0.0611065
0.06439252
0.065869056
0.06477373
0.06630054
0.06374549
0.0638734
0.066629745
0.06360809
0.06409804
0.06492333
0.06305919
0.06320079
0.06510262
0.06413824
0.065008596
0.06559921
0.066479445
0.06961825
0.06814304
0.06840617
0.067290016
0.06544052
0.065317824
0.06645116
0.06567366
0.06744384
0.06576265
0.06711907
0.067483954
0.06810784
0.06985162
0.067265354
0.06524692
0.06205256
0.06310208
0.06218142
0.061973464
0.062894866
0.060601287
0.060838625
0.06176164
0.06168603
0.06566229
0.06546634
0.06847301
0.06621873
0.06583496
0.06775101
0.06902008
0.06654194
0.06500331
0.06423124
0.0639708
0.06668303
0.066525705
0.06710706
0.06549428
0.06663835
0.06820903
0.070268065
0.070370816
0.07142857
0.07191754
0.07242734
0.0722322
0.07391441
0.07346023
0.07315274
0.071550906
0.070335574
0.0682705
0.068525344
0.068474755
0.06691419
0.06438538
0.06257062
0.06306828
0.0635169
0.062484086
0.06294589
0.05865191
0.059582733
0.0590785
0.061802458
0.062276278
0.061909825
0.06149788
0.05896032
0.055314694
0.055396132
0.055469852
0.054033216
0.052450184
0.050381042
0.049499054
0.048217244
0.04980236
0.05093997
0.051722676
0.053685952
0.0519921
0.053365365
0.053982355
0.05544342
0.055489484
0.05611543
0.057110827
0.054345407
0.05568422
0.05430207
0.056405358
0.057656895
0.0566444
0.056912564
0.057511542
0.058176953
0.057886217
0.056867063
0.056170024
0.05396624
0.055697225
0.053939585
0.05394049
0.054104887
0.052948084
0.051612988
0.04999711
0.049611744
0.049696665
0.04948608
0.049748134
0.05007793
0.049235106
0.04765481
0.04694714
0.046137102
0.046519686
0.047813505
0.048120778
0.04850971
0.048002712
0.04731577
0.04816821
0.04785256
0.04858579
0.049504302
0.050373737
0.050030902
0.05212132
0.052990075
0.05245921
0.052467242
0.05419988
0.056071494
0.057441894
0.05822093
0.056951012
0.058992855
0.058296308
0.05980613
0.057235852
0.056529768
0.05626178
0.057190653
0.05625117
0.053313307
0.05173222
0.05242054
0.05421912
0.05231888
0.054362327
0.05375366
0.054848526
0.05459225
0.05576451
0.056165636
0.055582456
0.058556426
0.05996106
0.061054967
0.06031412
0.05981483
0.05890917
0.057513703
0.056829207
0.0567298
0.058819972
0.061568934
0.062289607
0.06419538
0.06245551
0.06362744
0.064519815
0.06576906
0.066623494
0.06639966
0.06715156
0.06870035
0.06671273
0.06388761
0.06362964
0.06472059
0.06398854
0.06579821
0.06732247
0.0662766
0.0672309
0.066551685
0.063669346
0.063368455
0.064032905
0.06343262
0.063259274
0.06253917
0.06133063
0.05978691
0.05819053
0.061034124
0.061966293
0.063103594
0.06689985
0.067799844
0.0691143
0.07231452
0.07138113
0.07118988
0.07211355
0.072437204
0.073412016
0.07059083
0.06933625
0.0716552
0.07017716
0.07113117
0.068674915
0.06605804
0.0683284
0.06996838
0.07192135
0.07087284
0.071730696
0.07373251
0.071651176
0.07001606
0.07153404
0.06934617
0.072031416
0.07393359
0.07455168
0.07361603
0.074174374
0.07367166
0.07553245
0.077214904
0.07980607
0.08166713
0.0806185
0.084103584
0.08414513
0.082851864
0.08570045
0.0862796
0.089252405
0.09028937
0.08993605
0.08832588
0.08745513
0.088726856
0.08465817
0.08449412
0.082518235
0.0800063
0.08065676
0.078981474
0.07920027
0.07881428
0.07418252
0.07342055
0.07171378
0.06999789
0.07051666
0.07077107
0.071489304
0.070484065
0.07088617
0.06840617
0.0701321
0.06897115
0.06892061
0.07078185
0.071302585
0.072064206
0.0731183
0.073896274
0.073268
0.07335211
0.07257289
0.07012651
0.07059837
0.07350231
0.07429234
0.07471556
0.07353149
0.07319822
0.074271865
0.073597215
0.07318858
0.0726171
0.07383302
0.07562152
0.07728216
0.078104876
0.07579815
0.073495336
0.071250975
0.07217219
0.072194025
0.073218964
0.07369386
0.074635535
0.07497794
0.07461864
0.07305209
0.0723359
0.07426335
0.07381528
0.07403534
0.07273279
0.07293784
0.07432575
0.07253456
0.072533675
0.072807916
0.0723065
0.0704125
0.070377
0.07162577
0.0699345
0.06807927
0.06846748
0.068609014
0.06856084
0.06818005
0.06897977
0.069076404
0.070555694
0.07029881
0.068180464
0.067132674
0.065667145
0.06491784
0.06456078
0.06335007
0.06453281
0.06583464
0.06412119
0.064303234
0.06190579
0.059953555
0.0598379
0.05913998
0.05762481
0.05646947
0.05443842
0.05316719
0.054409027
0.053992063
0.052777477
0.053812698
0.054455563
0.05355096
0.05540235
0.05418215
0.052929018
0.05236098
0.052063927
0.052269567
0.052453462
0.052717526
0.053094123
0.05429064
0.05530788
0.054810457
0.055996656
0.05846068
0.05788272
0.057008155
0.056747258
0.0586956
0.058385126
0.058123697
0.05871048
0.057175513
0.058289457
0.059923086
0.059380446
0.06051512
0.062502824
0.062682614
0.061654214
0.06090559
0.05882693
0.057204045
0.057851654
0.058002714
0.057623673
0.05588747
0.054998897
0.053240515
0.05308609
0.05296863
0.051094506
0.049573414
0.049159057
0.048687138
0.04855036
0.048143655
0.04702114
0.046117503
0.046645086
0.046861902
0.045256145
0.045755092
0.045910805
0.045838207
0.04709129
0.048072867
0.04789631
0.0467642
0.047836933
0.048485104
0.048784282
0.048359334
0.05022616
0.050534803
0.05040973
0.05020433
0.0512934
0.051411066
0.051348787
0.050352346
0.051024057
0.05125844
0.051973633
0.05068126
0.05063673
0.050327048
0.051779762
0.05144055
0.05132531
0.050784867
0.050355226
0.04898427
0.04864337
0.04800909
0.04819203
0.04851905
0.048068203
0.04736948
0.04760228
0.04738699
0.046528913
0.04617196
0.04634504
0.047112413
0.046408635
0.045504123
0.044537924
0.044673055
0.04384522
0.043492805
0.043391205
0.04345985
0.043213394
0.04416345
0.04462769
0.043715987
0.044097584
0.043427918
0.04313621
0.043419532
0.04350545
0.044389065
0.044030365
0.045422494
0.04560192
0.044957872
0.045477428
0.045014106
0.046206173
0.046304885
0.047339432
0.048861314
0.047841694
0.047204234
0.04668544
0.046958774
0.04711418
0.048767436
0.0494426
0.050470643
0.050840605
0.050373822
0.049811285
0.048951093
0.048999295
0.050667696
0.04928238
0.048560105
0.04879496
0.04776953
0.048141565
0.048755076
0.04899518
0.048380457
0.048424978
0.04841297
0.04913486
0.048126023
0.048741724
0.048626617
0.049126573
0.049298156
0.0497942
0.050500643
0.05061916
0.050943963
0.05167748
0.05089229
0.05045717
0.04961945
0.049410757
0.049848385
0.050881665
0.051680867
0.050734576
0.050629217
0.05103388
0.051571276
0.05116282
0.050468784
0.050995946
0.051699385
0.051667366
0.052606054
0.052276026
0.05219062
0.052286588
0.05244656
0.05091226
0.04960998
0.049997825
0.04900283
0.048212215
0.048171837
0.048246432
0.047747593
0.04797276
0.04864784
0.04823638
0.047989115
0.047726963
0.047078114
0.046423335
0.046682835
0.047421668
0.04692035
0.04769945
0.047652524
0.047952496
0.048465822
0.049053732
0.04862438
0.04873134
0.04890338
0.04923718
0.04962089
0.050308477
0.05078374
0.051532973
0.05081887
0.051273
0.05051262
0.05078836
0.050724134
0.05122087
0.05190785
0.05357182
0.054544006
0.054481145
0.0548837
0.055336498
0.056296926
0.057214797
0.057531748
0.057993565
0.058575254
0.058230665
0.057489004
0.05655805
0.054635298
0.054265995
0.053358693
0.052802097
0.052309595
0.052613337
0.05123548
0.050334122
0.049294643
0.04924181
0.04941751
0.048283327
0.04805687
0.047916476
0.046836086
0.046478715
0.045620088
0.0457013
0.045341678
0.044334926
0.044197034
0.04336517
0.0434278
0.042806953
0.042326417
0.04225566
0.042129043
0.042046983
0.041615684
0.041027978
0.040976238
0.040237088
0.04024373
0.03998488
0.03990668
0.039584626
0.039196163
0.038485058
0.03802034
0.037684225
0.037327126
0.036795847
0.03631631
0.035756193
0.035123505
0.03471388
0.034073222
0.033797447
0.033309016
0.032734726
0.03230234
0.031780448
0.031283207
0.030809097
0.03035673
0.029924825
0.029512206
0.029117791
0.028740577
0.028379641
0.028034128
0.027703242
0.02738625
0.027082467
0.026791258
0.02651203
0.026244232
0.025987348
0.0257409
0.025504434
0.025277533
0.025059802
0.024850875
0.024650404
0.024458066
0.024273554
0.024096586
0.023926891
0.02376422
0.02360833
0.023459006
0.023316031
0.023179213
0.023048362
0.022923306
0.02280388
0.02268993
0.02258131
0.022477884
0.022379523
0.02228611
0.022197526
0.022113672
0.022034442
0.02195975
0.021889506
0.02182363
0.021762047
0.021704689
0.021651492
0.021602394
0.021557346
0.021516295
0.021479199
0.021446014
0.021416709
0.02139125
0.02136961
0.021351768
0.021337701
0.021327399
0.021320848
0.02131804
0.02131804
0.02131804
0.02131804
0.02131804
0.02131804
0.02131804
0.02131804
0.02131804
0.02131804
0.02131804
0.02131804
0.02131804
0.02131804
0.02131804
0.02131804
0.02131804
0.02131804
0.02131804
0.02131804
0.02131804
0.02131804
0.02131804
0.02131804
0.02131804
0.02131804
0.02131804
0.02131804
0.02131804
0.02131804
0.02131804
0.02131804
0.02131804
0.02131804
0.02131804
0.02131804
0.02131804
0.02131804
0.02131804
0.02131804
0.02131804
0.02131804
0.02131804
0.02131804
0.02131804
0.02131804
0.02131804
0.02131804
0.02131804
0.02131804
0.02131804
0.02131804
0.02131804
0.02131804
0.02131804
0.02131804
0.02131804
0.02131804
0.02131804
0.02131804
0.02131804
0.02131804
0.02131804
0.02131804
0.02131804
0.02131804
0.02131804
0.02131804
0.02131804
0.02131804
0.02131804
0.02131804
0.02131804
0.02131804
0.02131804
0.02131804
0.02131804
0.02131804
0.02131804
0.02131804
0.02131804
0.02131804
0.02131804
0.02131804
0.02131804
0.02131804
0.02131804
0.02131804
0.02131804
0.02131804
0.02131804
0.02131804
0.02131804
0.02131804
0.02131804
0.02131804
0.02131804
0.02131804
0.02131804
0.02131804
0.02131804
0.02131804
0.02131804
0.02131804
0.02131804
0.02131804
0.02131804
