1628.7827
550.80237
254.45988
180.49149
142.21628
118.00122
100.93159
87.85246
77.74507
69.59774
62.905388
57.263607
52.628117
48.415028
44.807674
41.7773
39.03148
36.398647
34.17378
32.159733
30.435091
28.698551
27.227013
25.817896
24.515188
23.390614
22.454163
21.324362
20.644932
19.87279
18.85347
18.163683
17.506899
16.676361
16.078835
15.463367
14.905285
14.404391
14.092866
13.519275
12.966244
12.654326
12.184143
11.854769
11.473878
11.148422
10.955218
10.6024685
10.213429
9.9024
9.65031
9.400818
9.155643
9.040919
8.822067
8.449619
8.214959
8.056084
7.881471
7.709838
7.521216
7.468696
7.2280073
7.009011
6.8606653
6.7051525
6.5746126
6.504471
6.3416843
6.207317
6.045905
5.98573
5.851233
5.6938014
5.5801997
5.4973116
5.4011626
5.3308992
5.2052097
5.102087
5.0332656
4.919253
4.8113346
4.7399473
4.675373
4.6078687
4.531899
4.475485
4.3872933
4.394405
4.2762637
4.175647
4.1177216
4.0758395
4.029836
3.9497023
3.876252
3.8453276
3.7901843
3.7345815
3.6744545
3.6426747
3.5820155
3.5459778
3.5056298
3.4994633
3.4336016
3.3649025
3.3257978
3.2779696
3.2563443
3.2129376
3.2098672
3.1242309
3.1137972
3.084503
3.0324252
2.9737778
2.969518
2.923552
2.8703094
2.8763285
2.8025584
2.8011749
2.8308513
2.731678
2.6985896
2.6947396
2.6680424
2.6290197
2.5963824
2.600162
2.555988
2.5386693
2.519353
2.4918008
2.476469
2.4523742
2.4428217
2.4194577
2.3820493
2.3432395
2.331207
2.3223042
2.2981684
2.2680178
2.2552538
2.2332764
2.2191966
2.2051756
2.1897962
2.1599436
2.1537554
2.1300492
2.1150863
2.1058884
2.0870576
2.0635324
2.0539253
2.043092
2.0181398
2.0189254
1.9819084
1.9721962
2.0026584
1.9592115
1.9550241
1.9367396
1.9399123
1.9148961
1.8899181
1.8735633
1.8558338
1.8646708
1.8584543
1.8398281
1.8502519
1.8141847
1.8630856
1.8424563
1.7809725
1.7738806
1.7711568
1.7537541
1.7582701
1.7304255
1.7091777
1.7102035
1.7040703
1.6886883
1.6762838
1.6648661
1.6467192
1.6335012
1.6210521
1.6247174
1.606923
1.5971854
1.5865729
1.581086
1.5719402
1.560601
1.5475717
1.5494331
1.5344975
1.5323443
1.5210832
1.5067784
1.5035301
1.5061771
1.4858629
1.478721
1.470352
1.47221
1.4659114
1.4526222
1.4435326
1.4452204
1.4416901
1.4375963
1.4191457
1.4169105
1.4185302
1.4035778
1.3932753
1.3894877
1.3868269
1.3765008
1.3825725
1.3980691
1.3730102
1.358064
1.3556421
1.3479512
1.3450735
1.3355615
1.3427635
1.3277489
1.3279821
1.3196964
1.315822
1.3170812
1.3118417
1.3086098
1.3052212
1.2902615
1.2952683
1.2962213
1.2946985
1.2682332
1.2734839
1.2716146
1.2608134
1.2582219
1.255122
1.2493143
1.2483912
1.2493427
1.2405696
1.2363095
1.2403777
1.2319959
1.2223845
1.2262317
1.2214288
1.23698
1.2150208
1.2112707
1.203066
1.20879
1.2027282
1.2039913
1.2090487
1.1913906
1.1943787
1.1875525
1.1958284
1.1853701
1.1921434
1.1904409
1.2022995
1.1733676
1.1776603
1.1863191
1.1757418
1.1839435
1.1755881
1.1799618
1.1727828
1.1715735
1.1619235
1.166856
1.1580484
1.1534095
1.1583958
1.1458893
1.1480026
1.1490884
1.1488093
1.1354662
1.1487155
1.1284324
1.1340339
1.1269572
1.1349514
1.1243551
1.1137145
1.1123033
1.1090493
1.1069918
1.11746
1.1020834
1.0986695
1.09826
1.0986634
1.0993401
1.101214
1.0942278
1.0964746
1.1022149
1.0870268
1.0877736
1.0897866
1.0914782
1.085243
1.0752571
1.0823008
1.0859807
1.0763168
1.0828445
1.0782971
1.0737162
1.069896
1.059231
1.0564489
1.0565844
1.0559483
1.0527955
1.0592766
1.058137
1.0489327
1.0459094
1.0549102
1.0513114
1.0463893
1.0567464
1.0472857
1.0444099
1.0423272
1.0390033
1.0360034
1.0366646
1.0277139
1.0362425
1.0294007
1.0342098
1.0264564
1.0291439
1.0147976
1.0143162
1.0241913
1.0133898
1.0082805
1.015631
1.0109459
1.0099089
1.0027782
1.0098766
1.0115008
1.0003599
1.0040098
0.99884063
0.9969019
0.9910569
0.98468673
0.99146295
0.98967046
0.9955914
0.98536026
0.9864938
0.98915124
0.98774236
0.9797623
0.98234487
0.99073464
0.9813639
0.9859004
0.9858864
0.98228496
0.9837442
0.97454053
0.971649
0.97865444
0.9702887
0.9689954
0.9725713
0.9624786
0.97199506
0.954881
0.9613117
0.95685154
0.95991844
0.96105236
0.9537628
0.94819826
0.95454156
0.9487351
0.950466
0.9448081
0.9491376
0.95076066
0.93855596
0.93637055
0.9418017
0.9287353
0.9371439
0.9414334
0.9336585
0.93714154
0.9285545
0.92660236
0.9253606
0.9228766
0.92416817
0.91551924
0.9180256
0.9226228
0.9274015
0.91402495
0.91727567
0.91000104
0.91243577
0.91422105
0.9042079
0.8998899
0.902923
0.9018189
0.89525986
0.9025626
0.89744395
0.9044437
0.89700174
0.8994934
0.898459
0.895786
0.8928293
0.88911283
0.88818437
0.8920188
0.89276177
0.87948906
0.88659316
0.88623416
0.8819782
0.87260675
0.88302386
0.87992245
0.87958735
0.8754719
0.87391686
0.87915605
0.87522465
0.8651312
0.8760412
0.8698257
0.8657394
0.8686384
0.8627077
0.8673772
0.86714077
0.8619586
0.869945
0.86346996
0.8551683
0.8593514
0.8580014
0.8563097
0.8571053
0.84974253
0.8521839
0.8574411
0.86106193
0.8655069
0.87331396
0.85905963
0.85250914
0.85629714
0.856715
0.8551211
0.85557556
0.86362493
0.8496177
0.8474568
0.84748584
0.85301477
0.8551502
0.84358025
0.8533962
0.8518383
0.8509692
0.8441759
0.8466992
0.8525071
0.84848666
0.85506415
0.853457
0.8531191
0.84056467
0.8466447
0.84431803
0.8375212
0.84139496
0.84260696
0.8806463
0.8471979
0.84960926
0.84351575
0.84312075
0.8479026
0.8469757
0.8461627
0.842204
0.84285873
0.84534585
0.8406177
0.83288205
0.8579187
0.8371825
0.8361888
0.8289537
0.83835316
0.83038735
0.8393593
0.8243437
0.8343774
0.8331196
0.8357269
0.8287287
0.8278953
0.82924914
0.8324964
0.82566804
0.82777894
0.82313603
0.82809335
0.8232179
0.83084404
0.8326291
0.8322339
0.8229913
0.8215728
0.83287406
0.81946415
0.8223356
0.8251539
0.8291725
0.82617897
0.8327293
0.82749903
0.8245281
0.82860357
0.83107173
0.82960194
0.82394814
0.82451737
0.8285193
0.8311993
0.8316321
0.8314276
0.8343029
0.8266041
0.82520026
0.8241582
0.8319202
0.827022
0.8281977
0.8303538
0.82788056
0.8334597
0.82504183
0.8285421
0.830559
0.82304305
0.81905115
0.82534397
0.83022106
0.82371557
0.830541
0.819302
0.8233403
0.8132703
0.8218799
0.8171214
0.82106805
0.81686604
0.8198182
0.82167137
0.82221603
0.81203336
0.8129494
0.8174966
0.8169826
0.82224905
0.8174127
0.81779456
0.82115453
0.8105839
0.81260914
0.8166439
0.8133244
0.8168118
0.8128836
0.80621165
0.81032115
0.80689657
0.8130973
0.7983473
0.805626
0.81086737
0.80599993
0.8103066
0.7996472
0.8025122
0.8188982
0.8037795
0.80080664
0.8111857
0.8126556
0.79624027
0.7986674
0.7969077
0.8046526
0.80048823
0.7992456
0.7973873
0.79479325
0.7994771
0.79373074
0.7924575
0.8014251
0.7967729
0.78793967
0.79024136
0.7875452
0.78335655
0.7904407
0.7857296
0.7835384
0.78581625
0.7899163
0.7871264
0.7902912
0.79418105
0.78276825
0.7878193
0.7920083
0.78323984
0.7887364
0.78304994
0.78213084
0.7839911
0.7863373
0.7861462
0.783032
0.78147084
0.78558713
0.78874445
0.789909
0.78207994
0.7838487
0.7842335
0.7852734
0.78475076
0.7891279
0.7777381
0.792758
0.78262806
0.7853558
0.78235716
0.78383434
0.78148836
0.78138036
0.779803
0.7773183
0.78982085
0.77894723
0.7806823
0.78540146
0.7793669
0.7829549
0.779168
0.7834374
0.78489536
0.7730042
0.7716857
0.7808816
0.77810436
0.7758455
0.7761336
0.77790874
0.7790348
0.7846816
0.7790271
0.7747756
0.77395135
0.77072877
0.77322906
0.7816785
0.78396565
0.7798692
0.77721584
0.7852073
0.78321636
0.7779936
0.77182084
0.768371
0.77317864
0.7771176
0.7695437
0.77364993
0.7737624
0.7797315
0.7594407
0.772388
0.76157254
0.77282447
0.76637316
0.7688584
0.76715773
0.76785713
0.76893455
0.7599332
0.7612185
0.7664948
0.77123076
0.7600291
0.7643567
0.7653642
0.7635971
0.759848
0.7582923
0.7569821
0.76004624
0.75716025
0.7598075
0.7550536
0.7650687
0.75660354
0.75742304
0.7552893
0.7554902
0.75336784
0.75463265
0.74938166
0.75251794
0.7499915
0.74255
0.74469936
0.75099707
0.7500545
0.7450055
0.7447559
0.7505775
0.75090486
0.7516141
0.7466434
0.7380781
0.7453268
0.744851
0.7425767
0.7396319
0.74491614
0.7401537
0.74018925
0.73990923
0.7433314
0.73161143
0.7395219
0.7423146
0.7356449
0.7273272
0.7389625
0.7410867
0.7364614
0.733762
0.7388237
0.7379737
0.73699844
0.74501294
0.7415579
0.733938
0.7447283
0.74095196
0.7393219
0.7352476
0.7314717
0.7355274
0.73489136
0.73547024
0.73839486
0.7314452
0.7302062
0.7359725
0.7335069
0.73089385
0.7345525
0.7369492
0.7331433
0.7353989
0.7337443
0.739381
0.7362532
0.73311657
0.7317429
0.7301444
0.73769945
0.7335157
0.7296622
0.7309779
0.73099697
0.73411644
0.7398924
0.7321363
0.7397717
0.7316896
0.73336256
0.73883814
0.73096544
0.7353533
0.72933745
0.72413737
0.73177
0.72891617
0.72594726
0.72900116
0.7287507
0.7226494
0.72689354
0.731464
0.72721606
0.729376
0.7253915
0.7236581
0.7214847
0.72179675
0.71974117
0.72899354
0.7257296
0.71602273
0.7181219
0.71350825
0.7168155
0.713989
0.71688074
0.7167764
0.71300054
0.7142182
0.7150692
0.71444345
0.7154862
0.7090023
0.70908123
0.712443
0.71130574
0.71215934
0.70576996
0.71067345
0.71323836
0.7011337
0.71037346
0.7109278
0.7131333
0.7087155
0.69949985
0.699121
0.7047926
0.7013961
0.6986934
0.701231
0.7070669
0.6968895
0.6939666
0.6943956
0.70238686
0.697842
0.7045329
0.68985206
0.6936035
0.69450265
0.69698256
0.6933948
0.68637663
0.6916007
0.6931268
0.6950189
0.68795115
0.6883194
0.6835312
0.68668586
0.68676984
0.6933728
0.68917483
0.6922049
0.68301415
0.6797844
0.69073826
0.67950535
0.68658596
0.6901909
0.6935521
0.6839988
0.68496674
0.6846406
0.6848676
0.6858937
0.6869882
0.6768402
0.67690533
0.68255484
0.6800497
0.68520874
0.68044615
0.6789682
0.681768
0.682397
0.6802505
0.67621934
0.68617815
0.68503505
0.678604
0.6793532
0.6768034
0.68293923
0.6731771
0.6799067
0.6787747
0.6701782
0.6779016
0.6787331
0.6729314
0.68247175
0.6791084
0.6703675
0.6725639
0.6697149
0.6771022
0.6736091
0.6777021
0.6779075
0.666346
0.6730567
0.6690809
0.6648612
0.66704607
0.66991585
0.67268765
0.66790193
0.67490834
0.6723809
0.6680918
0.6611547
0.66828567
0.6549591
0.6655298
0.6588172
0.6561057
0.65621966
0.6653196
0.6610606
0.65761375
0.65482664
0.65921783
0.66214323
0.6608127
0.6617192
0.6592432
0.65797025
0.66660213
0.6549701
0.6701572
0.6647583
0.6564262
0.6570196
0.6618362
0.6624785
0.6639406
0.6698052
0.66180253
0.66032964
0.65466046
0.66304755
0.6646057
0.66328853
0.6545824
0.66071737
0.66475916
0.6598115
0.6671317
0.6634072
0.65299034
0.6571841
0.6606894
0.6570279
0.65603083
0.6595575
0.6586921
0.65824264
0.6586808
0.6580417
0.66478974
0.66067743
0.66639125
0.65416235
0.6604867
0.65631115
0.663129
0.65756077
0.6606346
0.6624252
0.66157055
0.65839285
0.6592461
0.6625033
0.66109884
0.6541741
0.6575421
0.6481519
0.65700823
0.6647816
0.65387577
0.6574562
0.6586699
0.6575571
0.65675765
0.65490717
0.66054744
0.65707636
0.65679115
0.6609789
0.6580067
0.66198146
0.6587832
0.6578094
0.65923727
0.65391666
0.6436503
0.6595356
0.6425648
0.65394676
0.6523332
0.6516957
0.65193576
0.6570388
0.6589507
0.64601123
0.65092283
0.6484341
0.6438551
0.64883065
0.6471076
0.6460934
0.6485908
0.6498286
0.6457457
0.6465732
0.6440707
0.64392245
0.6490105
0.64819944
0.6444108
0.6442411
0.64374715
0.64020896
0.6422148
0.6436591
0.63067
0.6333105
0.64805454
0.63276273
0.6330289
0.63576204
0.63196015
0.6309555
0.6391163
0.6307533
0.6394247
0.6331217
0.63178706
0.6306019
0.6363742
0.63044417
0.6334622
0.630791
0.6381826
0.6296561
0.6367173
0.6361996
0.637304
0.6331396
0.6344021
0.632087
0.6312316
0.63123196
0.63211554
0.6410336
0.6342631
0.6283433
0.63605314
0.634265
0.6354749
0.6311283
0.6315311
0.6313417
0.63034695
0.63143975
0.6333369
0.6366989
0.6307165
0.62880766
0.63317525
0.6300501
0.62816405
0.6322367
0.62823653
0.6252506
0.62558144
0.63411635
0.6292021
0.6307143
0.6293201
0.6215056
0.6287501
0.629302
0.63027817
0.6199391
0.62174624
0.624965
0.6304725
0.6340227
0.63760954
0.6301154
0.6275412
0.61722195
0.6235094
0.632612
0.6220036
0.6249127
0.6202361
0.6316561
0.623725
0.6283552
0.62542135
0.6251493
0.6286187
0.6313156
0.6266151
0.62611645
0.63483447
0.62946564
0.6279107
0.6293296
0.62569064
0.6310088
0.634151
0.6275773
0.628766
0.62571293
0.62271345
0.6251145
0.62646455
0.62829363
0.62019724
0.6259692
0.6202037
0.6239608
0.62884766
0.6187254
0.61414653
0.6127706
0.6190173
0.6217061
0.61690766
0.6119609
0.60788953
0.61147416
0.61282444
0.6163419
0.60981536
0.6053227
0.6082314
0.61544675
0.6079333
0.6076507
0.6112387
0.60835034
0.60841525
0.60438615
0.6115786
0.6044025
0.6062252
0.60568625
0.60603815
0.60585713
0.6038545
0.59575623
0.60155725
0.6057482
0.6012426
0.59885925
0.60318923
0.6027414
0.59486496
0.5960313
0.59633553
0.5955971
0.60165334
0.6089076
0.5979495
0.59507495
0.5956488
0.59540737
0.59260976
0.5943635
0.5944164
0.5861615
0.5853562
0.58686095
0.5901145
0.59145087
0.58629143
0.58733773
0.58254683
0.5814256
0.5813164
0.5824467
0.58156586
0.57992315
0.579429
0.58541465
0.5803636
0.58310527
0.58317465
0.5783584
0.57999235
0.57798356
0.5771404
0.5806559
0.5781419
0.577528
0.58204556
0.5747393
0.57847834
0.57316
0.5789256
0.5815348
0.58083504
0.5844337
0.57851875
0.5718914
0.58274996
0.57860315
0.5769015
0.5849917
0.5766658
0.57530284
0.5781662
0.57497954
0.5706979
0.57154375
0.58110356
0.58268815
0.57705665
0.57983017
0.58194697
0.5712311
0.5763258
0.57641214
0.57987064
0.58087766
0.5796124
0.577352
0.58495027
0.5805517
0.5790547
0.58096236
0.5775137
0.5803426
0.57753885
0.5764266
0.5888022
0.5841782
0.5941811
0.59034586
0.5802126
0.5790485
0.5806888
0.5847728
0.5795991
0.576312
0.58331156
0.58506846
0.5789899
0.57939136
0.57618463
0.58485025
0.5816791
0.5826523
0.5779693
0.58461785
0.58808464
0.5818294
0.58407515
0.57867897
0.5840256
0.57371265
0.57955307
0.5754924
0.58379036
0.57688284
0.5740203
0.5766085
0.57229596
0.57521003
0.5794026
0.5764995
0.5784343
0.57495844
0.5696432
0.57847875
0.5793671
0.5782235
0.5763516
0.5769093
0.5800444
0.57353675
0.56977695
0.5717507
0.5697151
0.56955534
0.57505524
0.5706291
0.57069564
0.5728899
0.5680671
0.5703067
0.57180166
0.5678156
0.56848276
0.5681401
0.5729058
0.5697467
0.56810963
0.57237095
0.560877
0.56425405
0.5687261
0.5639346
0.5650471
0.57030445
0.5673104
0.5689975
0.563378
0.57129484
0.5642823
0.56611264
0.56732297
0.5651243
0.5679141
0.5624355
0.5666377
0.5642516
0.56147766
0.5615457
0.5679586
0.5641863
0.5712037
0.5611889
0.56480247
0.5660263
0.5640821
0.55651087
0.55826277
0.56025714
0.5645448
0.55542403
0.55977935
0.56484944
0.5615536
0.5659336
0.5627914
0.568218
0.5606856
0.55671686
0.5608581
0.5721579
0.55435103
0.5624668
0.55869424
0.56408125
0.55902123
0.5583784
0.5586833
0.5649512
0.56554794
0.5582365
0.54847807
0.56483483
0.56250435
0.5652358
0.567687
0.55949473
0.564218
0.56361365
0.55538476
0.56489205
0.5691308
0.56020314
0.56122816
0.5588082
0.563001
0.56391937
0.56322014
0.568118
0.5600768
0.56124145
0.5635853
0.5632458
0.5580347
0.5626645
0.5581586
0.56722265
0.56057864
0.558408
0.55631083
0.56112856
0.5642737
0.55190116
0.5576635
0.5613431
0.5650533
0.5608824
0.5649901
0.5600076
0.55935764
0.5608412
0.5561253
0.55912685
0.55752826
0.5605018
0.556707
0.55782706
0.5552501
0.5535719
0.5562029
0.55058676
0.5491791
0.5552547
0.5567165
0.5528551
0.5474887
0.54897386
0.55517715
0.549738
0.55708694
0.55074614
0.54637563
0.54666406
0.5540912
0.54450613
0.5502008
0.5450151
0.5432402
0.55853266
0.5514145
0.5430704
0.5446337
0.53890026
0.5434608
0.5343713
0.53876776
0.5395478
0.54137415
0.5420164
0.5334187
0.54056215
0.53692627
0.53397894
0.53287894
0.5361765
0.5312737
0.5318713
0.5325891
0.5346806
0.5277562
0.5325918
0.53186595
0.5338022
0.52861774
0.53184634
0.52851427
0.5305596
0.5275891
0.5296833
0.5272331
0.524203
0.522115
0.5281429
0.5311587
0.52901447
0.5209744
0.5255041
0.5205321
0.5305043
0.52167916
0.5210839
0.5223085
0.5281238
0.5246202
0.518506
0.522351
0.5187517
0.5137464
0.51916444
0.51421654
0.5162264
0.5179978
0.51819086
0.5177225
0.51862997
0.5166263
0.5190176
0.51700383
0.5180932
0.5120882
0.5104621
0.5143132
0.5140556
0.5143214
0.51855826
0.51767725
0.51831275
0.517076
0.51643455
0.5118307
0.5182565
0.5147282
0.5117035
0.5167823
0.5097609
0.50430584
0.5108734
0.509763
0.5129783
0.51448274
0.5126985
0.51130754
0.508684
0.5100929
0.50872314
0.50814295
0.507924
0.5084939
0.5010367
0.5098261
0.50349796
0.5093968
0.50472116
0.50665027
0.5034348
0.51686937
0.509125
0.50705576
0.5061727
0.5055445
0.5013498
0.5064326
0.5065649
0.51602876
0.5046145
0.5063677
0.5075916
0.50764203
0.50976735
0.51067674
0.50540525
0.5128464
0.5057055
0.50705934
0.50980836
0.5089912
0.51467025
0.5109355
0.5112907
0.5087784
0.50634915
0.5011775
0.5130283
0.51050717
0.5112655
0.5138929
0.5134896
0.5090692
0.50668305
0.5086828
0.511175
0.51521903
0.5113212
0.51286787
0.51535255
0.5105478
0.5116526
0.51381886
0.5098931
0.5169723
0.5074935
0.5116168
0.504398
0.50449646
0.51267356
0.50055426
0.51533294
0.5136826
0.5085448
0.50522745
0.51386994
0.50811267
0.5085462
0.5065648
0.5073421
0.50405914
0.5055089
0.50953245
0.50296503
0.4929475
0.5014932
0.5057408
0.5018284
0.50121754
0.49581584
0.5031466
0.50388944
0.5014206
0.49966946
0.49899113
0.4978673
0.4964817
0.4979397
0.5009403
0.5026527
0.5030555
0.5028638
0.49557763
0.50020766
0.49697405
0.50042844
0.49700624
0.5043127
0.49688408
0.4920739
0.4942274
0.4924913
0.4899579
0.49512613
0.49497327
0.4887609
0.4894251
0.4955024
0.49234787
0.48162785
0.489098
0.48263302
0.4869022
0.48485184
0.49391037
0.48945072
0.49368525
0.48148298
0.48877344
0.49150825
0.48953927
0.48896757
0.48168358
0.48803708
0.4867063
0.4839872
0.49054354
0.48056117
0.48607138
0.48260468
0.48447305
0.49076384
0.48274407
0.48788726
0.48378336
0.48658878
0.4844201
0.4843171
0.48730978
0.4931329
0.48526204
0.4878305
0.47646004
0.47905222
0.4760443
0.48528486
0.48212332
0.4763988
0.4906953
0.48343974
0.4840327
0.47903872
0.48300153
0.4784413
0.48639464
0.48274055
0.48351768
0.48219287
0.48537087
0.47499555
0.47860625
0.47436178
0.47835812
0.47445318
0.4799596
0.48506165
0.48197296
0.48080772
0.48181668
0.47662714
0.48359504
0.4786736
0.4750979
0.4727728
0.48365626
0.48030794
0.47276393
0.47718036
0.47755554
0.47631237
0.47776088
0.46953133
0.481457
0.47028753
0.46725655
0.48110303
0.47970805
0.48023278
0.47962764
0.47243017
0.46938
0.47943032
0.47769162
0.47348547
0.46605295
0.47255367
0.4740839
0.47142056
0.47162747
0.46848786
0.46839222
0.46727684
0.47451597
0.471815
0.46173647
0.47358555
0.47225612
0.4680363
0.47379762
0.4713363
0.46601504
0.4743487
0.4668669
0.4704604
0.47121984
0.47184035
0.47118154
0.47362056
0.47095573
0.46529946
0.47276494
0.47333032
0.4709057
0.47467992
0.4700714
0.47025913
0.47026572
0.4733817
0.47513646
0.4744731
0.47612238
0.4673392
0.4732921
0.47732076
0.47474557
0.47015038
0.46838093
0.4747771
0.47284684
0.4709629
0.46589497
0.46774834
0.45996627
0.46574947
0.475069
0.46641618
0.4654568
0.46099633
0.46427566
0.46436784
0.46857113
0.46254832
0.46803224
0.4648738
0.46520373
0.46418425
0.47072625
0.4570915
0.46423995
0.45649838
0.46483046
0.4624548
0.46079737
0.45460168
0.46499792
0.46022466
0.46274212
0.4647534
0.45671573
0.4602149
0.46137577
0.46461546
0.46212992
0.46883404
0.45977938
0.46084785
0.461356
0.4666443
0.46232504
0.45939896
0.45703918
0.4555183
0.45479622
0.46127212
0.46301752
0.46266833
0.45981866
0.4552917
0.45311856
0.46254078
0.45671144
0.4623542
0.45764422
0.45644808
0.4577939
0.45857012
0.45945144
0.45676276
0.45845258
0.45846745
0.4594117
0.4553132
0.46030837
0.45795792
0.45701593
0.4531749
0.4547761
0.45490095
0.4560094
0.45240846
0.4553327
0.45554304
0.4592592
0.45742676
0.45135134
0.45721388
0.4514122
0.4536689
0.45757464
0.44946826
0.4546042
0.4549044
0.45796168
0.45789167
0.45258662
0.4524528
0.45133436
0.45742396
0.4567523
0.45424
0.44959533
0.4518504
0.45243365
0.45542344
0.457836
0.45126176
0.4574125
0.4520894
0.45745116
0.45047617
0.44635397
0.45235974
0.4460552
0.4544156
0.44521785
0.4482236
0.44523776
0.4528896
0.45080394
0.4428014
0.44857925
0.44423795
0.44739336
0.45116264
0.4450778
0.45092735
0.4426516
0.44446543
0.44629815
0.4452394
0.449227
0.44565973
0.45605543
0.4495985
0.4499393
0.4462846
0.4434438
0.4478949
0.4475078
0.4430564
0.45206606
0.4511888
0.44915155
0.4482394
0.45475048
0.4495149
0.45191276
0.44096005
0.44824857
0.44893888
0.44491515
0.44722402
0.446486
0.44676122
0.45310763
0.45058444
0.45101354
0.4536752
0.44945052
0.44615632
0.44423494
0.44730294
0.4447843
0.45224825
0.4544558
0.44610435
0.4407331
0.44304192
0.43859467
0.44384372
0.4405598
0.44408038
0.44634748
0.4448931
0.44121742
0.44136888
0.44601065
0.44664803
0.44831112
0.4443037
0.44071433
0.4378516
0.44180718
0.43647885
0.43856364
0.43843898
0.4407279
0.43843266
0.43806443
0.4424044
0.43964747
0.43766287
0.44336924
0.43818405
0.4451995
0.43636167
0.44043627
0.43638894
0.44092253
0.4451904
0.43933293
0.4354666
0.43672413
0.4378663
0.43932742
0.44061613
0.4431465
0.43326002
0.43913785
0.43553632
0.4340284
0.44073373
0.43620852
0.4354217
0.4296956
0.43613517
0.4314434
0.4310754
0.4282176
0.4294872
0.43190894
0.42958522
0.4251884
0.42916703
0.43149382
0.42976892
0.42916116
0.42553508
0.43113536
0.4274761
0.41956615
0.4300612
0.42196825
0.42050713
0.42751762
0.4300665
0.43431216
0.42907226
0.42175925
0.427266
0.42316252
0.43011552
0.42865542
0.4240305
0.43023908
0.4196073
0.42535305
0.42820472
0.42942286
0.43042883
0.42453682
0.4348173
0.4273879
0.42126057
0.42564172
0.42713687
0.42541748
0.42542577
0.42647937
0.4236289
0.4229641
0.4222431
0.4251403
0.42874196
0.42070788
0.41919208
0.4175258
0.42692187
0.42240465
0.422838
0.4205331
0.41933855
0.41557005
0.42960244
0.42129117
0.42794353
0.42130408
0.4254555
0.4195341
0.4261879
0.43182823
0.41867444
0.42778888
0.4263573
0.42472643
0.42057297
0.42341912
0.42569333
0.42670408
0.4243995
0.42804292
0.42766783
0.4277941
0.42372558
0.4239515
0.42042893
0.42310148
0.420325
0.41981462
0.4185393
0.42257696
0.42028663
0.42083824
0.42194876
0.41276312
0.4244527
0.4183356
0.41340876
0.4236308
0.41014284
0.4185693
0.41805503
0.4170216
0.42094126
0.41586822
0.4150311
0.4195592
0.4165425
0.4163549
0.41627404
0.41479278
0.41856617
0.41528636
0.4198689
0.4151469
0.4102742
0.4145905
0.4169206
0.4195324
0.4131365
0.4206555
0.4131443
0.4161752
0.41512415
0.41032666
0.41769743
0.41141152
0.4136592
0.41594094
0.41476506
0.41202053
0.41566628
0.41464472
0.4132975
0.4153256
0.41016835
0.41462028
0.4102055
0.41498637
0.41406226
0.4103392
0.4093242
0.40993387
0.41406396
0.40773222
0.40999016
0.40872326
0.4124451
0.40519908
0.40973276
0.4105695
0.41150853
0.40243784
0.41111553
0.40657377
0.4052902
0.40684593
0.41166943
0.40560934
0.40434244
0.4038746
0.40021434
0.40359244
0.40941277
0.40970114
0.40759096
0.40211216
0.40625623
0.4172027
0.40603414
0.40555677
0.4101373
0.4065482
0.40787295
0.40837672
0.4090719
0.403228
0.40835887
0.39981058
0.40321618
0.40487197
0.4003067
0.40620548
0.39816287
0.39672256
0.39838433
0.40479106
0.39816737
0.40295222
0.39903137
0.40098357
0.40052843
0.39699885
0.4002195
0.39539114
0.39920765
0.4030402
0.40140286
0.40332675
0.4009174
0.3999594
0.3947614
0.40313682
0.3936447
0.40025976
0.39566866
0.4042264
0.40141284
0.3931034
0.4017048
0.40036058
0.3993783
0.40652087
0.40794784
0.40485635
0.40667716
0.39873496
0.40110126
0.39829412
0.40187204
0.40180996
0.40375423
0.40385532
0.40328738
0.4004292
0.40466338
0.39561793
0.39767173
0.39662138
0.3954873
0.3993857
0.39906803
0.3957081
0.39701656
0.4014256
0.39380044
0.4031893
0.3972804
0.39733773
0.3990131
0.40114498
0.39533475
0.4025219
0.39625078
0.39272103
0.3933578
0.39206818
0.3959556
0.3975465
0.39327312
0.40039912
0.39303634
0.3910821
0.38543692
0.3913062
0.3881936
0.3862576
0.38439223
0.39173222
0.3893823
0.3896141
0.38695213
0.3888511
0.38838744
0.3812776
0.3833149
0.3800788
0.38232815
0.38674864
0.38743794
0.387024
0.38136157
0.38489914
0.38025603
0.38328326
0.3794405
0.38221884
0.38516113
0.3785194
0.3814167
0.3733997
0.37896475
0.37654743
0.37799707
0.3798655
0.3888079
0.37623057
0.3824359
0.38356733
0.37690872
0.37774503
0.38046846
0.3819216
0.37478882
0.38210678
0.37688228
0.3761628
0.3827522
0.37977526
0.3736078
0.37525123
0.3734468
0.38034397
0.37584367
0.3760159
0.38272694
0.37577876
0.3803793
0.37330014
0.37582725
0.37289366
0.3726528
0.37593228
0.37850967
0.3742157
0.3710784
0.37048307
0.3718772
0.37416396
0.37156886
0.37404525
0.37557018
0.3743623
0.37333083
0.38040286
0.37302417
0.37908193
0.37879205
0.37156495
0.3721974
0.37148827
0.3799484
0.3745359
0.37555468
0.37407666
0.37072468
0.37523413
0.37441817
0.37137088
0.3785584
0.37693512
0.3774296
0.37962726
0.37484095
0.3720984
0.3762744
0.36792338
0.37124768
0.36731723
0.3728638
0.37281725
0.37566727
0.37707886
0.37899482
0.36876824
0.369028
0.37297964
0.3745179
0.3752108
0.37264457
0.3746342
0.37946355
0.3697556
0.3768866
0.37094563
0.379374
0.3727171
0.37516138
0.37701786
0.37556812
0.37902638
0.37492448
0.3699832
0.38436943
0.37985855
0.376151
0.38234085
0.380697
0.37451625
0.37221783
0.37615564
0.3791879
0.3706362
0.37728682
0.38114464
0.38116854
0.37654546
0.3699931
0.3766962
0.3706061
0.3774645
0.3732491
0.38353676
0.37923864
0.37334794
0.3784657
0.3757792
0.37614262
0.37085545
0.3806295
0.36957324
0.3732077
0.37416747
0.37863868
0.37694022
0.37365222
0.37610117
0.3780406
0.37446943
0.37776765
0.37373558
0.37418166
0.36926192
0.37439066
0.37322035
0.36914426
0.37085378
0.37169862
0.377982
0.37174147
0.3741187
0.37463272
0.3712662
0.3721173
0.36832827
0.3732628
0.3715882
0.3703235
0.37061113
0.36479467
0.37297672
0.3697736
0.3679334
0.36813086
0.36908117
0.37040207
0.3703087
0.37486818
0.36781675
0.37096635
0.37229744
0.37155664
0.36925995
0.3640895
0.36951303
0.36841208
0.37042314
0.36807236
0.36685222
0.37390053
0.37663856
0.37348762
0.37264517
0.36908013
0.36652145
0.36584368
0.37357125
0.36674887
0.36912754
0.37112352
0.36894503
0.3715226
0.3736157
0.36214802
0.3686705
0.37031868
0.37076792
0.37161326
0.3698315
0.3690085
0.37158236
0.36567837
0.36789504
0.36441725
0.36901256
0.3686802
0.37159523
0.3689298
0.36392546
0.36119515
0.36577412
0.3628842
0.36509338
0.36509162
0.3627345
0.3606794
0.36376065
0.36000264
0.3580722
0.36020806
0.36150354
0.36177364
0.3601633
0.35507697
0.36250582
0.3528442
0.35652125
0.3535149
0.3608147
0.35897323
0.34996483
0.3552486
0.3546077
0.35761526
0.3512272
0.35484868
0.35849088
0.35161126
0.36056378
0.35486752
0.34985062
0.35703793
0.35373384
0.35360023
0.3596586
0.35456687
0.34798425
0.35434952
0.35912764
0.35769537
0.35292366
0.35496387
0.36404493
0.36089447
0.35598126
0.3585661
0.35227385
0.3527437
0.3517237
0.35743046
0.34718457
0.3573772
0.35816303
0.35158238
0.35265195
0.3496463
0.35185504
0.35731527
0.35555723
0.3494443
0.36116147
0.3523668
0.36170298
0.35298762
0.3547847
0.35394478
0.35808414
0.35780048
0.354465
0.3505944
0.34704027
0.3602573
0.35458535
0.35342374
0.35381132
0.35596853
0.354201
0.36313796
0.3591116
0.35787082
0.35369858
0.35015538
0.34961036
0.35950026
0.35759133
0.35553768
0.3557496
0.35513547
0.35500002
0.3544614
0.35572565
0.35586143
0.35347712
0.35607952
0.3592011
0.3534935
0.36419094
0.3606522
0.3631357
0.35528213
0.3579599
0.35482374
0.35746515
0.35883608
0.3509569
0.3514331
0.3524385
0.36102423
0.35660505
0.3550789
0.3527193
0.35723263
0.3581371
0.35743707
0.34978682
0.35440117
0.35069343
0.35352218
0.34993634
0.35071522
0.35604653
0.3495221
0.34959814
0.345675
0.3550326
0.34690997
0.3506249
0.35146636
0.35429934
0.35498938
0.34956616
0.35810533
0.35197532
0.35574928
0.35951978
0.35961932
0.34999108
0.35305312
0.35211527
0.35378012
0.35393444
0.35128865
0.35782558
0.36017817
0.35614717
0.35759315
0.3547078
0.35163528
0.35106263
0.35356438
0.35983256
0.34970033
0.35589796
0.35627013
0.35502994
0.356717
0.35051066
0.35435534
0.3446521
0.34907883
0.34853557
0.35011545
0.35096267
0.34628186
0.34969035
0.34611028
0.3450827
0.34045812
0.34372848
0.3461287
0.3410314
0.34365648
0.34504533
0.34540415
0.34041506
0.34235892
0.34358367
0.3435455
0.34103584
0.33683816
0.34409037
0.34114248
0.3386469
0.3380318
0.3412685
0.34030923
0.3407213
0.33551714
0.34180808
0.34101462
0.3401717
0.3365698
0.3340284
0.34048125
0.3390002
0.34081253
0.33671004
0.33696648
0.33720073
0.34178698
0.33538306
0.33516166
0.33737242
0.33528286
0.33705065
0.33190942
0.33587846
0.33685064
0.34309453
0.33920342
0.3376476
0.33655322
0.33376646
0.33355084
0.33553782
0.33512273
0.33606416
0.3350962
0.33177787
0.33886257
0.33126923
0.33475578
0.3313287
0.34128848
0.33687967
0.33645296
0.33720323
0.3338308
0.3378909
0.33451977
0.33866313
0.33923388
0.33090743
0.333217
0.32682708
0.3338331
0.32988143
0.3325051
0.33508348
0.32695556
0.3333118
0.3387534
0.33257294
0.3307108
0.33061713
0.32686743
0.32480952
0.32864705
0.32942155
0.3264889
0.33401763
0.3276626
0.3301266
0.32617036
0.3304108
0.3215377
0.32744327
0.32603356
0.32222104
0.3219367
0.3226576
0.32540026
0.32650697
0.32484716
0.3285457
0.32251135
0.32571113
0.3207831
0.32181138
0.32536647
0.31907362
0.32453197
0.32406932
0.3274778
0.3245617
0.3172157
0.32492158
0.3240956
0.32109812
0.32115448
0.32106307
0.32027668
0.3183115
0.3223522
0.3248172
0.3232214
0.31854886
0.32591033
0.3165876
0.3178875
0.31947878
0.3240849
0.31976494
0.31995323
0.31883928
0.31788772
0.32055497
0.3170216
0.32147157
0.32058585
0.32039225
0.32149252
0.31944472
0.32033587
0.31878728
0.31672806
0.3175906
0.3204632
0.32283866
0.31600696
0.31695583
0.33029643
0.32110795
0.32608294
0.31956878
0.32416677
0.32181594
0.31621596
0.319145
0.31993297
0.3231499
0.32548422
0.31959704
0.31576338
0.3175122
0.32185474
0.3156664
0.32238516
0.31904203
0.32200548
0.3167545
0.3226216
0.32233265
0.31746203
0.3210187
0.31749398
0.32142428
0.32029146
0.3237489
0.32169554
0.32465303
0.32969043
0.3200282
0.32015115
0.3222279
0.32173717
0.32278323
0.31953523
0.32734883
0.3224506
0.3186301
0.3183933
0.3213134
0.32174587
0.3235262
0.32052612
0.32499513
0.3208184
0.3237185
0.3189524
0.32210487
0.32108793
0.32080117
0.32625982
0.3172514
0.3208949
0.32241324
0.32628834
0.32329842
0.3333444
0.32933518
0.32374275
0.3216337
0.32735866
0.3275327
0.32915604
0.32220513
0.3259551
0.32746705
0.33026662
0.32519728
0.32139972
0.32421932
0.33019322
0.3256567
0.33436152
0.3220453
0.32513133
0.32214358
0.31918874
0.32727996
0.32751575
0.31850082
0.32425368
0.32021746
0.3188901
0.31845358
0.32089233
0.32019985
0.3250007
0.31703788
0.31784445
0.3244762
0.3252413
0.31828094
0.32683977
0.32335922
0.32722995
0.32078746
0.3194438
0.32410005
0.326196
0.32099465
0.31534585
0.32310075
0.3193563
0.32170653
0.31717142
0.31864312
0.31843716
0.32013956
0.32136562
0.31901148
0.32335624
0.3178196
0.3110005
0.31935513
0.3151876
0.32200438
0.31640255
0.3216104
0.32938483
0.3210195
0.31878117
0.3166712
0.32374495
0.31881
0.32273328
0.32250535
0.31536987
0.3218399
0.319235
0.32215345
0.31969538
0.3226534
0.31967822
0.32522398
0.3237071
0.3135866
0.3223644
0.31928453
0.32011938
0.31822658
0.33254284
0.32144612
0.31714645
0.31979388
0.32120013
0.31841597
0.3169495
0.32098654
0.32320648
0.3233935
0.32142472
0.31967148
0.3154013
0.32761738
0.31469175
0.32575715
0.3214833
0.3220794
0.32064644
0.3225136
0.32037172
0.32086992
0.3209068
0.3196699
0.3188198
0.3178712
0.31819037
0.31312552
0.30754453
0.31487697
0.31344947
0.31771448
0.3175578
0.32149518
0.31894004
0.3182853
0.31424057
0.31828827
0.31714055
0.31182146
0.3097363
0.31565905
0.3109999
0.3185044
0.30875936
0.31054014
0.31847724
0.31878555
0.31187913
0.3119498
0.31323063
0.30897188
0.31389746
0.31847963
0.31797397
0.31081316
0.31240895
0.31137618
0.32037225
0.31146178
0.31571457
0.3193652
0.3142998
0.31970823
0.31274906
0.31302944
0.3131737
0.31611058
0.31334278
0.31150213
0.30981746
0.3174315
0.31080094
0.30998623
0.3107398
0.3120092
0.3167772
0.311306
0.3088212
0.3068555
0.30847543
0.30460212
0.3073802
0.30704856
0.3025359
0.3065821
0.30188677
0.3066437
0.30829293
0.30096194
0.30763635
0.30524218
0.30362433
0.30189872
0.30088523
0.3027739
0.307204
0.29767978
0.3036588
0.30377415
0.30444896
0.30369553
0.3063266
0.3016812
0.29787418
0.295702
0.30306014
0.2968352
0.295536
0.2943453
0.30052385
0.29919657
0.30049843
0.2962529
0.29822218
0.29918957
0.29795232
0.30022967
0.29580316
0.2957893
0.30030432
0.29951105
0.2959976
0.29697046
0.294122
0.2974813
0.2900009
0.29586837
0.2999246
0.29352632
0.2912257
0.29886568
0.29110202
0.29874504
0.29652146
0.29829967
0.30423477
0.2931649
0.29506332
0.29577482
0.29956353
0.2956076
0.29942504
0.2981888
0.29857218
0.29870465
0.30027273
0.3060344
0.29739246
0.29954064
0.29631114
0.29434505
0.30004036
0.29507846
0.29612404
0.29173464
0.29677954
0.30079234
0.29499695
0.29870427
0.29763767
0.29794428
0.29777944
0.29845265
0.29311436
0.2958621
0.29913107
0.3010664
0.29315394
0.29028487
0.29408547
0.29736647
0.29643902
0.2950889
0.29105106
0.2938694
0.29263204
0.28997323
0.29518503
0.28802225
0.28866816
0.2855715
0.28503558
0.28834823
0.2892553
0.29272535
0.28914484
0.28674927
0.28599688
0.2807474
0.2827682
0.28417805
0.2805751
0.2860283
0.28616595
0.27940264
0.283332
0.28117064
0.2813121
0.2788192
0.28189543
0.28336623
0.27809724
0.27964988
0.2766155
0.27936006
0.28615126
0.2753151
0.28946638
0.2820895
0.282591
0.28415865
0.27874294
0.2811739
0.28146172
0.28177288
0.27982345
0.2810797
0.2837052
0.2834854
0.28102344
0.2804175
0.2829428
0.27771282
0.27856418
0.28151762
0.28569573
0.27715954
0.28226382
0.28152412
0.28978643
0.27418792
0.27494884
0.27844173
0.28066915
0.27043796
0.27612475
0.27865055
0.27538493
0.27344498
0.28443676
0.27564695
0.2726228
0.27755994
0.27956167
0.28064504
0.27390444
0.2677205
0.27633095
0.27165627
0.27330062
0.27724347
0.2730816
0.27554768
0.2751219
0.2801928
0.28033295
0.26838803
0.27256903
0.27921724
0.27654335
0.28286436
0.2776874
0.27845353
0.28131303
0.27588418
0.27552214
0.275692
0.27489442
0.2795019
0.27524233
0.27174106
0.27100724
0.28017864
0.27102172
0.27821454
0.27343816
0.27107483
0.27651164
0.27630138
0.27330086
0.27730438
0.27298293
0.27708554
0.26730254
0.2752359
0.27546275
0.27163404
0.2701534
0.27920675
0.2776889
0.27738014
0.27320844
0.27260244
0.27657363
0.27411076
0.28219247
0.27646258
0.27401203
0.2822836
0.28080106
0.27981547
0.2806588
0.2695248
0.27981645
0.27887577
0.27644098
0.279713
0.27277753
0.27056164
0.2762941
0.27737933
0.27707112
0.27411056
0.26947388
0.27702507
0.277934
0.27761275
0.28014743
0.2759947
0.27591547
0.2750574
0.2778724
0.26865247
0.26839042
0.27236745
0.27357882
0.28111777
0.28203773
0.2762178
0.27784982
0.27713358
0.2692588
0.27902517
0.27058163
0.27472937
0.27480498
0.27650037
0.27247244
0.27247685
0.2774962
0.27455327
0.2792823
0.26956987
0.27397615
0.27751166
0.27503133
0.26606432
0.27547598
0.2738881
0.26751077
0.27220502
0.27029637
0.2692241
0.2679922
0.26696113
0.2649772
0.27477276
0.27203864
0.2735662
0.27570778
0.27190942
0.27053696
0.26632372
0.26719743
0.2674918
0.26287705
0.26804873
0.26353928
0.2639335
0.272754
0.26143268
0.26961124
0.2615484
0.25991502
0.26538286
0.25680217
0.26607808
0.2610428
0.26221883
0.25786868
0.2607547
0.258824
0.25682342
0.25838354
0.2590323
0.25907913
0.2564391
0.26690108
0.25643322
0.26086062
0.26242316
0.25392643
0.2525225
0.25735232
0.2580955
0.25583813
0.25498706
0.26139864
0.256659
0.2531746
0.26043543
0.2580695
0.2582699
0.25612274
0.24960303
0.25344235
0.25533047
0.2539873
0.25140184
0.25745755
0.25171775
0.25168467
0.25124004
0.24922082
0.25343597
0.24978004
0.25524953
0.24931641
0.25175777
0.25129446
0.25532535
0.2545065
0.25019798
0.2530816
0.2615453
0.25173226
0.25641456
0.24854805
0.2445896
0.24870767
0.2587902
0.25043634
0.25467992
0.25253704
0.2566197
0.25181925
0.24672806
0.25492477
0.25057304
0.24917364
0.2533213
0.24999669
0.2472807
0.24634878
0.25184423
0.25392696
0.24660851
0.25467324
0.25425372
0.25333995
0.2506271
0.24668391
0.24432713
0.24966455
0.25269982
0.25439438
0.25102
0.25201628
0.25685114
0.25464675
0.25763205
0.24686234
0.24827106
0.25366744
0.2604217
0.248286
0.25193337
0.25058588
0.2553045
0.25380382
0.2564778
0.2544489
0.25740528
0.25691584
0.2564744
0.25633487
0.25512516
0.2530878
0.25466865
0.25681517
0.25381857
0.2504635
0.25256777
0.25838777
0.2527455
0.24975407
0.25736037
0.2537725
0.2610314
0.25908634
0.2611641
0.25313935
0.2544045
0.2561386
0.25737524
0.25789422
0.25249356
0.26351556
0.26000065
0.25773102
0.25761706
0.25671467
0.25621918
0.2524087
0.25965935
0.25047976
0.25280637
0.24734956
0.26283425
0.25124812
0.2539621
0.24946308
0.24820639
0.25517926
0.25055268
0.24382274
0.24267069
0.2512856
0.24983823
0.2508209
0.24706507
0.2543453
0.25218734
0.25002864
0.25074163
0.24763235
0.24606296
0.24366316
0.24709122
0.25561887
0.25198674
0.25904632
0.25759545
0.24701042
0.2522653
0.25755087
0.24776861
0.24747351
0.2522084
0.24685794
0.2517854
0.25156197
0.24934179
0.25358248
0.25290018
0.24123283
0.2538189
0.2473916
0.2475058
0.2431207
0.24963269
0.2491388
0.25092566
0.24463381
0.2408626
0.24042675
0.24509156
0.2438235
0.24182303
0.24830785
0.24171524
0.24370348
0.2368045
0.23927674
0.2329394
0.23693237
0.23665935
0.2392447
0.23767386
0.23814228
0.23518077
0.24434581
0.24145652
0.24426158
0.24068926
0.2377679
0.23879479
0.23902404
0.24509716
0.24116659
0.23687433
0.23794717
0.24217516
0.2394298
0.23480609
0.23928495
0.24094765
0.23940174
0.24287252
0.24595895
0.23973164
0.24368335
0.24134003
0.23783718
0.23723124
0.24205074
0.24076699
0.24272683
0.24059236
0.24495353
0.24724978
0.23635194
0.24022378
0.24553289
0.24814138
0.2401054
0.24800016
0.23769714
0.24336495
0.2469945
0.24128911
0.24361704
0.24981643
0.2512166
0.24344346
0.24439141
0.24124168
0.23741019
0.23924236
0.23808405
0.24971494
0.24974623
0.24274674
0.24819653
0.2446309
0.24552634
0.24277067
0.24140263
0.2477933
0.24983114
0.2388188
0.24153884
0.24937737
0.24720836
0.24634933
0.24712786
0.2415776
0.24330236
0.24581523
0.25048122
0.24499981
0.24342567
0.24276577
0.24642833
0.24933946
0.2416529
0.24018191
0.24346931
0.24717376
0.24364178
0.24317242
0.24901018
0.24538404
0.24391127
0.239435
0.24542807
0.24265067
0.23580128
0.24199028
0.24124895
0.24166232
0.2367017
0.248184
0.24177465
0.24145491
0.23994233
0.23930924
0.2386515
0.24698941
0.23672946
0.24072626
0.23806246
0.239698
0.24525057
0.2413868
0.23646204
0.24359426
0.2416104
0.24074604
0.2430665
0.2414606
0.24230108
0.23894471
0.24424472
0.247526
0.24383947
0.24994378
0.23369631
0.24055687
0.2414098
0.2434557
0.24089716
0.24519119
0.2403147
0.23789723
0.2325727
0.24083585
0.23910886
0.24014501
0.23925683
0.23885107
0.24032779
0.24152772
0.23808886
0.24054976
0.23667578
0.23925586
0.23632486
0.24163434
0.23803653
0.24007481
0.24238633
0.2412348
0.24458978
0.23879017
0.24417332
0.25135317
0.24590904
0.24571143
0.24170402
0.23710011
0.23489305
0.23593165
0.23796476
0.24246193
0.24164733
0.24362503
0.23421258
0.24087429
0.24592556
0.2413429
0.24854861
0.2424727
0.23880963
0.2376792
0.23411368
0.23428006
0.23968281
0.23848106
0.2396029
0.23380375
0.22784305
0.23384346
0.23572208
0.2381827
0.2366562
0.2305524
0.23361312
0.22943352
0.23633306
0.23309143
0.22894695
0.23041168
0.22927919
0.23080727
0.23361138
0.22902487
0.23162861
0.2380858
0.23051673
0.22899914
0.22448404
0.23049141
0.23665056
0.22579394
0.23889752
0.23339874
0.23717348
0.23163687
0.22865382
0.22967091
0.23249196
0.2420974
0.2342893
0.23050126
0.23436867
0.2395469
0.22737782
0.2284574
0.2335805
0.23212194
0.23355249
0.23637976
0.22974618
0.23815048
0.23704396
0.23383847
0.23488007
0.23001805
0.23250318
0.23114501
0.24079598
0.2292027
0.2336529
0.22751336
0.23021309
0.23195656
0.22875328
0.22319876
0.225766
0.22969587
0.22739053
0.22776566
0.22792813
0.22810698
0.24073929
0.22675431
0.23130658
0.22843312
0.22738491
0.2320657
0.2328666
0.22953276
0.22964112
0.23486036
0.23289567
0.23016831
0.22059624
0.23065816
0.22523648
0.22843443
0.2363997
0.22349425
0.22667229
0.23177817
0.22633441
0.22057275
0.22505184
0.2337076
0.22425134
0.23222174
0.22845837
0.22702794
0.22975153
0.2268214
0.22839333
0.23008296
0.22193903
0.21910624
0.225248
0.22902067
0.22764102
0.23065028
0.22991462
0.22890516
0.22830087
0.22934508
0.23014508
0.22294576
0.23189127
0.22676457
0.22747295
0.22779252
0.22219375
0.22727697
0.23212208
0.22586693
0.22330292
0.21711144
0.22426356
0.22584805
0.21988943
0.22547993
0.22071871
0.2228138
0.2231712
0.22648199
0.22833808
0.22413208
0.22148438
0.22569026
0.22628382
0.22695653
0.22198717
0.22465912
0.22406717
0.23435247
0.22606677
0.22478586
0.22240707
0.22459425
0.22493103
0.22643933
0.22662759
0.22055444
0.22782362
0.21936923
0.22740561
0.2241995
0.22445038
0.22811286
0.22273178
0.22752178
0.23012337
0.22601117
0.23122273
0.22368143
0.22475319
0.23115516
0.2245129
0.23005287
0.22278316
0.2231541
0.22208047
0.22616515
0.22722585
0.22490181
0.22658151
0.22516139
0.23030746
0.23174809
0.223244
0.22326814
0.23016849
0.22469035
0.22063723
0.22461462
0.22149031
0.21634904
0.22050157
0.22213472
0.22227491
0.22695035
0.22078785
0.21839963
0.23234624
0.22205769
0.22472227
0.22046714
0.22398682
0.2138407
0.22419211
0.21736021
0.21885967
0.21968906
0.21915214
0.22718884
0.21750534
0.22269697
0.21573354
0.22329575
0.21136263
0.22841135
0.2096942
0.21512014
0.21847412
0.21530701
0.22101901
0.22126018
0.22048123
0.21488397
0.21763092
0.21192108
0.21910222
0.21518908
0.22058396
0.22212745
0.21390155
0.21921143
0.21547462
0.21051812
0.21779275
0.21773334
0.21698835
0.20941848
0.21459486
0.21883197
0.21950592
0.21975926
0.21096218
0.21858092
0.21382289
0.21143445
0.217664
0.21786818
0.21360366
0.21342996
0.21686164
0.2158694
0.21416096
0.21522792
0.21589664
0.21265773
0.21427484
0.21482667
0.21229571
0.21513297
0.20903729
0.21298888
0.2113492
0.21567103
0.21781912
0.21335785
0.21398324
0.21015616
0.20842697
0.21377614
0.21428631
0.20437306
0.20863855
0.2094041
0.20921575
0.2107015
0.2131406
0.21414347
0.21419477
0.20953658
0.21634638
0.20698856
0.21001
0.21886398
0.21026991
0.2101268
0.21243
0.21196434
0.21322137
0.2080887
0.21627873
0.21059144
0.20903373
0.20790204
0.21511984
0.203341
0.20806934
0.20955943
0.21078898
0.20994602
0.20603772
0.2052191
0.2062474
0.2029804
0.2073609
0.20455965
0.2037499
0.20304945
0.20903756
0.2080853
0.20804502
0.21000983
0.20418307
0.20565036
0.20284688
0.20781136
0.20716223
0.20949109
0.2012938
0.20903441
0.19833963
0.20054212
0.20667456
0.2088065
0.19722815
0.2049375
0.2084505
0.20829241
0.20771632
0.20800392
0.20315316
0.20480014
0.20415339
0.2042566
0.20118704
0.20679615
0.20571712
0.20081525
0.20821989
0.20269641
0.20860487
0.2002235
0.20695163
0.2072861
0.20793957
0.2037699
0.20421363
0.20215762
0.2126079
0.20158678
0.19740462
0.19859622
0.2037919
0.20220466
0.19902404
0.2034265
0.20618491
0.20373042
0.20608927
0.2048932
0.20424515
0.20752881
0.20702022
0.19853337
0.20031326
0.20374821
0.19770974
0.20001827
0.2002552
0.2013036
0.20540088
0.19935176
0.2058357
0.20292436
0.20130007
0.20852813
0.20436186
0.19759911
0.19984111
0.19610435
0.19694506
0.19679214
0.20078868
0.20229721
0.20212352
0.20667298
0.19972052
0.20305584
0.1998559
0.19840181
0.20565867
0.20141289
0.19706002
0.1960838
0.19435722
0.19770625
0.20007414
0.20145819
0.20097627
0.19741938
0.19657223
0.19585186
0.19488098
0.18844044
0.19660185
0.19470417
0.19684012
0.1931836
0.20019892
0.19336809
0.19019862
0.2032001
0.19630577
0.19138756
0.19291128
0.19423273
0.18673182
0.1912362
0.19659454
0.19025435
0.19037814
0.18918279
0.19373731
0.19000998
0.19307032
0.19560611
0.18888266
0.19217137
0.19245057
0.18507929
0.19167265
0.19320415
0.19440706
0.19145273
0.19388765
0.18961069
0.18703365
0.18896115
0.18489483
0.19066948
0.19148073
0.1887001
0.19217682
0.19454986
0.18604948
0.19298841
0.18762147
0.18894257
0.18832418
0.19210637
0.19021557
0.18989858
0.19642183
0.18395521
0.19163118
0.18301237
0.18897867
0.19240126
0.18752323
0.1979111
0.18755667
0.18538183
0.18668647
0.18422912
0.18531854
0.19109377
0.18977816
0.19078644
0.18734156
0.18980023
0.18759707
0.19714968
0.18854639
0.18259852
0.18856493
0.18422191
0.1910704
0.18152392
0.17963976
0.18449558
0.18820731
0.18878198
0.18959919
0.18541446
0.1820829
0.17946596
0.18592058
0.18566565
0.18523043
0.18993251
0.19629866
0.18387836
0.18623978
0.19061324
0.1813566
0.1910016
0.18864907
0.18976589
0.18821451
0.18070805
0.18341453
0.18397988
0.18713106
0.18912834
0.1887623
0.19113022
0.19185443
0.19655438
0.19070792
0.18392514
0.1907357
0.19064566
0.18727848
0.18727131
0.18817236
0.18558377
0.19057772
0.18419403
0.18121326
0.19078657
0.18893652
0.18028857
0.18684302
0.18432292
0.18836865
0.18457201
0.18338437
0.19031496
0.17998719
0.18136285
0.18516362
0.18386419
0.1932897
0.19049774
0.18253276
0.18950453
0.18366994
0.18353617
0.17954566
0.18191604
0.18179366
0.18822937
0.1735155
0.18444166
0.18070358
0.1826299
0.1817946
0.17519046
0.17469674
0.1836795
0.17578886
0.18266366
0.18034467
0.18364805
0.17703053
0.1781248
0.18015647
0.1766683
0.1810566
0.17255765
0.17356853
0.17755367
0.17693621
0.17802224
0.1803654
0.17613702
0.1737343
0.18192488
0.17867231
0.17963348
0.17820825
0.17758556
0.17755194
0.1730544
0.17962123
0.17464438
0.17946592
0.17077197
0.18200871
0.17258783
0.17337991
0.1732405
0.17330056
0.18087447
0.17756711
0.17816475
0.18160297
0.17344499
0.16958272
0.16937496
0.17290697
0.17616643
0.17324157
0.17344514
0.17167826
0.17766537
0.17235132
0.16967396
0.17523025
0.17928642
0.172039
0.1721031
0.17751482
0.17619975
0.17295223
0.17477345
0.17245983
0.17999603
0.16984674
0.17895341
0.18128467
0.1721971
0.17402719
0.17945002
0.173547
0.17220613
0.17037308
0.16893317
0.17681798
0.17749332
0.17276934
0.17159069
0.17177887
0.1784051
0.1674274
0.17377152
0.17412989
0.1797744
0.17301637
0.16461961
0.16808312
0.17544015
0.1658974
0.1635381
0.17160891
0.16268747
0.17029041
0.16761337
0.16711767
0.17013636
0.17240754
0.17113726
0.16468728
0.16565862
0.16973858
0.16822581
0.16955237
0.17148386
0.1636595
0.16909303
0.16591528
0.1622154
0.16523832
0.16163453
0.1721094
0.1609996
0.15715542
0.15921289
0.16882901
0.15613373
0.16756028
0.16853236
0.17009827
0.16151977
0.15971941
0.15913805
0.16513102
0.165384
0.16571751
0.16737212
0.16167216
0.16254449
0.16031079
0.16263264
0.16424926
0.15783232
0.16215007
0.16649425
0.1695598
0.15865286
0.16880699
0.16357727
0.16430528
0.1579057
0.16080074
0.16339678
0.15696324
0.16785899
0.16386048
0.16465396
0.17259043
0.16009477
0.16794159
0.1650177
0.16257855
0.16095166
0.16481692
0.16481696
0.16584091
0.1661705
0.16558856
0.1690778
0.16691418
0.16755535
0.16591172
0.1696403
0.16620995
0.16597643
0.16681342
0.16235833
0.16199437
0.1744017
0.1598732
0.1626512
0.16578346
0.16552843
0.16267164
0.1632074
0.16405784
0.16679311
0.15987605
0.16358441
0.16071714
0.16705161
0.15488692
0.15835936
0.15548621
0.16385397
0.15988079
0.16523772
0.15074743
0.15697013
0.16769056
0.15596054
0.15614088
0.15229352
0.15154888
0.15094389
0.16657706
0.15469523
0.15670672
0.15882425
0.15669046
0.16049077
0.16123718
0.16027918
0.162198
0.16304815
0.15257779
0.15894988
0.15803203
0.15670785
0.16604866
0.159724
0.16427913
0.16318488
0.16290064
0.16198675
0.15903096
0.15899079
0.16344187
0.15752108
0.1658254
0.16196428
0.15819438
0.15975253
0.16096492
0.15889382
0.15898606
0.15836883
0.16671902
0.15530899
0.16139366
0.16199847
0.159899
0.15906274
0.15657611
0.159148
0.16056517
0.1656239
0.16016914
0.16000383
0.16901253
0.16911414
0.16521205
0.16544437
0.15468593
0.16836342
0.15990339
0.16044079
0.1650388
0.15929598
0.1630733
0.15905577
0.17024626
0.16539036
0.15702845
0.16052169
0.16144517
0.16607113
0.163417
0.16067544
0.15844408
0.1680951
0.16027792
0.16807571
0.15931539
0.16078188
0.16322598
0.15614271
0.16135041
0.16298422
0.16131711
0.16670392
0.15006846
0.15814604
0.16068219
0.15639907
0.15813231
0.15604518
0.15413974
0.15737721
0.16005261
0.15513396
0.15876712
0.15825422
0.15517324
0.16044733
0.15632287
0.15931444
0.1580119
0.1568922
0.16537769
0.16291201
0.16019294
0.15521452
0.15515235
0.14881183
0.15405068
0.16840447
0.16582496
0.15918751
0.16635554
0.15913793
0.156239
0.15702917
0.1517082
0.15674743
0.15712036
0.15319812
0.14885338
0.1555631
0.15166621
0.1536377
0.1582755
0.15352908
0.15206075
0.15531093
0.1581528
0.16011594
0.1537806
0.1533344
0.15986018
0.15851812
0.14946482
0.15580264
0.15404879
0.15957645
0.1556056
0.15604782
0.1553561
0.15511417
0.15225776
0.16036712
0.15407324
0.15662616
0.16136436
0.15535113
0.14954484
0.1534833
0.1575375
0.1456645
0.1543646
0.16483419
0.15113555
0.15195686
0.16148305
0.1561142
0.15431133
0.1548623
0.15695073
0.15728079
0.1470157
0.15007485
0.15793
0.15278147
0.15726581
0.15394796
0.15048447
0.14827651
0.15714666
0.15315996
0.15079623
0.15129441
0.14990821
0.1497912
0.15474473
0.15015465
0.14904188
0.15159155
0.14871529
0.15528865
0.14678515
0.1605826
0.15905964
0.15612222
0.15714094
0.15640695
0.1497923
0.15024929
0.15276387
0.1565706
0.15208972
0.14518869
0.1551505
0.15002896
0.15268229
0.1521884
0.15495981
0.14368023
0.15259176
0.1540995
0.15015647
0.15073293
0.15360247
0.15336464
0.15809457
0.15232866
0.15208265
0.1460144
0.14918147
0.15426378
0.15154108
0.15253256
0.15273142
0.1514502
0.16085786
0.15647012
0.14726946
0.15256459
0.15195842
0.14384438
0.1457062
0.1468899
0.15055898
0.1527722
0.15057895
0.14989749
0.15590529
0.1520817
0.14787745
0.14912632
0.1465286
0.15307705
0.15508172
0.14775886
0.15600045
0.1559692
0.15412286
0.15128253
0.14877297
0.15369551
0.15299925
0.14837903
0.15747713
0.15189232
0.15916044
0.15357193
0.15807793
0.15359932
0.15094206
0.1498878
0.15313156
0.14304578
0.14242955
0.15078205
0.14360172
0.14745192
0.14512743
0.1541782
0.14829484
0.15301357
0.1482403
0.14171372
0.1543736
0.15521123
0.14627361
0.1546279
0.1525154
0.13903324
0.15232916
0.15590289
0.14788161
0.14421989
0.1506962
0.14982846
0.14443949
0.1373957
0.14650775
0.14067198
0.14261037
0.14333932
0.1465535
0.14284267
0.14945267
0.14598186
0.14223397
0.14662564
0.14420755
0.14112183
0.1466964
0.14385086
0.15039293
0.14303924
0.1460303
0.14782341
0.14954044
0.14295155
0.14827506
0.14307934
0.15155055
0.15256312
0.139722
0.14277744
0.13756219
0.1404953
0.13935328
0.13526265
0.14367153
0.13810608
0.14278534
0.1395512
0.13897967
0.13223949
0.1388811
0.13857159
0.13324955
0.14123169
0.1340329
0.13539802
0.13455999
0.13143212
0.1390325
0.12761502
0.12679733
0.13007638
0.14171457
0.13486254
0.136141
0.134174
0.1289951
0.13555616
0.13439621
0.13442211
0.13356282
0.12658423
0.12865752
0.12620252
0.13593134
0.13195129
0.13348565
0.1330191
0.13607673
0.12384209
0.12623107
0.12649201
0.1283989
0.1302986
0.13516198
0.13255543
0.12572233
0.1297268
0.13475755
0.12649697
0.12734401
0.12867598
0.12881865
0.12874395
0.12964828
0.13441421
0.13499904
0.12700689
0.13948937
0.13070737
0.13312484
0.12732273
0.12745918
0.12965776
0.13476966
0.12895533
0.13661383
0.13277893
0.13810468
0.12964912
0.124154896
0.13045338
0.13012709
0.13333948
0.12831835
0.12707478
0.1328787
0.1301929
0.13066362
0.13005725
0.12844758
0.13182457
0.13268906
0.12909344
0.12626246
0.1337243
0.12242388
0.13333835
0.12047937
0.12960212
0.13011597
0.121633336
0.1308559
0.12645875
0.12735885
0.13244337
0.12779707
0.12296457
0.13000327
0.1309291
0.13129681
0.12580746
0.1342317
0.12689282
0.13435219
0.12370646
0.12450844
0.12920871
0.12516852
0.12544881
0.12718435
0.12964241
0.13102227
0.12743293
0.13196576
0.11957457
0.1288366
0.13010576
0.12979677
0.1261824
0.12445025
0.12783217
0.12671311
0.1320425
0.12323092
0.13129301
0.12686752
0.13195007
0.12648922
0.13054948
0.122406356
0.13242449
0.12492201
0.1290123
0.124348685
0.13079146
0.13650349
0.12675476
0.1286941
0.12501204
0.13128397
0.12819336
0.1388578
0.1276909
0.12931544
0.13686194
0.12837182
0.12901765
0.1397394
0.13673012
0.14231557
0.1342035
0.1295731
0.1335908
0.13432574
0.14299597
0.13678646
0.13179109
0.1319763
0.13149965
0.13214888
0.13516948
0.14194185
0.13518631
0.1301414
0.13193181
0.13310443
0.12769796
0.13702597
0.13918434
0.13190636
0.13462502
0.13615485
0.13194266
0.13724384
0.14240687
0.12979135
0.13280064
0.12755282
0.12479054
0.14045957
0.13294436
0.13233548
0.13704798
0.13752712
0.13224755
0.12683411
0.13304518
0.13787332
0.12974957
0.13658132
0.13559859
0.12551734
0.13541678
0.12782969
0.13496764
0.13334113
0.1309069
0.1316444
0.12871942
0.13414526
0.12738957
0.13645208
0.14334027
0.14500025
0.13744996
0.13607314
0.12885988
0.13632996
0.132201
0.13231927
0.12904859
0.13610515
0.14092171
0.13151716
0.12832086
0.12775499
0.12980741
0.13330895
0.1351031
0.13700096
0.12969224
0.1305794
0.12532838
0.13689055
0.13491738
0.123474225
0.1335771
0.13767523
0.12960069
0.13291734
0.1325747
0.13037895
0.13059276
0.12544945
0.13551827
0.1278671
0.12643299
0.13075906
0.12606099
0.12438736
0.12180616
0.12004539
0.1287373
0.13589635
0.12538365
0.12294115
0.12210149
0.1233976
0.12417724
0.12248999
0.117290825
0.12799338
0.12475389
0.12608719
0.11709469
0.123965815
0.121673346
0.12011857
0.12468279
0.116511114
0.118195765
0.12346478
0.120536365
0.12024029
0.1239054
0.124089375
0.124623485
0.11256247
0.11093836
0.11794138
0.12274854
0.121190645
0.119184576
0.11438767
0.117412254
0.114744574
0.12181058
0.1233296
0.119745605
0.11723161
0.12364533
0.12613052
0.122445434
0.1251288
0.117623284
0.12033596
0.119037874
0.12529159
0.12459139
0.11936086
0.1246217
0.12516621
0.13070741
0.1223536
0.12497777
0.12250742
0.124678046
0.121064864
0.1182682
0.1252381
0.12448506
0.12640734
0.11985648
0.13124472
0.122290365
0.1246574
0.13309729
0.12112192
0.12759073
0.12454438
0.12183582
0.1223775
0.12304926
0.12487106
0.12916937
0.1254795
0.12486155
0.12656298
0.13053784
0.122436665
0.13123254
0.12248328
0.12108495
0.11956373
0.123008035
0.12355078
0.122252315
0.11846401
0.12455498
0.12719604
0.11883045
0.12809497
0.120068766
0.12743859
0.12311267
0.12089528
0.12409066
0.13154145
0.12320443
0.1263413
0.13005488
0.12436935
0.11909948
0.124508575
0.12799115
0.12855707
0.11691935
0.12121061
0.12224174
0.112425834
0.114840545
0.1215012
0.12358208
0.11736756
0.11968238
0.11651356
0.119040616
0.12213923
0.11382652
0.11059988
0.11947681
0.10933566
0.11346694
0.11607644
0.120884694
0.11912108
0.11311589
0.11610113
0.119358025
0.121290244
0.12005701
0.118033625
0.11826122
0.114167064
0.116072305
0.11044652
0.114927374
0.11075183
0.11983917
0.11611835
0.1134616
0.11986897
0.12333534
0.11137786
0.10810689
0.11788712
0.11250883
0.11826276
0.12045774
0.10936984
0.116243355
0.11566333
0.117062114
0.11469199
0.11167951
0.110884406
0.11683675
0.120238945
0.12617253
0.116418526
0.11736284
0.11337754
0.11549638
0.11614872
0.11471601
0.110333435
0.11338921
0.110933915
0.12110982
0.11733584
0.10591624
0.117467776
0.11445826
0.11498249
0.12072457
0.12248478
0.12426446
0.11446026
0.11181927
0.12087923
0.11768859
0.120514594
0.1139641
0.11653936
0.115304135
0.117809325
0.11803218
0.11319653
0.11936504
0.12050416
0.12157649
0.113059685
0.12189403
0.10793579
0.11220798
0.11446253
0.12274434
0.12219385
0.11995694
0.12710835
0.11155743
0.116270766
0.112539366
0.11532947
0.10986309
0.111873984
0.12025887
0.11698767
0.112283655
0.11185545
0.11192397
0.110614836
0.10783535
0.1190836
0.10905586
0.11747044
0.123278484
0.11116189
0.113820426
0.11685572
0.11175499
0.11105665
0.11285028
0.1196794
0.10571099
0.11413831
0.11736298
0.117230706
0.11078677
0.11037651
0.11721578
0.122652166
0.111915015
0.11211598
0.115045115
0.116720006
0.122446746
0.112759545
0.112994276
0.112202115
0.12102748
0.11682746
0.12255036
0.11186578
0.11134708
0.11403708
0.11486538
0.11521991
0.11164157
0.114267915
0.11435877
0.11414012
0.109118916
0.11429102
0.11513146
0.1090352
0.11854617
0.11675959
0.109704405
0.11627367
0.11157035
0.1153415
0.10703193
0.11865198
0.11545552
0.10398533
0.10902168
0.114120804
0.115771085
0.11203529
0.10933075
0.11238214
0.10675921
0.111892186
0.11233104
0.11487228
0.11126593
0.10949094
0.11234998
0.11431277
0.11067228
0.11213155
0.10886618
0.114086516
0.11182163
0.10673795
0.1101443
0.10855891
0.11369337
0.116822034
0.11005886
0.12143451
0.119069524
0.1110838
0.11779601
0.11158536
0.11964772
0.12252449
0.11993548
0.1111902
0.113583915
0.10697883
0.10862921
0.11942008
0.11274951
0.10734657
0.12095152
0.106950365
0.119350284
0.118483566
0.12142834
0.1129962
0.10617573
0.11229655
0.107344665
0.11607197
0.11847429
0.1149477
0.11538727
0.113895714
0.11227149
0.111513056
0.11193103
0.12080448
0.1076658
0.114900716
0.11290331
0.113341965
0.11737772
0.113641635
0.10873621
0.11192013
0.10732344
0.107039385
0.11203825
0.11700202
0.117229
0.1129054
0.11572143
0.112088524
0.11803541
0.121943645
0.1075864
0.10930123
0.11416002
0.10844581
0.11242228
0.10975288
0.11872483
0.108631864
0.10352822
0.11038174
0.1055378
0.105043925
0.11608292
0.11308764
0.11378461
0.1091986
0.1141308
0.11463752
0.10920669
0.10564368
0.11412994
0.10893242
0.11725214
0.11114579
0.12245866
0.100148275
0.11190425
0.1172177
0.109310344
0.10954315
0.1044206
0.10429337
0.115211904
0.113006376
0.11565708
0.10736511
0.109249264
0.103719786
0.116788015
0.10361457
0.10683169
0.106918804
0.10902384
0.11100735
0.1066133
0.10527803
0.10493636
0.10833758
0.105888575
0.09915963
0.10315877
0.10747152
0.12048449
0.104021594
0.10751227
0.1067184
0.10354079
0.1063657
0.10419652
0.103874385
0.10606264
0.09824587
0.1008747
0.1037072
0.099583164
0.10593153
0.10501604
0.10795752
0.102933116
0.099687114
0.09741819
0.098757155
0.1055746
0.108499624
0.09724485
0.10231948
0.10642763
0.09984322
0.102597445
0.104509525
0.09347171
0.10421012
0.10174095
0.108698584
0.09690728
0.10702429
0.093765154
0.107857026
0.10038535
0.100832105
0.10093856
0.11163167
0.114643075
0.09419491
0.10251368
0.10601319
0.0937255
0.10141492
0.09132478
0.0960757
0.0958115
0.09582756
0.105998196
0.097784765
0.09927431
0.09533508
0.09903827
0.1011118
0.095067255
0.093840264
0.09448995
0.1001766
0.09911568
0.09463394
0.09642622
0.09468052
0.09573993
0.097388566
0.09344058
0.10050478
0.09828078
0.09047773
0.10162195
0.09963849
0.096546955
0.10076597
0.09742682
0.09524505
0.1011548
0.0967672
0.09644111
0.10107235
0.097973146
0.09002718
0.09413859
0.099814884
0.1069908
0.09684907
0.087666996
0.09417856
0.09214283
0.09102585
0.104360305
0.09180672
0.09413473
0.08721222
0.097053036
0.09712535
0.09120267
0.0920969
0.093971305
0.08807608
0.087887496
0.09876317
0.10021231
0.09013332
0.09092613
0.10252035
0.09562426
0.09310314
0.089491844
0.09725092
0.09103905
0.09625215
0.089094475
0.09611915
0.09605851
0.087820426
0.091941014
0.10097107
0.10601197
0.09650433
0.09032215
0.09675624
0.100731574
0.098323785
0.102935724
0.09382036
0.09636442
0.09185309
0.09573352
0.09899272
0.09872516
0.09810036
0.09793227
0.09515325
0.0970593
0.09460387
0.09875796
0.09895958
0.098120935
0.09554471
0.092932984
0.09161342
0.10521054
0.09599824
0.09102944
0.099484645
0.094319254
0.101325616
0.099475175
0.0938259
0.08677608
0.08997824
0.09149035
0.09576509
0.09223157
0.09346125
0.10152078
0.09908846
0.09786193
0.08909152
0.095279485
0.088777706
0.09131035
0.088092305
0.09198359
0.09047665
0.09511548
0.08777091
0.08853151
0.0875288
0.09151857
0.08464138
0.10165615
0.10178776
0.08727175
0.091283746
0.08574267
0.087742686
0.095947295
0.08280936
0.09589259
0.08940244
0.090235904
0.09108398
0.09014654
0.09420065
0.09857107
0.09281888
0.09718744
0.0953584
0.0954115
0.09678784
0.08880652
0.09361343
0.10096401
0.09850784
0.09986433
0.0957445
0.09211755
0.096705556
0.09397343
0.090459295
0.092664525
0.095568396
0.09374361
0.090348415
0.09641115
0.09043723
0.09147971
0.09110855
0.09204401
0.090616465
0.095786385
0.102701634
0.094618425
0.09450501
0.094667874
0.10191414
0.092282794
0.09539484
0.08713766
0.09693668
0.10213726
0.089779735
0.095048316
0.08946298
0.09102022
0.09812098
0.094694965
0.092385076
0.09316964
0.08715011
0.07979626
0.09395251
0.090613194
0.087567225
0.08926064
0.08822295
0.08674622
0.0902292
0.08752774
0.091105714
0.09233801
0.09598389
0.08877077
0.09210056
0.09560283
0.08763934
0.08708103
0.093938634
0.0971493
0.09032305
0.09369037
0.08920615
0.08868093
0.09792759
0.10124642
0.09374163
0.08633093
0.09192823
0.09546512
0.08688598
0.09441394
0.09569377
0.09834446
0.08612525
0.09996661
0.091688424
0.09483712
0.090935536
0.09865224
0.092953175
0.09526723
0.095825724
0.09267667
0.096885845
0.09423503
0.09367196
0.09977744
0.09189775
0.10007899
0.093185484
0.093643956
0.09488773
0.089604065
0.104302734
0.09678933
0.10117236
0.09877252
0.094693124
0.094376676
0.10110763
0.09194259
0.09296341
0.09450929
0.08967061
0.099019356
0.094280474
0.08682598
0.08916623
0.09401908
0.09257936
0.09364051
0.09345397
0.08951165
0.092689894
0.08816948
0.10890326
0.09887201
0.0885445
0.09214353
0.10323809
0.09173788
0.08905905
0.09117723
0.091190495
0.09455713
0.10800436
0.08021608
0.08764304
0.11183326
0.09575195
0.10101465
0.08547484
0.09429521
0.09657065
0.091608614
0.09506797
0.08972935
0.09982487
0.093824044
0.090832055
0.09514835
0.09107253
0.08912491
0.09237327
0.09135115
0.08142878
0.08256824
0.096295446
0.082775176
0.09071743
0.089100726
0.09376025
0.08880289
0.08439941
0.0821936
0.0788744
0.092537865
0.08464577
0.083217576
0.095580585
0.08926056
0.085048765
0.09426358
0.09461013
0.0932593
0.0931182
0.08660979
0.08117105
0.09343562
0.09105262
0.08779661
0.089739
0.09248992
0.08502863
0.09173316
0.09420077
0.090028316
0.080308415
0.09468161
0.08677853
0.09297471
0.08714946
0.079960644
0.08191327
0.08291565
0.08721288
0.08471471
0.09132932
0.093828164
0.091357365
0.08287866
0.09913362
0.08844728
0.084773146
0.08214751
0.097402304
0.089053206
0.08735215
0.08455545
0.08684625
0.090101734
0.084760234
0.08586048
0.08298416
0.09072316
0.079629704
0.08463315
0.09438544
0.08471597
0.08295179
0.086368605
0.09143489
0.08546613
0.107697785
0.079024345
0.08706372
0.08478279
0.08845755
0.082635306
0.08018888
0.09187882
0.081730396
0.080460146
0.08566534
0.08036324
0.09298272
0.08040603
0.08353193
0.08293609
0.092713855
0.079240195
0.08845363
0.09070601
0.081670836
0.08665884
0.08931324
0.083808355
0.08425848
0.08054375
0.07999639
0.08956535
0.088866144
0.08428691
0.08718985
0.08305712
0.08750914
0.07864324
0.0775715
0.07984025
0.084929995
0.07775596
0.07489217
0.07693849
0.08101621
0.07832842
0.07906049
0.0832255
0.08031662
0.0859995
0.08105527
0.08173115
0.0812684
0.07849857
0.07714675
0.07597048
0.07468375
0.07694113
0.0840092
0.076057695
0.074264236
0.075398415
0.076790325
0.07795996
0.082173616
0.078441426
0.07621263
0.07493284
0.073976055
0.07331749
0.07354124
0.07549529
0.07762004
0.078159355
0.077048436
0.07629404
0.07379262
0.07319409
0.07048728
0.07270732
0.072648525
0.074291565
0.07581808
0.077719055
0.075757354
0.07401833
0.07264281
0.07492312
0.074946724
0.07578283
0.07525068
0.07424572
0.07171064
0.07382728
0.074769564
0.079490736
0.078184664
0.07866967
0.072955646
0.0733273
0.07348264
0.07756432
0.07805406
0.077857435
0.07719823
0.07867308
0.077290125
0.08000475
0.08091142
0.085991465
0.0818471
0.081050165
0.07953082
0.08016206
0.07692799
0.076928854
0.07746986
0.07949603
0.080366276
0.08106954
0.08119295
0.079001434
0.07671623
0.07471901
0.077967554
0.07694641
0.07859816
0.0765713
0.078726605
0.077548936
0.079630055
0.08068613
0.08195246
0.08246509
0.07909732
0.07855454
0.07528796
0.07672012
0.07505185
0.07614285
0.07547152
0.07793301
0.07965634
0.08107551
0.081944294
0.08263489
0.08174217
0.08036889
0.081736855
0.0857404
0.08632543
0.08196083
0.07927134
0.079838455
0.08119319
0.080947965
0.080526985
0.08025324
0.085502826
0.096368596
0.08444349
0.0801304
0.08565641
0.08381517
0.08321872
0.07764218
0.07814868
0.078003496
0.08103055
0.07927344
0.07683352
0.07566791
0.07743964
0.07844876
0.079045884
0.07871648
0.07705712
0.074525155
0.07279057
0.07586176
0.07968016
0.082271755
0.084480345
0.08345787
0.08378905
0.07991631
0.07839679
0.07417457
0.0771194
0.07706492
0.07921672
0.07949074
0.08145748
0.0820753
0.07979336
0.079749756
0.08215166
0.08359298
0.08305992
0.084047176
0.08331599
0.08357936
0.083708026
0.084718965
0.08522942
0.082396984
0.08435081
0.08491665
0.08672007
0.085752726
0.08745699
0.08452663
0.08236262
0.07914864
0.08524978
0.08726006
0.09004447
0.086989164
0.0929714
0.104673594
0.09269863
0.08590256
0.0846568
0.08676669
0.087423004
0.08579314
0.087254375
0.089541405
0.09261206
0.09151143
0.09352284
0.09128383
0.090533786
0.087118395
0.0860273
0.09144313
0.10068389
0.09386908
0.093283616
0.09776633
0.09978663
0.097291335
0.094366185
0.088110276
0.09110703
0.09065599
0.10107882
0.1132192
0.09552937
0.08610065
0.08659123
0.08726244
0.08752277
0.08891679
0.08969688
0.090254396
0.08916664
0.087437056
0.087229356
0.08612003
0.08552452
0.08986334
0.09013303
0.089629725
0.08784208
0.09226845
0.092931695
0.091064535
0.088024855
0.092952475
0.09438616
0.09191834
0.09141596
0.09006925
0.092998214
0.09080046
0.09157638
0.09048056
0.088437945
0.08748426
0.087197095
0.09007353
0.08738729
0.086135484
0.082667015
0.08427222
0.08522427
0.08514155
0.08601323
0.08710384
0.08859252
0.08777514
0.08762933
0.086388506
0.08490772
0.083357416
0.08168532
0.083112024
0.082152985
0.08712367
0.0818248
0.08372989
0.08085684
0.08456206
0.082468644
0.078160964
0.08202746
0.085357465
0.09283936
0.08691566
0.084509954
0.07863
0.081717476
0.08108304
0.08342248
0.0852581
0.08956222
0.09130668
0.09100656
0.08758309
0.08847319
0.08738518
0.09186319
0.0909975
0.09157669
0.08892469
0.0876692
0.088947445
0.08569403
0.08241209
0.08022185
0.082447834
0.08390474
0.08687771
0.08697236
0.08763977
0.08301581
0.08117338
0.080515206
0.08498638
0.08563239
0.087787606
0.08309646
0.087129146
0.085537225
0.088789485
0.08609997
0.08606708
0.082509555
0.08065486
0.077464625
0.08463156
0.086628646
0.090163685
0.08378195
0.084138066
0.08579115
0.08377204
0.0839823
0.080222696
0.07976917
0.07848067
0.07770764
0.07759988
0.0742929
0.07572687
0.082785904
0.08626254
0.08978473
0.08526945
0.08378187
0.08054454
0.08084134
0.079522334
0.076753855
0.07445421
0.072033174
0.07541689
0.07708976
0.08329458
0.0839401
0.08366758
0.08290116
0.0768793
0.07864228
0.07742812
0.07924115
0.08002554
0.080172
0.0823666
0.09243225
0.09039633
0.09290864
0.08219357
0.08279044
0.08179197
0.08145998
0.081150025
0.08034944
0.07763726
0.07913309
0.07978398
0.08088733
0.076889776
0.079177216
0.081693925
0.08729355
0.084036924
0.078939945
0.078870185
0.079154
0.08316405
0.0806164
0.07896326
0.079866186
0.08127043
0.0848745
0.08237816
0.079957545
0.07586668
0.07783461
0.0810865
0.08344605
0.08049211
0.07980709
0.07809099
0.08036252
0.08224027
0.08309164
0.08060299
0.0770245
0.08000938
0.080932625
0.08000286
0.07491063
0.07914592
0.080098316
0.07847638
0.075068384
0.07974404
0.08276305
0.08653094
0.082803674
0.081130594
0.07534002
0.07592153
0.07789392
0.0803684
0.07529776
0.078216
0.076681376
0.08027807
0.07747123
0.07990091
0.080072105
0.08399127
0.084549114
0.08479816
0.08170687
0.0835191
0.084108815
0.088676155
0.08677668
0.08578169
0.08553473
0.08974721
0.09609194
0.09171314
0.08733482
0.08084864
0.08118921
0.083596945
0.08871425
0.08747256
0.08813907
0.08487965
0.08362773
0.079395905
0.07808167
0.081783615
0.085602745
0.08768214
0.08828797
0.08713559
0.08685967
0.08789982
0.086997546
0.08798948
0.08422179
0.080084756
0.07880316
0.08091092
0.085202515
0.084415436
0.08631721
0.08548371
0.08554483
0.08256025
0.080468014
0.07952452
0.08413751
0.08445468
0.08643676
0.07872433
0.080921985
0.07746539
0.083480224
0.08164427
0.08183004
0.076633066
0.07815723
0.07986543
0.081704386
0.08304036
0.08260762
0.08551401
0.08660055
0.092008516
0.09281545
0.09004038
0.0892126
0.084863074
0.08576683
0.08285679
0.08146849
0.08111036
0.084230125
0.088819005
0.087077186
0.0830305
0.08205088
0.07819064
0.08094658
0.07784128
0.082061924
0.07914918
0.08136718
0.081032954
0.08028446
0.07863613
0.07742909
0.07601324
0.07305872
0.07799949
0.07907904
0.082953714
0.08231562
0.08219708
0.08313611
0.08116027
0.078419074
0.07795839
0.07830661
0.08036136
0.07666091
0.07408556
0.07598025
0.08180022
0.08170235
0.08537113
0.08003587
0.078644335
0.07430635
0.07340938
0.07729993
0.07739234
0.07848434
0.0757592
0.075392604
0.07293772
0.075191855
0.07573801
0.07908048
0.077699915
0.07752404
0.07874247
0.07764061
0.076566465
0.07398235
0.071780175
0.06843803
0.06981273
0.07156151
0.07430226
0.07059174
0.067588545
0.065678716
0.06831681
0.072829664
0.07937589
0.081619464
0.0801672
0.07478316
0.07397121
0.07805687
0.07916597
0.07912868
0.07040964
0.06742157
0.06420303
0.06591061
0.071392745
0.078713655
0.079666495
0.07662626
0.07189308
0.07583062
0.07614777
0.079627775
0.081381656
0.0776697
0.073713705
0.07609881
0.0807535
0.085707135
0.080859505
0.083472446
0.08200979
0.081349164
0.0763274
0.074906796
0.076110624
0.07751365
0.077550046
0.0793105
0.084997125
0.08839646
0.090029225
0.08627659
0.08381109
0.08018624
0.07681549
0.07285562
0.07310487
0.08009637
0.08494386
0.13734841
0.23620318
0.15384936
0.101952456
0.07821242
0.074840076
0.07897571
0.08550897
0.09108355
0.08468243
0.07947776
0.080641
0.08125331
0.08025974
0.07503269
0.07849281
0.08068999
0.08014107
0.07588337
0.07966554
0.08454891
0.084957324
0.08040861
0.0785552
0.07674893
0.07511924
0.074374296
0.07461349
0.07885247
0.0771949
0.07718136
0.07456253
0.069670476
0.07425148
0.07628655
0.083728045
0.080561705
0.07966605
0.07600794
0.07626771
0.072435156
0.07642659
0.07382933
0.077000186
0.06883117
0.072237216
0.07142626
0.07722042
0.07205513
0.06976708
0.06760781
0.072877295
0.07473621
0.07446866
0.073478445
0.072420575
0.07331933
0.07141132
0.07320971
0.07685375
0.08187155
0.0813517
0.07850309
0.076379314
0.073964335
0.071602814
0.070055015
0.070066325
0.068129994
0.072455905
0.07377165
0.07664082
0.073686674
0.080759406
0.07761851
0.07685555
0.07165079
0.07446673
0.07671714
0.073533416
0.07870684
0.07608299
0.08224759
0.07878662
0.07708126
0.07534661
0.07396906
0.078478724
0.07938543
0.07706624
0.073872015
0.07034447
0.07409975
0.07151374
0.0684919
0.06884405
0.073557936
0.07758762
0.07601875
0.07550211
0.07469381
0.07375308
0.072416976
0.073083624
0.07102514
0.067347564
0.066858955
0.07064921
0.0751046
0.07446759
0.073384345
0.071453325
0.07042717
0.06904985
0.06964481
0.07288202
0.07413595
0.072890185
0.073074386
0.07462111
0.07289261
0.07115429
0.0710007
0.073911324
0.078289576
0.07700637
0.08604228
0.08110918
0.078316055
0.069094054
0.06886739
0.06925408
0.070252374
0.07093287
0.06845465
0.0687842
0.068278246
0.07142943
0.0742876
0.07670205
0.07681045
0.074108556
0.06961416
0.06445921
0.062032487
0.06218669
0.0621358
0.06256126
0.06470744
0.06582311
0.06393096
0.06323806
0.06019725
0.061535597
0.06315455
0.06532881
0.0711588
0.07305278
0.07433125
0.07454258
0.07188294
0.06934766
0.06477162
0.06550889
0.065236025
0.06696593
0.06577723
0.066993676
0.06423044
0.063527234
0.06350931
0.06264716
0.06408133
0.06343402
0.06696685
0.0667044
0.066937275
0.065404214
0.06873353
0.066154934
0.06547542
0.06334092
0.062025804
0.060575146
0.05975206
0.06121499
0.06687575
0.06697288
0.06783813
0.06767658
0.06895886
0.0641018
0.06530033
0.062201787
0.06117187
0.059968177
0.060192887
0.05988641
0.06237827
0.06671405
0.06503186
0.06578742
0.06645208
0.06507909
0.06251626
0.061861064
0.061267085
0.060795303
0.061084136
0.06178283
0.061010815
0.062112935
0.060858395
0.06144246
0.05838755
0.057578154
0.055672627
0.055147495
0.05351732
0.054109756
0.054888666
0.05373632
0.054412458
0.057324037
0.056889005
0.060191482
0.059227474
0.059088405
0.061111335
0.05914232
0.055700075
0.056949783
0.056869127
0.049961843
0.05247376
0.052587952
0.05351551
0.054838132
0.055495214
0.05325012
0.053713188
0.054347247
0.05158442
0.05260442
0.054143816
0.053917695
0.054266013
0.055335537
0.054294247
0.053883385
0.054460984
0.05229763
0.052807156
0.05197797
0.053701963
0.05175565
0.05176035
0.0516437
0.05287707
0.052292008
0.05402096
0.054268226
0.053243525
0.055013165
0.058232017
0.058336224
0.05795837
0.058213864
0.06047528
0.05668263
0.057398345
0.060174324
0.061254907
0.061579604
0.06566881
0.063809335
0.06483906
0.06634536
0.06228005
0.058920916
0.060867924
0.057380337
0.056811273
0.055042926
0.055437885
0.05511265
0.056705292
0.05351167
0.054502796
0.05342316
0.053874593
0.054753676
0.059172537
0.062002517
0.06525384
0.06428956
0.06220452
0.060212027
0.059362035
0.056126066
0.058385704
0.058360226
0.058153722
0.06042287
0.063716784
0.06446818
0.06796487
0.0684628
0.06951599
0.06988909
0.06818642
0.06778513
0.068814985
0.0644575
0.06565227
0.06684606
0.06520878
0.06389804
0.06859523
0.063250564
0.060948722
0.061029494
0.06128632
0.05992853
0.062974654
0.065607004
0.067074746
0.0671635
0.06611273
0.06621637
0.064837344
0.064531125
0.06250667
0.06631464
0.0668834
0.066271015
0.06647581
0.06728112
0.06332233
0.061953332
0.06129378
0.062247884
0.064158104
0.0631116
0.061897993
0.060028475
0.057309814
0.058482353
0.05628135
0.055503987
0.057447314
0.05657906
0.05625284
0.053988006
0.055493996
0.057601184
0.06109299
0.06478265
0.065705955
0.06563442
0.06303548
0.05827557
0.056563947
0.057781868
0.056573562
0.059565723
0.061250478
0.06384091
0.06333024
0.058941353
0.059113186
0.05744067
0.05733055
0.05986018
0.060790725
0.06298628
0.06284785
0.062075716
0.06264512
0.06587082
0.065558076
0.064573966
0.06749958
0.06966297
0.06870811
0.067845605
0.06639982
0.069927536
0.06521401
0.06725146
0.06829985
0.071920104
0.0688322
0.06958105
0.06674815
0.06563004
0.06198162
0.06339229
0.06577272
0.063642286
0.06491126
0.06838545
0.070227735
0.06714906
0.0739983
0.07336649
0.073833294
0.06956165
0.071910426
0.06857068
0.071486115
0.06878389
0.069415666
0.071167454
0.07379069
0.07225622
0.07438681
0.07453118
0.07270776
0.06876858
0.067768805
0.06764611
0.070151046
0.072330944
0.0714985
0.07259188
0.07022923
0.06656432
0.06554962
0.062050145
0.064196095
0.06489529
0.06847154
0.07367032
0.074953035
0.07817395
0.078045726
0.07788306
0.07703284
0.07839443
0.07996467
0.08007419
0.08280961
0.081874505
0.07918629
0.078949645
0.0773449
0.075381145
0.07704199
0.0775979
0.074887246
0.07606096
0.074922524
0.07146272
0.07190915
0.07286457
0.07235276
0.07192106
0.07626555
0.077014014
0.07803381
0.07948072
0.07708833
0.074118145
0.076404095
0.07814759
0.07608028
0.07870885
0.07866749
0.07540297
0.07556221
0.07893565
0.07948193
0.08081779
0.08158525
0.07993069
0.078883596
0.0765135
0.075706065
0.07622127
0.07578575
0.07596933
0.07725148
0.07593724
0.076881245
0.076108865
0.074137524
0.07283236
0.075396
0.07370625
0.0739649
0.06983218
0.06870321
0.067274034
0.06429405
0.062536456
0.06215187
0.06589478
0.06579228
0.064854175
0.06582917
0.066097155
0.067591704
0.06706748
0.07194921
0.075795665
0.07426196
0.075010955
0.0732286
0.067980446
0.06726836
0.0604273
0.061699554
0.060467433
0.059208132
0.059501115
0.06015986
0.06329243
0.064351216
0.06434565
0.06329434
0.06514051
0.06678871
0.0670486
0.06374847
0.06017503
0.058325693
0.058786076
0.058970813
0.05752629
0.057773568
0.059630126
0.061685417
0.06355813
0.06260154
0.06079155
0.06335485
0.061641984
0.06045684
0.061192755
0.060356066
0.061147723
0.06172641
0.063811906
0.06538055
0.06490612
0.06656336
0.065356664
0.06555795
0.06993266
0.06639591
0.066378504
0.06679262
0.06338729
0.06412686
0.06270075
0.05612529
0.057374645
0.057967193
0.056318864
0.054925155
0.05749368
0.059128255
0.059978135
0.05838017
0.057988588
0.056894246
0.059721988
0.061304867
0.05748536
0.06107455
0.060949482
0.060718376
0.059452977
0.058442842
0.0610104
0.062321827
0.062324356
0.06585474
0.06532409
0.06684878
0.06685062
0.06607187
0.06639801
0.06376965
0.060385965
0.062142733
0.06063734
0.059088763
0.05820204
0.05772923
0.058230557
0.060146354
0.059498053
0.06050105
0.062310953
0.06755845
0.066855416
0.06711235
0.06540255
0.069335066
0.06896681
0.06688614
0.066281356
0.06535301
0.0644607
0.06752047
0.06501606
0.0646525
0.0638712
0.062370922
0.062738836
0.06341876
0.06136657
0.059894368
0.05783142
0.0577542
0.05801757
0.06026078
0.060617782
0.062782034
0.062457558
0.06111444
0.06460084
0.064556554
0.06398017
0.061923925
0.059211235
0.05896402
0.060719367
0.06118125
0.059868094
0.06228196
0.065631196
0.06713613
0.06601973
0.06757591
0.064971715
0.065102085
0.06791145
0.06483167
0.06533104
0.06617221
0.06427221
0.06441653
0.06635495
0.06537202
0.066259116
0.06686109
0.06775826
0.070957445
0.06945386
0.06972205
0.06858442
0.066699356
0.0665743
0.067729436
0.06693697
0.06874121
0.06702767
0.06841019
0.06878209
0.06941798
0.071195304
0.06855929
0.06650203
0.06324622
0.06431592
0.06337756
0.063165605
0.06410473
0.061767027
0.062008932
0.0629497
0.06287264
0.066925384
0.066725664
0.06979018
0.06749253
0.06710138
0.06905429
0.07034777
0.06782196
0.06625373
0.065466814
0.06520135
0.06796577
0.06780541
0.06839795
0.06675414
0.06792022
0.069521114
0.07161976
0.07172448
0.07280259
0.073300965
0.07382057
0.073621675
0.07533625
0.07487332
0.07455993
0.072927274
0.07168857
0.069583766
0.069843516
0.06979195
0.06820137
0.06562391
0.063774236
0.06428147
0.06473873
0.06368604
0.06415673
0.059780154
0.06072888
0.060214948
0.062991306
0.06347424
0.06310073
0.06268087
0.060094494
0.05637874
0.056461748
0.056536887
0.055072613
0.05345913
0.051350184
0.050451227
0.049144763
0.05076037
0.051919866
0.052717626
0.05471867
0.052992232
0.054391913
0.055020772
0.056509946
0.056556895
0.05719488
0.058209427
0.05539081
0.056755375
0.05534664
0.057490386
0.058766
0.057734028
0.05800735
0.058617845
0.05929606
0.05899973
0.057960972
0.057250522
0.055004347
0.05676863
0.05497718
0.054978102
0.055145662
0.053966604
0.05260583
0.050958864
0.05056609
0.050652646
0.050438005
0.0507051
0.051041238
0.050182205
0.048571512
0.04785023
0.047024604
0.04741455
0.048733257
0.04904644
0.049442854
0.048926104
0.048225947
0.04909478
0.048773065
0.0495204
0.05045658
0.051342737
0.05099331
0.05312394
0.054009404
0.053468328
0.053476516
0.055242483
0.0571501
0.058546863
0.059340883
0.05804654
0.060127657
0.05941771
0.060956575
0.058336854
0.057617188
0.05734405
0.058290787
0.057333227
0.054338858
0.052727353
0.053428918
0.05526209
0.053325295
0.055408053
0.054787677
0.055903606
0.0556424
0.056837212
0.05724605
0.05665165
0.05968283
0.061114486
0.062229436
0.061474334
0.060965445
0.060042363
0.05862005
0.057922386
0.057821073
0.059951447
0.06275329
0.06348783
0.065430254
0.06365692
0.06485139
0.06576093
0.067034215
0.06790508
0.06767694
0.068443306
0.07002188
0.06799603
0.06511657
0.06485364
0.06596557
0.06521943
0.06706392
0.0686175
0.067551516
0.06852417
0.06783189
0.06489411
0.06458743
0.06526466
0.06465282
0.06447614
0.06374218
0.0625104
0.060936984
0.059309896
0.062208194
0.063158296
0.06431747
0.06818675
0.06910405
0.070443794
0.073705584
0.072754234
0.07255931
0.073500745
0.07383063
0.074824184
0.07194874
0.07067002
0.07303357
0.0715271
0.07249947
0.06999596
0.06732875
0.06964278
0.07131431
0.07330485
0.07223617
0.07311053
0.07515085
0.07302947
0.071362905
0.072910085
0.07068013
0.07341703
0.07535579
0.075985774
0.07503212
0.07560121
0.07508883
0.07698542
0.07870023
0.08134124
0.0832381
0.0821693
0.08572142
0.08576376
0.084445626
0.087349005
0.0879393
0.09096929
0.092026204
0.09166608
0.09002494
0.089137435
0.09043363
0.08628667
0.08611947
0.08410557
0.08154532
0.08220829
0.08050078
0.080723785
0.08033037
0.07560951
0.07483288
0.07309329
0.07134438
0.071873136
0.07213244
0.07286449
0.071839914
0.072249755
0.06972205
0.07148118
0.0702979
0.07024638
0.07214342
0.072674185
0.07345045
0.07452483
0.07531776
0.0746774
0.07476313
0.07396892
0.07147548
0.071956426
0.07491622
0.07572144
0.07615281
0.074945964
0.07460628
0.07570057
0.07501295
0.07459646
0.07401398
0.07525329
0.077076204
0.078768775
0.07960732
0.07725622
0.07490911
0.07262158
0.07356051
0.07358277
0.07462742
0.07511145
0.07607125
0.07642024
0.07605402
0.07445734
0.07372737
0.07569189
0.0752352
0.0754595
0.0741319
0.074340895
0.07575549
0.073929854
0.07392895
0.07420847
0.07369741
0.07176697
0.07173079
0.07300358
0.07127978
0.06938886
0.06978454
0.069928795
0.069879696
0.06949157
0.07030668
0.07040517
0.07191292
0.0716511
0.069492005
0.06842405
0.06693033
0.06616662
0.065802686
0.06456868
0.06577417
0.067101054
0.06535464
0.06554019
0.06309663
0.061106835
0.06098896
0.06027761
0.058733296
0.05755573
0.05548561
0.054189928
0.055455655
0.055030666
0.053792715
0.05484785
0.055503085
0.05458108
0.056468084
0.05522441
0.053947173
0.05336821
0.05306544
0.053275034
0.05346247
0.053731613
0.054115452
0.055334993
0.056371797
0.055864803
0.057073824
0.059585243
0.058996167
0.05810478
0.057838865
0.059824683
0.059508234
0.05924178
0.05983985
0.058275357
0.059410725
0.06107578
0.0605227
0.061679207
0.06370515
0.06388839
0.06284021
0.062077183
0.05995854
0.058304437
0.058964502
0.05911847
0.058732137
0.05696253
0.05605687
0.054264665
0.054107267
0.053987544
0.05207737
0.05052702
0.050104693
0.049623694
0.049484286
0.04906976
0.04792565
0.047004633
0.047542363
0.047763348
0.046126705
0.046635248
0.04679396
0.04671996
0.04799715
0.04899761
0.048817657
0.047663767
0.048757136
0.049417775
0.04972271
0.049289584
0.05119232
0.051506903
0.051379424
0.051170073
0.05228009
0.052400023
0.052336548
0.051320937
0.05200557
0.052244462
0.052973412
0.051656175
0.051610794
0.051295154
0.05277581
0.05243007
0.052312616
0.05176178
0.05132387
0.049926545
0.049579088
0.048932604
0.049119066
0.049452376
0.048992854
0.048280694
0.048517972
0.048298538
0.047423955
0.047060136
0.047236543
0.04801868
0.047301363
0.046379454
0.045394666
0.045532394
0.04468864
0.044329446
0.04422589
0.044295855
0.04404466
0.04501299
0.04548616
0.04455692
0.044945855
0.044263307
0.043965988
0.04425476
0.04434233
0.045242943
0.044877347
0.04629625
0.04647913
0.04582269
0.04635224
0.04588001
0.047095004
0.047195617
0.048250064
0.04980122
0.048761986
0.048112266
0.04758349
0.047862086
0.04802048
0.04970554
0.05039369
0.05144151
0.05181859
0.051342826
0.050769467
0.049892727
0.049941856
0.05164235
0.050230388
0.049494218
0.04973359
0.048688438
0.04906763
0.04969294
0.04993766
0.049311116
0.04935649
0.049344257
0.05008003
0.049051788
0.04967933
0.049562007
0.050071586
0.050246466
0.050752055
0.051472086
0.051592883
0.05192393
0.05267156
0.051871266
0.051427774
0.05057394
0.05036123
0.05080728
0.051860437
0.052675012
0.051710516
0.05160313
0.052015584
0.052563317
0.052147
0.051439613
0.051976915
0.052693885
0.052661255
0.053617995
0.053281624
0.053194575
0.053292386
0.053455435
0.05189162
0.05056429
0.0509596
0.04994546
0.049139638
0.049098484
0.049174514
0.048666075
0.04889558
0.04958364
0.049164265
0.048912246
0.04864505
0.04798372
0.047316346
0.04758084
0.048333883
0.047822922
0.04861701
0.04856918
0.048874922
0.04939812
0.049997345
0.04955973
0.049668748
0.049844097
0.050184317
0.05057541
0.051276222
0.05176063
0.052524276
0.051796436
0.052259296
0.051484294
0.05176534
0.051699873
0.05220617
0.05290636
0.05460234
0.05559323
0.05552916
0.055939455
0.056400966
0.057379868
0.058315393
0.058638442
0.059109144
0.059702024
0.059350803
0.05859488
0.057646014
0.055686273
0.05530987
0.054385114
0.053817812
0.053315833
0.05362542
0.052221056
0.051302362
0.05024289
0.05018904
0.05036812
0.049212117
0.048981305
0.04883821
0.047737036
0.04737279
0.046497647
0.046580423
0.046213884
0.045187764
0.04504722
0.04419935
0.044263188
0.0436304
0.04314062
0.0430685
0.042939447
0.04285581
0.042416215
0.041817203
0.041764468
0.0410111
0.041017868
0.040754035
0.040674336
0.040346082
0.03995015
0.039225366
0.038751706
0.038409125
0.038045157
0.03750366
0.0370149
0.036444005
0.03579915
0.035381645
0.034728665
0.03444758
0.03394976
0.03336442
0.032923713
0.032391783
0.031884976
0.03140175
0.03094068
0.030500466
0.03007991
0.029677909
0.029293438
0.028925559
0.0285734
0.028236149
0.027913058
0.027603433
0.027306622
0.027022023
0.026749073
0.026487248
0.026236057
0.025995044
0.025763778
0.02554186
0.025328914
0.025124585
0.024928547
0.024740487
0.024560114
0.024387155
0.024221353
0.024062468
0.02391027
0.023764545
0.023625093
0.023491725
0.023364265
0.02324254
0.0231264
0.02301569
0.022910275
0.022810021
0.02271481
0.022624524
0.022539055
0.022458304
0.022382174
0.022310577
0.022243435
0.022180667
0.022122206
0.022067985
0.022017945
0.021972029
0.021930188
0.021892378
0.021858556
0.021828687
0.021802738
0.02178068
0.021762496
0.02174816
0.021737657
0.02173098
0.021728119
0.021728119
0.021728119
0.021728119
0.021728119
0.021728119
0.021728119
0.021728119
0.021728119
0.021728119
0.021728119
0.021728119
0.021728119
0.021728119
0.021728119
0.021728119
0.021728119
0.021728119
0.021728119
0.021728119
0.021728119
0.021728119
0.021728119
0.021728119
0.021728119
0.021728119
0.021728119
0.021728119
0.021728119
0.021728119
0.021728119
0.021728119
0.021728119
0.021728119
0.021728119
0.021728119
0.021728119
0.021728119
0.021728119
0.021728119
0.021728119
0.021728119
0.021728119
0.021728119
0.021728119
0.021728119
0.021728119
0.021728119
0.021728119
0.021728119
0.021728119
0.021728119
0.021728119
0.021728119
0.021728119
0.021728119
0.021728119
0.021728119
0.021728119
0.021728119
0.021728119
0.021728119
0.021728119
0.021728119
0.021728119
0.021728119
0.021728119
0.021728119
0.021728119
0.021728119
0.021728119
0.021728119
0.021728119
0.021728119
0.021728119
0.021728119
0.021728119
0.021728119
0.021728119
0.021728119
0.021728119
0.021728119
0.021728119
0.021728119
0.021728119
0.021728119
0.021728119
0.021728119
0.021728119
0.021728119
0.021728119
0.021728119
0.021728119
0.021728119
0.021728119
0.021728119
0.021728119
0.021728119
0.021728119
0.021728119
0.021728119
0.021728119
0.021728119
0.021728119
0.021728119
0.021728119
0.021728119
