1355.7397
458.46796
211.80319
150.23457
118.37567
98.21994
84.011795
73.125206
64.71218
57.930637
52.360165
47.66415
43.805737
40.298916
37.296284
34.77391
32.488388
30.296915
28.445015
26.768597
25.333067
23.887634
22.662779
21.489882
20.405554
19.469498
18.690031
17.749626
17.184093
16.54139
15.692945
15.118791
14.572108
13.880798
13.383438
12.871147
12.406619
11.989693
11.730391
11.2529545
10.792631
10.533003
10.141639
9.86748
9.550441
9.279543
9.118727
8.82511
8.501288
8.242399
8.032568
7.8248997
7.6208262
7.525334
7.343169
7.033157
6.8378344
6.705592
6.5602508
6.41739
6.260388
6.216672
6.0163317
5.8340464
5.710569
5.5811257
5.4724693
5.414086
5.2785883
5.1667457
5.0323925
4.982305
4.870354
4.7393136
4.6447563
4.5757627
4.4957323
4.4372473
4.332628
4.2467923
4.189508
4.094608
4.004781
3.9453604
3.891611
3.8354228
3.7721884
3.7252312
3.651824
3.6577432
3.559407
3.475657
3.4274423
3.3925812
3.3542898
3.287589
3.2264516
3.2007115
3.154812
3.1085303
3.0584826
3.0320303
2.98154
2.9515433
2.9179592
2.9128263
2.8580055
2.8008227
2.7682734
2.7284632
2.710463
2.6743329
2.6717772
2.6004965
2.5918121
2.5674284
2.5240808
2.4752648
2.471719
2.4334588
2.3891413
2.3941517
2.3327482
2.3315964
2.356298
2.2737498
2.2462082
2.2430036
2.2207818
2.1883008
2.1611345
2.1642807
2.127512
2.1130965
2.097018
2.0740848
2.0613232
2.0412674
2.0333161
2.013869
1.9827316
1.9504277
1.9404123
1.933002
1.9129121
1.8878158
1.8771915
1.8588983
1.8471787
1.8355083
1.822707
1.7978587
1.7927079
1.7729759
1.7605213
1.7528652
1.7371911
1.7176096
1.709613
1.7005956
1.6798265
1.6804802
1.6496687
1.6415846
1.6669402
1.6307766
1.6272912
1.6120719
1.6147127
1.5938902
1.5730993
1.5594862
1.5447288
1.5520843
1.54691
1.5314063
1.5400827
1.5100615
1.5507649
1.5335939
1.482417
1.476514
1.4742467
1.4597614
1.4635203
1.4403435
1.4226576
1.4235115
1.4184064
1.4056029
1.3952779
1.3857741
1.3706694
1.3596672
1.349305
1.3523558
1.3375444
1.3294393
1.3206058
1.3160387
1.308426
1.2989877
1.2881426
1.289692
1.2772601
1.2754679
1.2660946
1.2541877
1.251484
1.2536871
1.2367784
1.2308338
1.2238678
1.2254143
1.2201716
1.20911
1.2015442
1.202949
1.2000107
1.1966031
1.1812454
1.179385
1.1807332
1.1682873
1.1597118
1.1565592
1.1543444
1.1457494
1.1508032
1.163702
1.1428438
1.1304033
1.1283873
1.1219857
1.1195904
1.111673
1.1176677
1.10517
1.1053642
1.0984675
1.0952425
1.0962907
1.0919296
1.0892394
1.0864187
1.0739669
1.0781344
1.0789275
1.0776601
1.0556314
1.0600019
1.0584458
1.0494554
1.0472983
1.044718
1.0398839
1.0391155
1.0399076
1.0326052
1.0290593
1.0324453
1.0254688
1.0174686
1.0206708
1.016673
1.0296173
1.0113393
1.0082178
1.0013885
1.006153
1.0011073
1.0021586
1.0063684
0.99167037
0.9941576
0.9884756
0.99536425
0.98665917
0.99229705
0.9908799
1.0007505
0.97666866
0.9802418
0.987449
0.9786449
0.98547167
0.97851694
0.98215747
0.9761819
0.9751753
0.96714306
0.97124875
0.9639175
0.96005625
0.96420664
0.95379674
0.9555558
0.95645946
0.95622724
0.94512093
0.95614916
0.93926626
0.9439288
0.93803835
0.94469243
0.93587244
0.92701554
0.9258409
0.9231325
0.9214198
0.9301332
0.9173344
0.91449267
0.91415185
0.91448766
0.9150508
0.9166107
0.91079557
0.9126658
0.91744375
0.9048017
0.9054233
0.9070989
0.90850693
0.9033169
0.895005
0.900868
0.90393096
0.89588714
0.9013205
0.8975355
0.89372236
0.8905426
0.8816655
0.8793498
0.87946254
0.8789331
0.87630886
0.88170344
0.8807549
0.8730935
0.8705771
0.87806904
0.8750735
0.8709766
0.87959737
0.87172264
0.8693289
0.8675953
0.86482865
0.8623316
0.8628821
0.85543185
0.86253065
0.85683584
0.8608388
0.8543851
0.8566221
0.8446808
0.84428
0.85249966
0.84350896
0.83925617
0.8453744
0.8414748
0.8406115
0.8346762
0.8405847
0.84193665
0.8326633
0.8357014
0.8313987
0.82978505
0.8249199
0.81961757
0.82525784
0.8237658
0.8286942
0.8201782
0.8211217
0.8233336
0.82216096
0.8155186
0.81766826
0.8246516
0.81685174
0.82062775
0.8206161
0.8176184
0.81883305
0.8111722
0.8087654
0.8145965
0.8076331
0.80655664
0.8095331
0.8011323
0.8090535
0.7948083
0.800161
0.7964486
0.79900134
0.7999452
0.7938776
0.7892459
0.7945258
0.7896927
0.79113346
0.78642404
0.79002774
0.7913787
0.78121996
0.77940094
0.7839216
0.7730456
0.7800446
0.78361505
0.7771435
0.78004265
0.7728951
0.7712702
0.7702367
0.76816905
0.7692441
0.762045
0.76413125
0.7679578
0.7719354
0.76080126
0.763507
0.7574519
0.75947845
0.76096445
0.7526299
0.7490358
0.7515604
0.75064135
0.74518186
0.7512604
0.7469998
0.75282615
0.74663174
0.7487057
0.7478447
0.7456198
0.74315876
0.74006534
0.7392925
0.74248415
0.7431025
0.7320548
0.73796797
0.7376692
0.7341267
0.7263262
0.73499703
0.73241556
0.7321366
0.72871107
0.7274167
0.73177767
0.7285053
0.72010386
0.7291849
0.7240114
0.7206101
0.7230231
0.7180866
0.72197336
0.72177655
0.71746314
0.7241107
0.7187211
0.71181107
0.715293
0.71416926
0.71276116
0.71342343
0.7072949
0.7093269
0.7137029
0.71671677
0.72041655
0.7269149
0.7150501
0.7095977
0.7127507
0.7130985
0.7117718
0.7121501
0.7188501
0.707191
0.70539236
0.7054165
0.7100186
0.71179605
0.7021656
0.7103361
0.70903933
0.7083159
0.7026614
0.7047617
0.709596
0.70624954
0.7117244
0.71038663
0.7101054
0.6996556
0.7047164
0.7027797
0.6971223
0.7003467
0.7013555
0.73301804
0.7051768
0.70718396
0.7021119
0.7017831
0.7057634
0.7049918
0.7043152
0.70102006
0.701565
0.7036352
0.6996997
0.69326085
0.7141004
0.6968404
0.6960133
0.689991
0.69781476
0.69118434
0.69865227
0.6861538
0.6945055
0.69345856
0.69562876
0.6898037
0.68911004
0.6902369
0.6929398
0.68725616
0.6890132
0.6851486
0.6892749
0.6852168
0.69156444
0.69305027
0.69272137
0.68502814
0.6838474
0.6932542
0.68209225
0.68448234
0.6868282
0.6901731
0.68768144
0.69313365
0.6887802
0.6863073
0.6896996
0.691754
0.6905306
0.6858246
0.6862984
0.68962944
0.69186014
0.6922204
0.6920502
0.69444346
0.68803537
0.6868668
0.6859994
0.69246024
0.68838316
0.68936175
0.6911564
0.68909776
0.6937416
0.6867349
0.68964845
0.6913272
0.6850712
0.6817485
0.6869864
0.6910459
0.685631
0.6913122
0.6819573
0.6853186
0.67693675
0.684103
0.6801422
0.6834273
0.6799297
0.682387
0.68392944
0.68438286
0.67590714
0.6766696
0.6804545
0.6800267
0.68441033
0.6803847
0.68070257
0.6834993
0.6747006
0.67638636
0.6797448
0.67698175
0.67988455
0.6766149
0.6710614
0.6744819
0.67163146
0.67679274
0.6645153
0.6705739
0.67493665
0.67088515
0.6744698
0.6655974
0.6679821
0.6816212
0.6690369
0.66656244
0.6752016
0.6764251
0.66276157
0.66478175
0.6633171
0.6697636
0.6662974
0.66526306
0.66371626
0.6615571
0.66545576
0.6606727
0.65961295
0.6670772
0.66320485
0.65585244
0.6577683
0.6555241
0.6520376
0.6579342
0.65401286
0.65218896
0.654085
0.65749764
0.6551755
0.65780973
0.6610475
0.6515479
0.65575224
0.659239
0.65194046
0.6565156
0.6517824
0.65101737
0.6525658
0.6545187
0.65435964
0.6517675
0.650468
0.65389425
0.6565223
0.6574916
0.650975
0.6524473
0.6527676
0.65363306
0.65319806
0.65684146
0.647361
0.659863
0.6514312
0.6537017
0.6512057
0.6524353
0.6504826
0.6503927
0.64907974
0.6470116
0.65741825
0.64836746
0.6498117
0.65373975
0.64871675
0.65170324
0.6485512
0.6521049
0.65331846
0.6434207
0.6423232
0.6499775
0.6476659
0.6457857
0.6460255
0.6475031
0.6484403
0.65314054
0.6484339
0.64489514
0.6442091
0.6415267
0.64360785
0.65064085
0.6525446
0.6491348
0.64692634
0.6535781
0.6519209
0.64757365
0.6424357
0.63956416
0.6435659
0.64684457
0.6405403
0.64395815
0.6440518
0.64902025
0.6321309
0.64290774
0.63390535
0.643271
0.63790125
0.6399698
0.63855433
0.63913643
0.64003325
0.6325408
0.63361067
0.6380025
0.6419445
0.6326207
0.6362228
0.6370615
0.6355905
0.63246995
0.63117504
0.63008446
0.63263494
0.63023275
0.6324363
0.62847924
0.6368155
0.6297693
0.6304515
0.62867546
0.62884265
0.6270761
0.6281289
0.62375814
0.62636864
0.62426573
0.61807173
0.61986077
0.62510276
0.6243182
0.6201156
0.6199078
0.62475353
0.625026
0.6256163
0.6214789
0.6143495
0.620383
0.61998695
0.61809397
0.6156428
0.6200412
0.61607707
0.6161067
0.61587363
0.6187221
0.6089668
0.61555123
0.61787575
0.6123241
0.6054008
0.6150856
0.6168537
0.6130038
0.61075693
0.6149701
0.6142626
0.6134508
0.6201218
0.6172459
0.6109034
0.6198849
0.61674154
0.61538476
0.6119935
0.60885054
0.61222637
0.6116969
0.61217874
0.6146131
0.6088285
0.60779715
0.6125968
0.61054456
0.6083695
0.6114149
0.6134098
0.61024195
0.6121194
0.61074215
0.61543393
0.6128305
0.61021966
0.60907626
0.60774577
0.6140343
0.6105519
0.6073443
0.6084395
0.60845536
0.6110519
0.6158596
0.6094037
0.61575913
0.6090319
0.6104244
0.61498207
0.60842913
0.6120814
0.6070741
0.6027457
0.6090988
0.60672337
0.60425216
0.6067941
0.6065857
0.6015071
0.60503983
0.60884416
0.6053083
0.60710615
0.6037896
0.6023468
0.6005377
0.6007975
0.59908646
0.6067878
0.60407096
0.5959914
0.5977386
0.5938984
0.5966512
0.59429854
0.59670556
0.5966187
0.5934758
0.59448934
0.5951977
0.59467685
0.5955448
0.5901478
0.59021354
0.59301174
0.5920651
0.59277564
0.5874573
0.59153885
0.59367377
0.5835983
0.5912891
0.5917505
0.59358627
0.5899091
0.5822383
0.581923
0.5866439
0.5838167
0.58156705
0.58367926
0.58853686
0.5800656
0.57763267
0.57798976
0.58464134
0.5808584
0.5864277
0.57420784
0.57733047
0.57807887
0.58014303
0.57715666
0.57131505
0.5756633
0.5769336
0.5785085
0.5726256
0.5729321
0.5689466
0.5715724
0.57164234
0.57713836
0.57364416
0.5761663
0.56851625
0.5658279
0.5749455
0.5655956
0.5714893
0.5744899
0.5772876
0.5693358
0.5701415
0.56987
0.570059
0.5709131
0.5718241
0.56337726
0.56343144
0.5681339
0.56604874
0.57034296
0.5663787
0.5651485
0.56747895
0.5680026
0.5662159
0.5628605
0.5711498
0.57019836
0.5648454
0.56546897
0.5633466
0.5684539
0.56032825
0.5659297
0.5649875
0.55783206
0.5642607
0.56495285
0.5601237
0.56806475
0.5652652
0.5579896
0.55981785
0.5574464
0.56359535
0.5606878
0.5640947
0.56426567
0.55464226
0.560228
0.55691874
0.55340636
0.55522496
0.5576137
0.5599208
0.55593735
0.56176925
0.5596655
0.5560954
0.5503212
0.5562568
0.5451642
0.5539629
0.54837555
0.5461186
0.54621345
0.55378795
0.55024284
0.54737383
0.54505396
0.54870903
0.551144
0.5500365
0.5507911
0.5487302
0.5476706
0.55485547
0.5451734
0.55781454
0.55332077
0.5463854
0.5468793
0.5508885
0.5514231
0.55264014
0.5575216
0.5508604
0.54963446
0.5449157
0.55189675
0.5531937
0.5520973
0.54485065
0.54995716
0.5533214
0.5492032
0.5552963
0.55219615
0.5435255
0.54701626
0.54993397
0.5468862
0.5460563
0.5489918
0.5482715
0.54789734
0.54826206
0.54773
0.5533469
0.54992396
0.55467993
0.544501
0.5497652
0.5462896
0.5519645
0.5473298
0.54988825
0.5513787
0.55066735
0.54802233
0.5487326
0.5514437
0.55027467
0.5445108
0.5473142
0.5394981
0.5468698
0.5533401
0.54426247
0.5472427
0.54825294
0.5473267
0.54666126
0.545121
0.5498158
0.54692656
0.54668915
0.5501749
0.54770094
0.55100936
0.5483473
0.54753673
0.5487252
0.54429656
0.5357512
0.5489735
0.5348476
0.54432154
0.54297847
0.54244787
0.5426477
0.54689527
0.54848665
0.5377163
0.5418046
0.53973305
0.53592163
0.54006314
0.53862894
0.53778476
0.53986347
0.5408938
0.5374953
0.5381841
0.5361011
0.5359777
0.5402128
0.5395377
0.53638417
0.53624296
0.5358318
0.53288674
0.5345563
0.5357585
0.52494687
0.52714473
0.5394171
0.52668875
0.5269103
0.5291853
0.5260207
0.5251845
0.53197724
0.5250162
0.5322339
0.52698755
0.52587664
0.5248902
0.5296948
0.5247589
0.527271
0.52504754
0.53120005
0.5241029
0.5299804
0.5295495
0.53046876
0.5270025
0.52805334
0.5261263
0.52541435
0.5254146
0.52615005
0.53357315
0.52793765
0.52301013
0.5294276
0.5279392
0.5289463
0.52532834
0.5256636
0.52550596
0.524678
0.52558756
0.5271667
0.5299651
0.52498555
0.52339673
0.52703214
0.52443093
0.52286094
0.52625096
0.5229213
0.5204359
0.5207113
0.52781546
0.52372503
0.5249837
0.5238232
0.5173187
0.52334875
0.5238082
0.5246207
0.5160149
0.51751906
0.5201982
0.5247824
0.52773756
0.5307231
0.52448523
0.52234256
0.5137532
0.51898664
0.5265633
0.5177332
0.52015465
0.51626205
0.5257676
0.51916605
0.5230201
0.5205781
0.52035165
0.52323943
0.5254842
0.5215717
0.52115667
0.52841324
0.5239444
0.52265006
0.5238312
0.5208022
0.52522886
0.5278443
0.5223726
0.52336204
0.5208208
0.51832414
0.5203227
0.52144635
0.5229688
0.51622975
0.52103406
0.51623505
0.51936233
0.52343
0.51500463
0.51119334
0.51004803
0.5152476
0.5174857
0.5134916
0.5093741
0.5059852
0.5089689
0.51009285
0.51302063
0.5075882
0.50384873
0.5062698
0.5122756
0.5060216
0.5057864
0.50877297
0.50636876
0.5064228
0.50306916
0.50905585
0.50308275
0.50459987
0.5041513
0.5044442
0.5042935
0.50262654
0.49588588
0.5007144
0.50420284
0.5004525
0.49846873
0.5020729
0.5017001
0.49514407
0.49611488
0.49636805
0.49575347
0.5007944
0.5068326
0.4977115
0.49531883
0.4957965
0.49559554
0.4932669
0.49472666
0.49477065
0.4878996
0.48722926
0.4884818
0.4911899
0.49230227
0.48800772
0.48887864
0.48489088
0.48395762
0.48386672
0.48480752
0.48407435
0.482707
0.48229566
0.48727793
0.4830736
0.4853557
0.48541346
0.48140457
0.48276463
0.48109254
0.48039073
0.48331693
0.4812244
0.48071337
0.48447365
0.47839215
0.48150438
0.4770776
0.4818767
0.4840485
0.48346606
0.48646143
0.48153803
0.47602168
0.48505995
0.48160827
0.4801919
0.4869259
0.47999576
0.47886124
0.4812446
0.47859213
0.47502825
0.47573233
0.48368958
0.4850085
0.48032105
0.48262963
0.48439154
0.47547206
0.4797127
0.47978458
0.4826633
0.48350152
0.48244834
0.48056686
0.48689142
0.4832302
0.48198417
0.483572
0.48070145
0.48305613
0.4807224
0.47979662
0.49009764
0.48624876
0.49457484
0.49138248
0.48294795
0.481979
0.4833443
0.4867437
0.48243728
0.47970125
0.4855274
0.48698977
0.48193023
0.48226434
0.47959518
0.48680818
0.48416862
0.48497862
0.4810807
0.4866147
0.48950034
0.48429376
0.486163
0.48167142
0.48612177
0.4775376
0.482399
0.479019
0.48592594
0.4801764
0.4777937
0.479948
0.4763584
0.478784
0.48227373
0.47985733
0.48146772
0.47857457
0.47415036
0.48150477
0.4822442
0.4812923
0.47973415
0.4801984
0.48280793
0.47739118
0.4742617
0.47590458
0.4742102
0.4740772
0.47865513
0.474971
0.47502637
0.47685283
0.47283843
0.47470266
0.475947
0.47262913
0.47318444
0.47289923
0.476866
0.47423652
0.47287384
0.47642085
0.46685374
0.4696646
0.47338703
0.46939877
0.47032472
0.47470075
0.47220862
0.4736129
0.4689354
0.4755251
0.46968812
0.47121167
0.47221908
0.47038895
0.47271118
0.46815094
0.4716487
0.46966258
0.46735364
0.46741033
0.47274816
0.46960822
0.4754493
0.4671133
0.4701211
0.47113973
0.4695215
0.46321946
0.46467772
0.46633774
0.46990663
0.46231484
0.46594003
0.47016022
0.46741688
0.4710626
0.46844718
0.47296405
0.46669436
0.46339092
0.4668379
0.47624353
0.4614217
0.46817696
0.46503687
0.4695208
0.465309
0.46477395
0.4650277
0.4702449
0.47074163
0.46465582
0.45653325
0.47014806
0.46820822
0.4704818
0.47252208
0.46570313
0.4696346
0.4691316
0.46228212
0.47019565
0.47372383
0.4662928
0.46714598
0.46513167
0.46862158
0.46938607
0.46880406
0.4728808
0.4661876
0.46715704
0.469108
0.46882537
0.46448788
0.46834156
0.46459097
0.47213557
0.46660534
0.4647986
0.46305296
0.46706307
0.46968102
0.45938253
0.4641789
0.46724164
0.47032985
0.4668582
0.4702773
0.46613002
0.46558902
0.46682388
0.46289852
0.46539694
0.4640663
0.4665414
0.46338275
0.46431503
0.46217006
0.46077317
0.4629631
0.45828846
0.45711675
0.46217388
0.46339065
0.46017653
0.45570973
0.45694593
0.46210933
0.45758197
0.46369898
0.4584211
0.45478326
0.45502335
0.46120542
0.4532272
0.45796722
0.4536508
0.45217344
0.46490234
0.45897743
0.4520321
0.45333332
0.448561
0.45235705
0.4447913
0.44845077
0.44910002
0.45062023
0.4511548
0.44399843
0.44994432
0.44691795
0.4444647
0.4435491
0.44629392
0.442213
0.4427104
0.44330785
0.44504875
0.43928516
0.44331014
0.44270596
0.44431764
0.44000226
0.44268963
0.43991613
0.4416186
0.43914604
0.44088915
0.43884975
0.43632758
0.4345896
0.43960702
0.4421172
0.44033247
0.43364024
0.4374106
0.433272
0.44157255
0.43422684
0.43373132
0.43475068
0.43959114
0.43667483
0.43158558
0.43478605
0.43179008
0.42762387
0.43213364
0.4280152
0.42968816
0.4311626
0.4313233
0.43093345
0.4316888
0.43002102
0.4320114
0.43033525
0.43124202
0.42624366
0.42489016
0.4280957
0.42788127
0.4281025
0.43162912
0.43089578
0.43142477
0.4303953
0.4298614
0.4260293
0.43137795
0.4284411
0.4259234
0.43015084
0.42430654
0.41976592
0.42523247
0.42430824
0.42698458
0.4282368
0.42675164
0.42559385
0.42341012
0.42458284
0.42344272
0.4229598
0.42277753
0.42325193
0.41704476
0.4243608
0.41909343
0.42400342
0.4201116
0.42171732
0.4190409
0.43022332
0.4237772
0.42205483
0.4213198
0.4207969
0.4173054
0.42153615
0.4216463
0.42952365
0.42002282
0.42148212
0.42250088
0.4225428
0.42431188
0.42506883
0.420681
0.4268748
0.4209309
0.42205784
0.424346
0.42366582
0.42839286
0.42528418
0.4255799
0.4234887
0.4214667
0.41716197
0.42702618
0.42492765
0.4255589
0.42774582
0.42741016
0.42373073
0.4217446
0.4234091
0.42548352
0.42884964
0.4256052
0.42689264
0.4289608
0.4249615
0.4258811
0.42768422
0.42441654
0.43030903
0.42241916
0.42585132
0.41984257
0.41992456
0.4267309
0.41664323
0.42894444
0.4275708
0.42329425
0.420533
0.42772672
0.42293456
0.4232954
0.42164618
0.42229316
0.41956055
0.4207673
0.42411637
0.41864988
0.41031164
0.41742477
0.42096034
0.41770378
0.41719532
0.41269913
0.418801
0.4194193
0.41736433
0.41590676
0.41534212
0.4144067
0.41325337
0.41446695
0.41696456
0.4183899
0.4187252
0.41856563
0.41250086
0.41635475
0.41366318
0.41653848
0.41368997
0.4197716
0.41358832
0.40958446
0.41137698
0.40993193
0.4078232
0.41212505
0.41199782
0.40682685
0.40737972
0.41243824
0.4098125
0.40088958
0.40710747
0.40172622
0.40527976
0.4035731
0.41111308
0.40740106
0.41092572
0.400769
0.40683728
0.40911365
0.40747476
0.40699887
0.40093595
0.4062244
0.40511668
0.40285343
0.40831068
0.4000017
0.4045882
0.40170264
0.40325782
0.40849403
0.40181866
0.40609968
0.40268373
0.40501887
0.40321374
0.403128
0.40561903
0.41046596
0.40391454
0.40605244
0.39658806
0.3987457
0.39624202
0.40393353
0.40130198
0.3965371
0.40843698
0.40239772
0.40289128
0.39873445
0.40203297
0.3982372
0.40485728
0.40181574
0.40246257
0.40135986
0.4040051
0.39536908
0.3983745
0.39484155
0.39816797
0.39491764
0.39950097
0.4037477
0.40117684
0.40020692
0.40104675
0.39672717
0.40252697
0.3984306
0.39545426
0.39351895
0.40257794
0.3997909
0.39351156
0.39718765
0.39749992
0.39646515
0.39767084
0.39082086
0.40074736
0.39145032
0.3889274
0.40045273
0.39929157
0.39972836
0.39922467
0.39323378
0.3906949
0.39906043
0.3976132
0.39411217
0.3879256
0.39333653
0.39461026
0.39239338
0.3925656
0.3899523
0.38987273
0.3889443
0.3949699
0.39272168
0.38433272
0.39419547
0.39308888
0.38957644
0.39437196
0.39232326
0.38789403
0.39483064
0.3886031
0.3915942
0.3922263
0.3927428
0.39219445
0.39422458
0.3920065
0.3872984
0.3935124
0.393983
0.39196485
0.39510638
0.3912704
0.39142665
0.39143214
0.39402577
0.39548635
0.3949342
0.39630702
0.3889962
0.3939512
0.3973045
0.395161
0.39133614
0.3898633
0.39518726
0.39358056
0.39201245
0.38779408
0.38933676
0.38285926
0.387673
0.3954302
0.3882279
0.3874294
0.3837166
0.38644624
0.38652298
0.39002162
0.38500845
0.3895731
0.3869441
0.3872187
0.38637015
0.39181545
0.3804664
0.3864165
0.37997273
0.38690802
0.3849306
0.38355103
0.37839395
0.3870474
0.3830743
0.38516977
0.38684386
0.38015363
0.38306624
0.38403246
0.3867291
0.3846602
0.39024046
0.3827037
0.38359305
0.384016
0.38841778
0.3848226
0.38238704
0.38042286
0.37915692
0.3785559
0.3839462
0.38539898
0.38510835
0.38273638
0.3789683
0.37715945
0.3850022
0.38015005
0.3848469
0.38092646
0.37993085
0.38105106
0.38169715
0.38243073
0.3801928
0.3815993
0.38161168
0.38239768
0.3789862
0.383144
0.3811876
0.38040352
0.37720636
0.37853914
0.37864307
0.3795657
0.3765684
0.37900242
0.3791775
0.38227072
0.38074547
0.3756885
0.38056827
0.37573916
0.37761754
0.38086852
0.37412107
0.37839606
0.37864596
0.38119072
0.38113242
0.3767167
0.3766053
0.37567437
0.38074312
0.38018405
0.3780929
0.37422687
0.3761039
0.3765894
0.37907797
0.3810861
0.37561393
0.38073358
0.3763028
0.3807658
0.37496004
0.3715289
0.37652785
0.3712802
0.37823907
0.3705832
0.37308505
0.37059978
0.3769689
0.37523288
0.36857185
0.3733811
0.36976758
0.37239403
0.3755314
0.37046665
0.37533557
0.36844715
0.3699569
0.3714824
0.37060115
0.37392026
0.370951
0.379604
0.3742295
0.37451318
0.3714711
0.36910656
0.3728115
0.37248927
0.3687841
0.3762834
0.37555322
0.37385747
0.37309822
0.3785178
0.3741599
0.3761558
0.36703917
0.37310585
0.37368044
0.37033123
0.37225306
0.37163877
0.37186784
0.37715036
0.37505016
0.3754073
0.3776228
0.37410632
0.37136436
0.36976507
0.37231874
0.37022233
0.37643507
0.37827253
0.37132108
0.3668503
0.36877206
0.3650703
0.36943942
0.366706
0.36963642
0.37152347
0.37031287
0.3672534
0.36737946
0.3712431
0.37177363
0.37315795
0.3698223
0.36683464
0.36445183
0.3677443
0.36330917
0.3650445
0.36494073
0.3668459
0.36493546
0.36462894
0.36824137
0.3659466
0.3642947
0.36904448
0.3647285
0.37056792
0.36321166
0.3666032
0.36323434
0.36700794
0.37056035
0.3656848
0.3624666
0.36351335
0.36446404
0.36568025
0.3667529
0.36885908
0.36062995
0.3655224
0.36252466
0.3612695
0.3668508
0.36308417
0.36242926
0.35766307
0.3630231
0.35911787
0.35881153
0.35643283
0.3574896
0.35950533
0.35757115
0.3539114
0.35722306
0.35915983
0.35772407
0.3572182
0.35419998
0.35886145
0.35581562
0.34923166
0.35796735
0.35123107
0.3500149
0.3558502
0.35797176
0.36150572
0.3571442
0.3510571
0.35564074
0.35222515
0.35801256
0.35679722
0.35294765
0.3581154
0.3492659
0.35404846
0.3564221
0.357436
0.35827336
0.3533691
0.36192617
0.3557422
0.35064203
0.35428876
0.35553324
0.3541021
0.354109
0.35498598
0.35261333
0.35206
0.35145983
0.35387138
0.35686928
0.350182
0.3489203
0.34753335
0.3553543
0.35159433
0.35195503
0.3500365
0.34904224
0.34590545
0.35758552
0.3506675
0.3562047
0.35067824
0.35413375
0.34920496
0.35474336
0.35943818
0.34848943
0.35607597
0.35488436
0.3535269
0.3500697
0.35243872
0.3543317
0.355173
0.35325477
0.35628742
0.3559752
0.3560803
0.35269383
0.35288185
0.3499498
0.35217434
0.3498633
0.3494385
0.34837693
0.35173777
0.34983137
0.35029048
0.35121486
0.34356907
0.35329905
0.34820738
0.34410647
0.35261494
0.34138805
0.3484019
0.34797385
0.34711367
0.35037625
0.34615362
0.34545684
0.34922588
0.34671488
0.34655872
0.34649143
0.34525847
0.3483993
0.3456693
0.34948364
0.34555322
0.3414974
0.34509012
0.3470296
0.34920356
0.34387985
0.3501384
0.34388635
0.34640914
0.3455343
0.34154105
0.34767622
0.34244406
0.34431493
0.34621418
0.3452354
0.34295097
0.34598553
0.34513524
0.34401387
0.345702
0.34140927
0.3451149
0.3414402
0.34541962
0.34465042
0.34155148
0.34070665
0.3412141
0.34465182
0.33938152
0.34126094
0.3402064
0.34330437
0.33727303
0.3410467
0.34174317
0.3425248
0.33497468
0.34219766
0.33841726
0.33734885
0.33864382
0.34265873
0.3376145
0.33656
0.33617058
0.33312392
0.3359357
0.34078035
0.34102038
0.33926395
0.3347036
0.33815297
0.3472644
0.33796808
0.33757076
0.34138343
0.33839598
0.33949864
0.339918
0.3404966
0.33563238
0.33990312
0.33278784
0.33562255
0.33700076
0.33320078
0.33811072
0.33141634
0.33021748
0.33160067
0.3369334
0.3314201
0.33540285
0.33213925
0.3337642
0.33338535
0.33044747
0.3331282
0.32910925
0.33228597
0.33547604
0.3341132
0.33571458
0.33370912
0.3329117
0.3285851
0.33555648
0.32765558
0.33316174
0.32934025
0.3364634
0.3341215
0.327205
0.3343645
0.33324564
0.33242804
0.33837324
0.339561
0.33698776
0.33850333
0.33189255
0.33386216
0.3315256
0.3345037
0.33445206
0.3360704
0.33615455
0.3356818
0.33330274
0.33682713
0.32929805
0.33100754
0.33013326
0.3291893
0.33243418
0.33216974
0.3293731
0.3304622
0.33413213
0.3277852
0.33560017
0.3306818
0.33072954
0.33212405
0.33389854
0.3290623
0.33504462
0.3298248
0.32688674
0.32741678
0.32634333
0.3295791
0.3309033
0.3273463
0.3332777
0.3271492
0.32552257
0.32082373
0.32570907
0.3231183
0.32150683
0.31995416
0.3260637
0.3241077
0.32430068
0.32208493
0.32366556
0.32327962
0.31736165
0.31905743
0.3163638
0.31823608
0.32191554
0.3224893
0.32214475
0.31743154
0.3203761
0.31651133
0.3190311
0.3158325
0.31814513
0.32059416
0.3150658
0.31747746
0.3108044
0.3154365
0.31342444
0.31463107
0.31618628
0.32362962
0.3131607
0.31832576
0.31926754
0.31372517
0.31442127
0.31668815
0.3178977
0.3119606
0.31805182
0.31370315
0.3131043
0.31858906
0.31611118
0.3109776
0.31234553
0.3108436
0.31658453
0.31283864
0.31298202
0.31856805
0.3127846
0.31661394
0.3107215
0.31282496
0.31038317
0.3101827
0.3129124
0.31505772
0.31148356
0.3088722
0.30837667
0.3095371
0.31144053
0.30928043
0.31134173
0.312611
0.3116056
0.31074706
0.31663355
0.3104918
0.31553409
0.31529278
0.3092772
0.3098036
0.3092134
0.31625527
0.3117501
0.3125981
0.31136784
0.30857778
0.3123313
0.31165212
0.30911565
0.3150983
0.31374714
0.31415874
0.31598797
0.312004
0.3097212
0.31319717
0.30624607
0.30901313
0.30574155
0.31035832
0.31031957
0.3126918
0.3138668
0.31546155
0.30694932
0.30716553
0.31045476
0.31173512
0.31231186
0.31017584
0.31183195
0.31585172
0.30777115
0.31370676
0.3087617
0.31577715
0.31023622
0.31227073
0.313816
0.31260931
0.31548783
0.31207356
0.3079606
0.31993517
0.3161805
0.31309447
0.31824666
0.3168784
0.31173375
0.30982065
0.31309834
0.3156223
0.30850413
0.3140399
0.31725097
0.31727087
0.3134228
0.30796885
0.31354827
0.30847907
0.31418777
0.31067905
0.31924212
0.31566447
0.3107613
0.31502116
0.312785
0.3130875
0.30868664
0.3168222
0.30761936
0.31064454
0.31144345
0.3151651
0.31375137
0.31101456
0.31305298
0.3146673
0.3116948
0.3144401
0.31108394
0.31145525
0.30736023
0.3116292
0.3106551
0.3072623
0.30868524
0.30938846
0.31461853
0.30942413
0.31140283
0.31183067
0.3090285
0.30973697
0.3065831
0.3106904
0.30929655
0.30824387
0.30848327
0.30364186
0.31045228
0.30778614
0.30625442
0.30641878
0.3072098
0.30830926
0.30823153
0.3120267
0.30615735
0.30877894
0.3098869
0.3092703
0.3073586
0.3030549
0.30756927
0.30665287
0.3083268
0.30637008
0.3053545
0.31122124
0.3135003
0.31087756
0.31017634
0.30720893
0.30507916
0.304515
0.31094715
0.30526847
0.30724838
0.30890977
0.30709648
0.30924195
0.3109842
0.3014389
0.30686796
0.30823985
0.30861378
0.3093174
0.30783433
0.30714932
0.3092917
0.3043774
0.3062225
0.3033277
0.3071527
0.30687606
0.30930242
0.30708382
0.30291837
0.30064574
0.30445713
0.30205166
0.3038905
0.30388904
0.30192706
0.30021644
0.30278116
0.29965314
0.29804632
0.29982415
0.30090246
0.30112725
0.29978687
0.2955532
0.3017367
0.29369473
0.29675537
0.294253
0.3003291
0.29879633
0.29129803
0.29569608
0.29516262
0.29766598
0.2923488
0.2953632
0.29839483
0.29266846
0.3001202
0.29537886
0.291203
0.29718545
0.29443523
0.294324
0.2993668
0.2951286
0.2896495
0.29494768
0.29892483
0.29773265
0.29376087
0.29545906
0.30301782
0.3003955
0.2963059
0.29845744
0.29321998
0.29361105
0.29276204
0.29751217
0.28898385
0.29746783
0.29812193
0.29264444
0.2935347
0.2910329
0.2928714
0.29741627
0.29595295
0.29086477
0.30061772
0.29329738
0.30106845
0.2938141
0.29530993
0.29461083
0.29805627
0.29782015
0.29504383
0.29182208
0.28886375
0.29986513
0.295144
0.29417711
0.29449973
0.29629532
0.29482406
0.30226287
0.29891148
0.2978787
0.29440588
0.29145664
0.291003
0.299235
0.29764608
0.29593667
0.29611307
0.2956019
0.29548916
0.29504082
0.29609314
0.29620615
0.29422155
0.2963877
0.298986
0.29423517
0.30313933
0.30019382
0.302261
0.29572394
0.29795286
0.29534242
0.29754105
0.29868215
0.2921238
0.2925202
0.29335704
0.3005035
0.29682514
0.29555482
0.29359078
0.2973475
0.29810035
0.29751766
0.29114988
0.2949907
0.2919045
0.29425907
0.29127434
0.29192263
0.29636022
0.29092953
0.29099283
0.28772733
0.29551625
0.28875527
0.29184747
0.29254785
0.29490593
0.2954803
0.2909662
0.2980739
0.2929715
0.2961128
0.29925123
0.2993341
0.2913199
0.29386863
0.293088
0.29447374
0.29460222
0.29239994
0.29784104
0.29979926
0.296444
0.29764757
0.29524592
0.29268846
0.29221183
0.29429418
0.29951158
0.29107788
0.29623657
0.29654634
0.29551408
0.2969183
0.29175237
0.29495254
0.2868759
0.29056057
0.29010838
0.2914234
0.2921286
0.28823248
0.29106957
0.28808966
0.28723434
0.283385
0.28610712
0.28810498
0.28386217
0.2860472
0.28720322
0.2875019
0.28334916
0.28496715
0.2859866
0.28595483
0.28386587
0.28037187
0.28640833
0.28395462
0.2818774
0.28136542
0.28405952
0.2832611
0.2836041
0.27927232
0.28450865
0.28384823
0.2831466
0.28014848
0.27803314
0.28340426
0.28217146
0.28368
0.2802652
0.2804787
0.28067368
0.2844911
0.27916068
0.2789764
0.28081658
0.2790773
0.28054875
0.27626938
0.27957305
0.28038228
0.28557947
0.28234065
0.28104562
0.2801347
0.2778151
0.27763563
0.2792895
0.27894402
0.2797276
0.27892193
0.27615985
0.28205693
0.2757365
0.27863857
0.27578598
0.28407618
0.28040642
0.28005126
0.28067574
0.2778687
0.28124812
0.27844214
0.2818909
0.28236598
0.27543536
0.27735776
0.27203903
0.27787057
0.27458134
0.2767652
0.27891135
0.27214596
0.27743667
0.28196606
0.27682164
0.27527168
0.27519372
0.27207258
0.27035967
0.2735539
0.27419856
0.2717575
0.27802417
0.27273446
0.27478543
0.2714924
0.27502197
0.26763633
0.27255192
0.27137852
0.26820514
0.26796845
0.2685685
0.27085137
0.27177256
0.270391
0.2734695
0.26844674
0.27111012
0.26700824
0.2678641
0.27082327
0.2655853
0.27012867
0.26974356
0.27258065
0.27015337
0.26403886
0.27045295
0.26976544
0.26727045
0.26731735
0.26724127
0.2665867
0.26495096
0.26831427
0.27036607
0.26903778
0.26514852
0.27127594
0.26351604
0.26459804
0.26592255
0.26975656
0.26616073
0.26631746
0.26539028
0.26459822
0.26681834
0.2638773
0.26758128
0.26684403
0.2666829
0.26759872
0.2658942
0.26663598
0.26534697
0.26363295
0.2643509
0.26674196
0.2687192
0.26303273
0.26382256
0.27492678
0.2672786
0.2714196
0.26599747
0.26982468
0.26786792
0.2632067
0.26564473
0.26630062
0.26897824
0.27092126
0.26602098
0.26283
0.26428565
0.26790023
0.26274928
0.26834172
0.26555902
0.2680257
0.26365495
0.26853853
0.268298
0.26424387
0.26720434
0.26427045
0.26754192
0.266599
0.26947683
0.26776773
0.2702294
0.27442235
0.26637986
0.26648223
0.26821083
0.26780236
0.26867306
0.26596954
0.27247328
0.2683962
0.26521614
0.26501903
0.26744965
0.2678096
0.2692915
0.26679432
0.27051416
0.2670376
0.26945156
0.26548442
0.2681084
0.26726195
0.26702327
0.27156684
0.26406857
0.2671013
0.26836511
0.2715906
0.2691019
0.2774638
0.27412665
0.26947173
0.26771623
0.27248147
0.27262634
0.27397755
0.26819187
0.27131322
0.2725717
0.27490196
0.27068245
0.26752147
0.2698684
0.2748409
0.27106485
0.27831042
0.26805884
0.27062753
0.26814064
0.26568115
0.272416
0.27261224
0.26510856
0.269897
0.26653743
0.26543254
0.26506922
0.26709914
0.26652274
0.2705188
0.26389083
0.26456222
0.27008224
0.27071905
0.2649255
0.27204958
0.2691525
0.27237433
0.26701185
0.26589343
0.26976913
0.27151373
0.26718432
0.26248246
0.26893735
0.2658206
0.26777685
0.264002
0.265227
0.26505554
0.26647255
0.2674931
0.2655336
0.26915002
0.2645415
0.25886557
0.26581964
0.26235074
0.26802477
0.26336202
0.26769686
0.27416798
0.267205
0.2653419
0.26358563
0.26947355
0.26536587
0.2686315
0.26844177
0.26250246
0.26788786
0.26571965
0.26814887
0.26610285
0.268565
0.26608858
0.27070466
0.26944208
0.26101813
0.26832443
0.26576087
0.26645577
0.26488027
0.2767966
0.2675601
0.26398122
0.26618484
0.26735535
0.26503792
0.26381725
0.26717755
0.26902536
0.269181
0.26754227
0.26608297
0.2625286
0.27269685
0.261938
0.27114844
0.26759106
0.2680872
0.26689446
0.26844862
0.26666582
0.2670805
0.26711118
0.26608163
0.26537403
0.26458448
0.26485014
0.26063433
0.2559889
0.26209217
0.26090398
0.264454
0.26432362
0.26760095
0.26547414
0.26492912
0.26156247
0.26493162
0.26397628
0.25954887
0.25781327
0.26274315
0.25886506
0.2651115
0.25700012
0.25848237
0.26508892
0.26534554
0.25959688
0.2596557
0.2607218
0.257177
0.26127687
0.2650909
0.26467
0.2587096
0.2600379
0.25917825
0.26666626
0.25924948
0.26278937
0.265828
0.26161176
0.26611355
0.260321
0.26055437
0.26067445
0.26311898
0.26081517
0.2592831
0.25788084
0.26421848
0.25869945
0.2580213
0.25864854
0.25970516
0.26367387
0.25911984
0.25705156
0.2554154
0.2567638
0.25353977
0.25585213
0.2555761
0.25181994
0.2551878
0.2512796
0.2552391
0.25661185
0.25050983
0.25606534
0.25407255
0.25272587
0.25128955
0.25044596
0.252018
0.25570548
0.24777785
0.2527546
0.2528506
0.25341228
0.25278515
0.25497517
0.2511085
0.24793966
0.24613164
0.25225627
0.24707487
0.24599345
0.24500234
0.25014517
0.24904037
0.250124
0.24659017
0.24822934
0.24903455
0.24800472
0.2499003
0.24621582
0.2462043
0.24996243
0.24930215
0.24637768
0.24718745
0.24481651
0.24761266
0.24138623
0.2462701
0.24964638
0.24432068
0.24240571
0.24876496
0.24230276
0.24866456
0.24681371
0.24829383
0.253234
0.24401984
0.2456
0.24619223
0.24934582
0.24605304
0.24923055
0.24820156
0.24852066
0.24863094
0.24993613
0.25473192
0.2475387
0.24932678
0.24663864
0.24500217
0.24974272
0.24561262
0.24648291
0.24282934
0.24702853
0.25036865
0.24554478
0.2486306
0.24774282
0.24799801
0.24786082
0.24842118
0.24397777
0.24626489
0.24898587
0.25059676
0.24401072
0.2416226
0.2447861
0.24751708
0.24674511
0.2456213
0.24226035
0.24460624
0.2435763
0.24136321
0.24570133
0.23973928
0.24027692
0.23769936
0.2372533
0.24001062
0.24076562
0.24365397
0.24067368
0.2386797
0.23805343
0.23368396
0.23536599
0.23653951
0.23354055
0.23807958
0.23819415
0.23256463
0.23583528
0.23403625
0.23415402
0.232079
0.23463953
0.23586379
0.23147807
0.23277044
0.23024473
0.2325292
0.23818195
0.22916232
0.24094133
0.23480108
0.2352185
0.23652336
0.23201552
0.234039
0.23427854
0.23453753
0.2329149
0.23396055
0.23614594
0.23596299
0.23391373
0.23340936
0.23551133
0.2311581
0.23186672
0.23432507
0.23780277
0.23069756
0.23494616
0.23433048
0.24120772
0.22822408
0.22885744
0.23176481
0.23361883
0.22510275
0.22983624
0.23193863
0.22922045
0.2276057
0.23675483
0.22943853
0.22692132
0.23103084
0.232697
0.23359877
0.22798814
0.22284085
0.23000787
0.22611684
0.22748552
0.23076741
0.22730324
0.22935592
0.22900149
0.23322232
0.233339
0.22339648
0.22687659
0.23241031
0.23018466
0.23544605
0.23113692
0.23177461
0.23415476
0.229636
0.22933465
0.22947602
0.22881214
0.23264726
0.22910173
0.22618741
0.2255766
0.23321053
0.22558865
0.23157571
0.22760001
0.22563286
0.23015825
0.22998327
0.22748573
0.23081811
0.22722109
0.23063596
0.22249295
0.22909637
0.2292852
0.22609834
0.2248659
0.2324016
0.23113817
0.23088117
0.2274088
0.22690439
0.23020986
0.22815987
0.2348868
0.23011746
0.22807766
0.23496264
0.23372862
0.23290825
0.23361021
0.22434267
0.23290907
0.23212609
0.23009944
0.23282295
0.22705013
0.22520569
0.2299772
0.23088051
0.23062396
0.22815968
0.2243003
0.23058562
0.23134221
0.2310748
0.23318456
0.22972797
0.22966203
0.22894782
0.23129094
0.22361657
0.22339846
0.2267088
0.2277171
0.23399225
0.23475799
0.22991368
0.23127212
0.23067595
0.22412126
0.23225044
0.22522235
0.22867477
0.22873771
0.23014888
0.2267962
0.22679986
0.23097777
0.22852819
0.23246448
0.2243802
0.2280478
0.23099066
0.22892612
0.2214623
0.2292962
0.22797455
0.22266626
0.22657359
0.2249849
0.22409238
0.223067
0.22220877
0.2205574
0.22871089
0.22643511
0.22770658
0.22948915
0.22632755
0.22518516
0.22167821
0.22240546
0.22265047
0.21880934
0.22311406
0.21936055
0.2196887
0.22703056
0.21760708
0.22441463
0.2177034
0.21634385
0.22089507
0.21375282
0.22147375
0.21728258
0.21826145
0.21464054
0.21704276
0.21543571
0.21377051
0.2150691
0.2156091
0.21564807
0.21345061
0.22215877
0.21344572
0.21713091
0.21843153
0.21135914
0.21019056
0.21421075
0.21482934
0.21295038
0.21224198
0.21757877
0.21363366
0.21073337
0.21677701
0.21480769
0.21497452
0.21318728
0.20776053
0.21095623
0.21252783
0.21140982
0.20925777
0.21429832
0.20952073
0.2094932
0.20912312
0.20744237
0.21095091
0.20790786
0.21246047
0.20752195
0.20955406
0.2091684
0.21252356
0.21184197
0.20825572
0.21065594
0.21770082
0.2095328
0.2134302
0.20688239
0.20358752
0.20701525
0.21540758
0.20845412
0.21198633
0.2102027
0.21360093
0.20960522
0.20536749
0.21219014
0.20856792
0.20740311
0.21085547
0.20808817
0.20582749
0.2050518
0.20962602
0.2113596
0.20526798
0.21198077
0.21163158
0.210871
0.2086129
0.20533074
0.20336905
0.20781171
0.21033816
0.21174864
0.20893995
0.20976922
0.21379359
0.21195874
0.21444356
0.20547926
0.20665184
0.2111436
0.21676558
0.20666426
0.20970021
0.2085786
0.2125062
0.2112571
0.21348281
0.21179403
0.21425484
0.21384744
0.21348
0.21336384
0.21235694
0.2106611
0.21197695
0.21376362
0.21126936
0.20847674
0.21022826
0.21507262
0.2103762
0.20788623
0.21421745
0.21123102
0.21727307
0.21565409
0.21738353
0.21070401
0.21175708
0.21320048
0.2142298
0.21466179
0.21016648
0.2193408
0.21641512
0.21452597
0.2144311
0.21367998
0.21326755
0.21009585
0.21613103
0.20849027
0.21042687
0.20588481
0.21877371
0.20912984
0.21138886
0.20764403
0.206598
0.21240196
0.20855097
0.20294921
0.20199029
0.20916103
0.20795628
0.20877422
0.205648
0.21170782
0.2099116
0.20811479
0.20870824
0.20612021
0.2048139
0.20281638
0.20566978
0.21276788
0.20974465
0.21562077
0.21441312
0.20560253
0.2099765
0.214376
0.20623362
0.20598798
0.20992914
0.20547561
0.20957704
0.20939107
0.20754308
0.21107288
0.21050493
0.20079346
0.21126966
0.2059198
0.20601486
0.20236486
0.2077852
0.20737411
0.20886144
0.20362432
0.20048529
0.2001225
0.20400533
0.20294984
0.20128474
0.20668246
0.201195
0.20284994
0.19710748
0.19916528
0.19389032
0.19721392
0.19698666
0.19913861
0.19783111
0.198221
0.19575594
0.20338461
0.20097966
0.20331448
0.20034102
0.19790938
0.19876413
0.19895494
0.20401
0.20073833
0.1971656
0.1980586
0.20157783
0.19929269
0.19544408
0.19917212
0.2005561
0.19926934
0.20215829
0.20472732
0.19954392
0.20283319
0.20088269
0.19796705
0.1974627
0.20147426
0.20040572
0.20203702
0.20026037
0.20389044
0.20580176
0.19673079
0.19995357
0.20437267
0.20654388
0.19985503
0.20642635
0.1978505
0.20256816
0.20558926
0.20084031
0.202778
0.20793815
0.20910357
0.20263352
0.20342256
0.20080084
0.19761164
0.19913667
0.19817252
0.20785366
0.2078797
0.20205359
0.2065898
0.20362191
0.20436724
0.20207351
0.2009348
0.20625417
0.20795038
0.19878411
0.20104818
0.20757268
0.20576727
0.20505226
0.20570026
0.20108044
0.20251606
0.2046077
0.20849149
0.20392896
0.2026187
0.20206943
0.20511802
0.20754112
0.20114313
0.19991872
0.20265503
0.20573847
0.20279859
0.20240791
0.20726705
0.20424877
0.2030229
0.19929703
0.20428543
0.20197363
0.19627243
0.20142394
0.20080689
0.20115097
0.19702192
0.20657936
0.20124446
0.20097832
0.1997193
0.19919233
0.19864486
0.20558503
0.19704501
0.20037182
0.19815457
0.19951592
0.20413768
0.20092162
0.19682243
0.20275903
0.20110774
0.20038828
0.20231976
0.20098306
0.20168264
0.19888891
0.20330046
0.20603168
0.20296313
0.20804414
0.19452034
0.2002308
0.20094076
0.2026437
0.20051406
0.20408826
0.20002925
0.19801703
0.19358508
0.20046303
0.19902554
0.199888
0.19914871
0.19881098
0.20004015
0.20103893
0.19817655
0.2002249
0.19700035
0.19914791
0.19670825
0.20112766
0.19813298
0.19982958
0.2017536
0.2007951
0.20358767
0.19876029
0.20324102
0.20921727
0.20468576
0.20452128
0.20118566
0.19735354
0.19551647
0.19638096
0.19807324
0.20181653
0.20113848
0.20278464
0.19495006
0.20049503
0.20469953
0.20088507
0.20688285
0.20182548
0.19877648
0.19783555
0.19486775
0.19500624
0.19950329
0.19850299
0.19943677
0.19460978
0.18964829
0.19464283
0.19620651
0.19825464
0.19698404
0.19190346
0.1944511
0.19097215
0.19671507
0.19401686
0.19056714
0.19178633
0.19084369
0.19211562
0.19444963
0.190632
0.19279926
0.198174
0.19187377
0.19061059
0.18685238
0.19185269
0.19697934
0.1879427
0.19884963
0.19427265
0.1974146
0.19280612
0.19032316
0.19116975
0.19351788
0.2015131
0.19501393
0.1918609
0.19507998
0.19939016
0.18926105
0.19015966
0.19442394
0.19320989
0.19440062
0.19675395
0.19123238
0.19822784
0.1973068
0.19463867
0.19550566
0.19145869
0.1935272
0.19239673
0.20042986
0.19078001
0.1944842
0.18937388
0.19162102
0.19307223
0.19040595
0.18578257
0.18791944
0.19119053
0.18927163
0.18958388
0.18971911
0.18986797
0.20038265
0.18874207
0.19253121
0.19013946
0.18926696
0.1931631
0.19382972
0.19105476
0.19114494
0.19548926
0.19385391
0.19158375
0.18361631
0.1919915
0.18747868
0.19014053
0.19677053
0.18602851
0.18867381
0.19292375
0.18839256
0.18359677
0.18732499
0.19452974
0.18665868
0.19329296
0.19016047
0.18896982
0.19123685
0.1887979
0.19010633
0.19151272
0.184734
0.1823761
0.18748827
0.19062851
0.18948013
0.19198494
0.19137259
0.19053236
0.19002937
0.19089854
0.19156443
0.18557197
0.19301789
0.18875062
0.18934023
0.18960623
0.18494602
0.18917711
0.19321
0.18800345
0.18586925
0.18071568
0.18666886
0.18798773
0.183028
0.18768132
0.18371825
0.18546213
0.18575962
0.1885154
0.19006035
0.18655942
0.18435557
0.18785639
0.18835045
0.1889104
0.18477407
0.1869981
0.18650538
0.1950665
0.18816979
0.18710361
0.18512358
0.18694411
0.18722443
0.18847989
0.18863659
0.18358153
0.18963213
0.182595
0.18928419
0.18661554
0.18682437
0.18987288
0.18539387
0.18938088
0.19154635
0.18812351
0.19246143
0.18618432
0.1870764
0.19240518
0.1868764
0.19148768
0.18543664
0.18574539
0.18485174
0.18825167
0.18913457
0.18720011
0.18859825
0.18741618
0.19169958
0.19289872
0.18582022
0.18584031
0.19158392
0.1870241
0.18365043
0.18696107
0.1843605
0.1800811
0.18353751
0.18489689
0.18501358
0.18890525
0.18377581
0.18178794
0.19339658
0.18483277
0.18705067
0.18350886
0.18643852
0.17799324
0.18660939
0.18092276
0.18217085
0.18286121
0.1824143
0.18910375
0.18104355
0.18536489
0.17956878
0.18586329
0.1759306
0.19012132
0.17454186
0.17905821
0.18184994
0.17921375
0.18396822
0.18416895
0.18352059
0.17886163
0.18114808
0.17639542
0.18237273
0.1791156
0.18360609
0.18489084
0.1780439
0.18246366
0.17935327
0.17522766
0.18128279
0.18123335
0.18061325
0.17431234
0.17862098
0.1821478
0.18270877
0.18291965
0.17559728
0.18193883
0.17797843
0.17599037
0.18117563
0.18134557
0.17779595
0.17765136
0.18050776
0.17968187
0.17825983
0.17914791
0.17970455
0.1770086
0.1783546
0.17881393
0.17670725
0.17906888
0.17399506
0.17728423
0.17591941
0.17951675
0.18130475
0.17759135
0.1781119
0.17492637
0.17348707
0.1779395
0.17836416
0.17011273
0.17366317
0.17430037
0.17414361
0.17538029
0.17741051
0.17824526
0.17828797
0.17441066
0.18007888
0.17228977
0.17480472
0.18217444
0.17502107
0.17490193
0.17681903
0.17643143
0.17747775
0.17320548
0.18002258
0.17528868
0.1739921
0.17305012
0.17905796
0.16925369
0.17318937
0.17442967
0.17545311
0.17475146
0.17149833
0.17081694
0.17167287
0.16895352
0.1725997
0.17026804
0.16959402
0.169011
0.17399529
0.17320266
0.17316914
0.17480457
0.1699546
0.17117591
0.16884239
0.17297465
0.17243434
0.17437279
0.16754965
0.17399268
0.16509072
0.166924
0.17202841
0.17380297
0.16416556
0.17058255
0.17350665
0.17337506
0.17289554
0.17313492
0.16909732
0.17046823
0.16992989
0.17001578
0.1674608
0.17212962
0.17123146
0.16715133
0.17331469
0.16871715
0.17363514
0.16665879
0.17225905
0.17253743
0.17308137
0.16961068
0.16998003
0.16826868
0.17696711
0.16779353
0.16431245
0.1653043
0.169629
0.16830783
0.1656604
0.16932485
0.17162085
0.16957782
0.17154124
0.17054568
0.17000626
0.17273946
0.17231613
0.16525199
0.16673349
0.16959263
0.16456641
0.16648796
0.16668518
0.16755782
0.17096825
0.16593318
0.17133017
0.16890688
0.16755489
0.17357126
0.1701034
0.16447434
0.1663405
0.16323015
0.16392992
0.16380265
0.16712922
0.16838486
0.1682403
0.1720271
0.16624013
0.16901633
0.1663528
0.16514248
0.17118283
0.16764878
0.16402562
0.16321304
0.1617759
0.16456352
0.16653447
0.16768649
0.16728537
0.16432473
0.1636196
0.16302
0.16221187
0.156851
0.16364425
0.1620647
0.16384259
0.16079903
0.16663833
0.1609526
0.15831444
0.1691364
0.1633978
0.15930407
0.16057236
0.16167228
0.1554288
0.15917808
0.16363817
0.15836082
0.15846387
0.1574689
0.16125992
0.15815742
0.16070473
0.16281544
0.15721908
0.15995649
0.16018887
0.1540533
0.15954137
0.16081613
0.1618174
0.15935832
0.16138506
0.15782507
0.15568003
0.15728441
0.15389976
0.15870637
0.15938161
0.15706712
0.15996101
0.16193625
0.15486084
0.16063656
0.15616933
0.15726894
0.15675423
0.15990238
0.15832855
0.1580647
0.16349442
0.15311764
0.15950686
0.15233286
0.157299
0.16014785
0.15608753
0.16473402
0.15611537
0.15430512
0.15539105
0.15334564
0.15425244
0.15905952
0.15796447
0.15880372
0.15593632
0.15798284
0.156149
0.16410024
0.15693918
0.15198839
0.15695462
0.15333964
0.15904008
0.15109393
0.14952563
0.15356743
0.15665695
0.15713528
0.15781549
0.15433228
0.1515592
0.14938097
0.15475357
0.15454136
0.1541791
0.15809293
0.16339189
0.15305369
0.15501924
0.15865955
0.15095465
0.1589828
0.15702465
0.15795425
0.15666293
0.15041482
0.15266761
0.15313819
0.15576111
0.15742357
0.1571189
0.15908986
0.15969267
0.16360475
0.15873836
0.15309262
0.15876149
0.15868653
0.15588382
0.15587786
0.15662785
0.1544732
0.15862998
0.15331642
0.15083535
0.15880382
0.15726392
0.15006568
0.15552136
0.15342373
0.15679123
0.15363106
0.1526425
0.15841128
0.14981481
0.15095986
0.15412349
0.15304188
0.16088735
0.15856342
0.15193366
0.15773672
0.15288019
0.15276887
0.14944729
0.15142033
0.15131846
0.1566753
0.14442801
0.15352255
0.15041111
0.15201451
0.15131924
0.1458222
0.14541124
0.15288816
0.14632028
0.15204261
0.15011238
0.15286198
0.1473538
0.14826463
0.1499557
0.1470523
0.15070496
0.14363074
0.14447215
0.14778924
0.14727528
0.14817925
0.15012962
0.14661008
0.14461014
0.15142769
0.14872037
0.1495204
0.14833409
0.14781578
0.14778781
0.1440442
0.1495102
0.14536765
0.14938092
0.1421444
0.15149745
0.14365585
0.14431515
0.14419912
0.14424911
0.15055336
0.14780043
0.14829788
0.15115973
0.14436932
0.14115451
0.14098158
0.1439215
0.14663455
0.1442
0.14436944
0.14289877
0.14788221
0.14345899
0.14123046
0.14585531
0.14923152
0.14319903
0.14325239
0.1477569
0.1466623
0.14395918
0.14547509
0.14354931
0.14982218
0.14137428
0.14895433
0.15089479
0.14333063
0.14485392
0.1493677
0.14445423
0.14333814
0.14181237
0.14061384
0.14717689
0.14773901
0.14380693
0.14282587
0.14298251
0.14849794
0.1393605
0.14464112
0.14493941
0.1496377
0.14401256
0.13702339
0.13990629
0.14603002
0.13808699
0.13612318
0.14284104
0.13541515
0.14174357
0.1395153
0.1391027
0.14161535
0.14350578
0.14244846
0.13707973
0.13788822
0.14128424
0.14002506
0.14112926
0.14273694
0.13622424
0.1407469
0.13810186
0.13502222
0.13753839
0.13453873
0.14325762
0.13401023
0.13081047
0.13252303
0.14052714
0.12996005
0.13947111
0.14028022
0.14158364
0.1344432
0.13294464
0.13246076
0.13744907
0.13765964
0.13793725
0.13931449
0.13457005
0.13529615
0.13343689
0.13536952
0.13671513
0.13137391
0.13496785
0.13858378
0.14113544
0.13205689
0.14050882
0.13615578
0.13676177
0.13143499
0.1338447
0.13600555
0.13065052
0.13971974
0.13639152
0.13705198
0.14365803
0.13325708
0.1397885
0.13735475
0.1353245
0.13397032
0.13718763
0.13718767
0.13803996
0.13831429
0.13782991
0.14073423
0.13893332
0.139467
0.13809891
0.14120243
0.13834713
0.13815278
0.13884944
0.13514118
0.13483825
0.14516565
0.13307266
0.13538496
0.13799216
0.13777986
0.13540198
0.13584793
0.13655579
0.13883254
0.13307503
0.13616173
0.13377513
0.1390477
0.12892225
0.13181259
0.12942109
0.13638611
0.13307898
0.1375379
0.1254767
0.13065624
0.13957955
0.1298159
0.129966
0.1267636
0.12614378
0.12564023
0.13865271
0.1287627
0.13043699
0.13219954
0.13042346
0.13358669
0.13420798
0.13341059
0.13500774
0.13571537
0.12700023
0.13230412
0.13154013
0.13043793
0.13821289
0.13294846
0.13673998
0.13582918
0.1355926
0.1348319
0.1323716
0.13233817
0.13604309
0.13111484
0.13802706
0.13481319
0.13167527
0.13297221
0.13398138
0.13225746
0.13233425
0.13182047
0.13877086
0.12927356
0.13433823
0.13484165
0.13309413
0.13239807
0.13032828
0.13246901
0.13364862
0.13785933
0.13331899
0.1331814
0.1406799
0.14076447
0.13751653
0.1377099
0.12875496
0.14013961
0.13309778
0.1335451
0.13737231
0.13259219
0.1357363
0.13239226
0.14170682
0.13766494
0.13070479
0.13361244
0.1343811
0.13823159
0.13602239
0.13374041
0.1318831
0.13991626
0.13340953
0.13990013
0.13260835
0.133829
0.13586338
0.12996753
0.13430224
0.13566217
0.13427451
0.13875832
0.12491155
0.13163503
0.13374603
0.13018093
0.13162361
0.12988636
0.12830032
0.13099508
0.133222
0.12912789
0.13215199
0.13172507
0.12916058
0.13355055
0.13011749
0.13260756
0.13152337
0.13059138
0.1376544
0.13560206
0.1333388
0.12919495
0.1291432
0.123865575
0.1282262
0.1401738
0.13802668
0.13250192
0.13846833
0.13246065
0.13004768
0.13070539
0.12627642
0.13047087
0.1307813
0.12751657
0.12390015
0.12948509
0.12624146
0.12788247
0.13174279
0.12779205
0.12656985
0.12927519
0.13164066
0.1332747
0.12800139
0.12762998
0.13306183
0.13194473
0.124409094
0.12968448
0.12822463
0.13282566
0.12952046
0.12988855
0.12931278
0.12911141
0.12673384
0.13348377
0.12824498
0.13036993
0.13431385
0.12930866
0.124475695
0.12775394
0.1311285
0.12124585
0.1284875
0.13720201
0.12579975
0.12648338
0.13441265
0.1299438
0.12844315
0.12890176
0.1306401
0.13091484
0.12237055
0.12491687
0.13145521
0.12716976
0.13090236
0.1281407
0.12525782
0.123419985
0.13080318
0.1274848
0.12551732
0.12593198
0.124778174
0.124680765
0.12880391
0.12498328
0.124057055
0.12617932
0.12378522
0.12925665
0.12217865
0.13366315
0.13239548
0.12995048
0.13079841
0.13018748
0.124681674
0.12506206
0.12715511
0.1303237
0.12659396
0.120849796
0.12914166
0.12487867
0.1270872
0.12667611
0.12898293
0.11959422
0.12701187
0.12826683
0.1249848
0.12546463
0.12785313
0.12765516
0.13159218
0.12679285
0.12658808
0.121537104
0.12417325
0.12840359
0.12613732
0.12696259
0.12712811
0.12606166
0.13389225
0.13024005
0.122581765
0.12698923
0.12648469
0.119730845
0.121280566
0.12226582
0.12531984
0.12716204
0.12533645
0.12476923
0.1297699
0.1265873
0.12308783
0.12412734
0.121965095
0.12741579
0.12908441
0.12298912
0.12984912
0.1298231
0.12828627
0.1259221
0.123833224
0.12793058
0.12735103
0.12350533
0.13107824
0.12642966
0.13247938
0.12782772
0.13157834
0.1278505
0.1256387
0.12476117
0.12746117
0.11906612
0.1185532
0.1255055
0.11952887
0.12273364
0.12079882
0.12833235
0.12343525
0.12736295
0.12338985
0.117957376
0.128495
0.12919219
0.12175285
0.12870666
0.1269483
0.11572623
0.12679327
0.12976791
0.1230913
0.12004341
0.12543406
0.12471178
0.1202262
0.11436319
0.12194774
0.11709026
0.1187037
0.11931045
0.12198582
0.118897066
0.124398984
0.121510014
0.118390396
0.12204586
0.12003314
0.11746471
0.12210477
0.11973624
0.12518163
0.11906069
0.12155034
0.123042844
0.124472044
0.11898769
0.12341879
0.11909406
0.12614518
0.12698801
0.11629953
0.11884277
0.11450178
0.11694319
0.11599262
0.112587735
0.119586974
0.114954494
0.118849345
0.11615737
0.11568164
0.11007135
0.115599595
0.11534196
0.1109121
0.11755614
0.11156413
0.1127004
0.112002864
0.109399326
0.11572561
0.10622211
0.10554151
0.10827086
0.11795807
0.112254694
0.11331884
0.11168158
0.107370846
0.11283203
0.111866534
0.111888096
0.111172855
0.10536413
0.10708986
0.10504641
0.11314433
0.10983147
0.11110861
0.110720284
0.113265336
0.103081666
0.105070174
0.10528736
0.106874585
0.10845584
0.11250393
0.11033433
0.10464671
0.107979886
0.1121673
0.105291486
0.10599654
0.10710522
0.107223965
0.1071618
0.10791453
0.11188152
0.11236831
0.10571592
0.1161059
0.10879608
0.1108083
0.10597883
0.10609241
0.10792242
0.11217738
0.10733774
0.1137124
0.11052036
0.11495333
0.10791523
0.103342034
0.10858466
0.10831307
0.11098695
0.106807545
0.10577244
0.11060342
0.10836785
0.108759664
0.10825494
0.10691511
0.10972599
0.11044557
0.107452706
0.105096295
0.11130726
0.101901196
0.110986
0.100282654
0.10787611
0.108303815
0.10124318
0.10891972
0.10525968
0.10600889
0.110241055
0.106373645
0.102351256
0.108210005
0.10898064
0.10928671
0.10471757
0.1117296
0.10562098
0.1118299
0.102968775
0.10363631
0.107548654
0.10418573
0.104419045
0.105863646
0.10790964
0.10905819
0.10607055
0.10984351
0.099529535
0.10723891
0.10829533
0.108038135
0.10502966
0.10358788
0.10640287
0.1054714
0.10990739
0.10257295
0.109283544
0.105599925
0.109830454
0.10528504
0.108664654
0.101886615
0.11022534
0.10398055
0.10738516
0.10350334
0.108866066
0.11362056
0.10550606
0.107120305
0.104055494
0.10927602
0.106703505
0.1155802
0.10628528
0.10763748
0.11391891
0.106852055
0.107389614
0.11631401
0.1138092
0.11845832
0.11170613
0.10785196
0.11119614
0.11180788
0.119024664
0.11385609
0.109698124
0.10985229
0.10945554
0.10999594
0.112510175
0.11814725
0.11252419
0.108325
0.10981526
0.1107913
0.10629115
0.11405545
0.115852006
0.10979407
0.112056985
0.113330364
0.109824285
0.114236794
0.11853431
0.10803361
0.11053844
0.10617035
0.10387112
0.11691346
0.110658064
0.11015126
0.11407377
0.11447259
0.11007807
0.10557212
0.11074199
0.114760764
0.10799884
0.11368534
0.112867355
0.10447609
0.11271601
0.1064008
0.11234218
0.11098833
0.10896215
0.10957603
0.107141376
0.11165765
0.10603446
0.11357776
0.11931125
0.12069295
0.11440837
0.113262355
0.10725829
0.11347612
0.110039316
0.11013776
0.10741537
0.11328899
0.11729812
0.109470114
0.10680964
0.10633862
0.108046986
0.110961534
0.11245493
0.11403464
0.10795112
0.10868956
0.1043188
0.11394273
0.11230033
0.10277547
0.11118473
0.11459586
0.10787492
0.110635586
0.110350385
0.108522706
0.10870068
0.10441957
0.112800494
0.10643194
0.10523823
0.108839095
0.1049286
0.10353553
0.10138703
0.099921435
0.10715627
0.11311521
0.104364805
0.10233176
0.10163286
0.10271169
0.10336063
0.101956226
0.09762863
0.106537044
0.10384062
0.10495041
0.09746537
0.103184655
0.10127648
0.09998235
0.10378144
0.096979626
0.09838187
0.1027676
0.1003301
0.100083664
0.103134364
0.103287496
0.10373207
0.09369292
0.09234107
0.09817013
0.102171436
0.1008747
0.09920493
0.095212154
0.097729705
0.09550922
0.10139071
0.10265509
0.0996719
0.09757934
0.10291789
0.10498648
0.101919144
0.10415269
0.09790536
0.10016329
0.09908281
0.104288176
0.103705354
0.09935165
0.10373058
0.104183815
0.108796105
0.1018427
0.104026966
0.10197074
0.10377748
0.100770004
0.09844217
0.104243666
0.103616856
0.10521689
0.09976419
0.109243356
0.10179006
0.1037603
0.11078536
0.100817494
0.1062019
0.10366623
0.10141172
0.101862594
0.10242174
0.10393814
0.1075159
0.104444586
0.10393023
0.10534644
0.10865497
0.10191184
0.10923322
0.101950645
0.10078672
0.09952051
0.102387436
0.10283919
0.1017584
0.09860515
0.103675045
0.105873376
0.09891016
0.10662161
0.09994089
0.10607526
0.102474526
0.100628845
0.10328856
0.10949033
0.1025509
0.10516192
0.108252965
0.10352054
0.09913409
0.10363642
0.106535204
0.10700625
0.09731943
0.100891314
0.1017496
0.09357919
0.09558911
0.1011332
0.10286524
0.097692505
0.09961927
0.09698166
0.09908509
0.10166427
0.09474507
0.09205934
0.09944817
0.09100704
0.09444577
0.09661782
0.10062004
0.099152066
0.09415357
0.096638374
0.0993493
0.1009576
0.0999311
0.09824691
0.098436356
0.09502853
0.096614376
0.09193168
0.09566139
0.09218581
0.09974978
0.09665271
0.094441324
0.099774584
0.102659866
0.09270689
0.08998426
0.098124966
0.09364828
0.09843764
0.10026465
0.09103549
0.09675676
0.09627396
0.09743826
0.09546546
0.09295798
0.09229616
0.09725068
0.10008254
0.10502144
0.096902564
0.09768858
0.094371356
0.096135005
0.09667798
0.09548545
0.091837555
0.09438107
0.09233737
0.10080742
0.0976661
0.088160835
0.09777592
0.09527091
0.09570726
0.10048675
0.10195189
0.10343323
0.09527257
0.09307431
0.100615494
0.09795972
0.10031198
0.09485959
0.09700313
0.09597498
0.09806021
0.09824571
0.09422069
0.09935513
0.10030329
0.101195864
0.094106786
0.101460174
0.08984184
0.093397856
0.09527446
0.102167934
0.10170974
0.09984781
0.10580039
0.09285636
0.09677957
0.09367369
0.09599607
0.09144605
0.09311985
0.100099124
0.097376294
0.09346084
0.09310442
0.09316146
0.09207178
0.08975824
0.09912088
0.09077415
0.09777814
0.10261254
0.09252713
0.094739996
0.097266465
0.093020804
0.092439525
0.09393249
0.099616796
0.08799
0.095004596
0.09768869
0.09757859
0.0922149
0.09187341
0.09756617
0.102091216
0.093154006
0.09332128
0.095759384
0.0971535
0.10192023
0.09385696
0.09405234
0.093392976
0.10073889
0.097242944
0.10200648
0.09311302
0.092681274
0.09492034
0.09560978
0.09590488
0.0929264
0.09511247
0.095188096
0.09500611
0.09082663
0.0951317
0.09583125
0.09075695
0.098673545
0.09718645
0.09131397
0.09678199
0.09286712
0.09600609
0.0890895
0.0987616
0.09610099
0.08655362
0.090745695
0.094990015
0.096363656
0.09325411
0.091002956
0.093542814
0.0888625
0.093135
0.09350029
0.09561552
0.09261373
0.091136284
0.09351605
0.09514981
0.0921196
0.09333424
0.090616256
0.09496148
0.093076274
0.0888448
0.091680124
0.0903605
0.09463424
0.09723843
0.091609
0.10107768
0.09910916
0.09246213
0.098049134
0.0928796
0.09959043
0.10198495
0.09982995
0.092550695
0.09454314
0.0890453
0.09041902
0.099400945
0.09384861
0.0893514
0.100675665
0.08902161
0.099342845
0.09862143
0.10107255
0.09405394
0.08837683
0.09347158
0.08934981
0.0966141
0.09861371
0.0956783
0.09604418
0.09480266
0.09345072
0.09281942
0.093167335
0.100553274
0.08961711
0.09563919
0.093976624
0.09434174
0.09770096
0.09459118
0.09050808
0.09315826
0.08933214
0.089095704
0.09325658
0.09738824
0.09757717
0.09397836
0.09632232
0.09329843
0.0982484
0.101501465
0.08955102
0.090978384
0.09502266
0.09026636
0.09357623
0.09135432
0.09882224
0.09042123
0.08617313
0.09187776
0.08784584
0.087434754
0.09662321
0.09413005
0.094710186
0.090892956
0.094998345
0.095420115
0.09089969
0.08793397
0.09499762
0.0906714
0.09759643
0.092513725
0.10193015
0.08335979
0.09314504
0.09756776
0.09098597
0.09117975
0.086915925
0.08681002
0.09589821
0.09406241
0.096268766
0.08936682
0.090935126
0.08633259
0.09721011
0.086245015
0.08892283
0.08899534
0.09074749
0.092398494
0.08874105
0.087629616
0.08734522
0.09017628
0.08813781
0.08253688
0.085865624
0.089455396
0.10028693
0.0865838
0.08948932
0.08882853
0.08618361
0.08853496
0.0867294
0.086461276
0.088282704
0.0817763
0.083964445
0.08632212
0.082889415
0.08817356
0.087411545
0.089859925
0.085677795
0.08297594
0.081087366
0.082201876
0.08787647
0.090311155
0.08094309
0.08516703
0.0885865
0.08310588
0.08539839
0.08698994
0.077802464
0.086740725
0.08468548
0.090476766
0.08066211
0.08908314
0.07804672
0.089776285
0.08355713
0.08392899
0.0840176
0.09291816
0.09542474
0.078404434
0.085328676
0.08824154
0.07801371
0.0844141
0.076015435
0.07996993
0.079750024
0.07976338
0.08822906
0.0813925
0.08263233
0.07935347
0.08243587
0.084161796
0.07913054
0.078109235
0.078650005
0.083383374
0.0825003
0.07876986
0.08026169
0.078808635
0.07969045
0.08106271
0.077776544
0.083656535
0.08180536
0.07531038
0.08458643
0.08293547
0.080362186
0.08387394
0.08109455
0.07927853
0.08419759
0.080545515
0.08027409
0.08412896
0.081549294
0.07493537
0.078357555
0.08308229
0.08905526
0.08061366
0.07297083
0.07839082
0.07669635
0.07576662
0.08686574
0.07641658
0.07835434
0.07259229
0.080783434
0.08084362
0.075913794
0.07665812
0.07821831
0.07331134
0.07315437
0.08220688
0.083413094
0.07502371
0.07568362
0.08533422
0.079594165
0.07749568
0.074489765
0.080948144
0.075777605
0.0801168
0.07415901
0.0800061
0.07995562
0.07309854
0.07652836
0.08404466
0.08824052
0.080326706
0.07518089
0.08053639
0.08384532
0.081841156
0.08567996
0.07809267
0.08021025
0.07645518
0.079685114
0.08239795
0.08217525
0.08165518
0.08151527
0.079202116
0.08078865
0.07874483
0.08220255
0.08237037
0.08167231
0.07952796
0.07735405
0.07625569
0.08757344
0.07990546
0.0757696
0.082807414
0.07850792
0.08433977
0.08279953
0.07809728
0.07222926
0.07489462
0.07615325
0.07971139
0.076770216
0.077793755
0.08450221
0.082477644
0.08145672
0.074156545
0.07930719
0.07389534
0.076003425
0.073324844
0.076563805
0.07530948
0.07917068
0.07305732
0.07369042
0.0728558
0.07617674
0.070452414
0.08461489
0.08472444
0.07264184
0.07598128
0.07136909
0.07303383
0.07986305
0.068927504
0.07981752
0.07441535
0.075109094
0.07581501
0.075034715
0.0784092
0.082046986
0.07725907
0.0808953
0.079372875
0.07941707
0.08056269
0.073919326
0.07792042
0.08403879
0.081994355
0.083123446
0.07969425
0.07667531
0.0804942
0.07822008
0.07529504
0.07713059
0.079547666
0.07802878
0.07520274
0.080249146
0.07527667
0.0761444
0.07583546
0.076614104
0.07542586
0.07972912
0.085485116
0.07875695
0.078662544
0.07879811
0.084829636
0.076812856
0.079403214
0.07253023
0.08068658
0.08501535
0.0747294
0.07911477
0.074465744
0.07576193
0.08167235
0.07882065
0.076897986
0.07755103
0.072540596
0.06641952
0.078202665
0.075423144
0.072887786
0.07429732
0.073433585
0.07220441
0.075103514
0.072854914
0.0758331
0.07685882
0.079893515
0.073889576
0.07666117
0.079576336
0.07294781
0.07248309
0.07819111
0.08086355
0.07518163
0.07798447
0.07425197
0.07381479
0.08151138
0.08427385
0.07802714
0.071858734
0.07651772
0.07946171
0.072320744
0.07858675
0.07965203
0.08185836
0.071687534
0.08320858
0.07631812
0.07893898
0.07569145
0.08211455
0.07737086
0.07929699
0.07976186
0.0771407
0.080644265
0.07843783
0.07796914
0.08305112
0.076492354
0.083302125
0.07756422
0.077945836
0.07898112
0.07458317
0.086817816
0.08056393
0.0842122
0.08221467
0.078819126
0.078555726
0.08415832
0.07652968
0.077379376
0.078666106
0.07463857
0.08242012
0.078475654
0.072270796
0.07421874
0.07825807
0.0770597
0.07794297
0.0777877
0.07450625
0.07715171
0.07338908
0.090647124
0.08229748
0.07370123
0.07669693
0.085931644
0.07635929
0.07412952
0.07589263
0.07590366
0.07870592
0.08989892
0.06676896
0.07295089
0.09308595
0.079700455
0.084080935
0.07114616
0.07848792
0.08038191
0.076251686
0.079131134
0.07468746
0.0830906
0.078095734
0.07560531
0.07919804
0.07580547
0.07418435
0.07688816
0.07603739
0.067778364
0.068726815
0.08015284
0.06889905
0.0755099
0.07416422
0.078042634
0.0739163
0.07025101
0.06841497
0.06565219
0.07702517
0.07045607
0.069267295
0.07955781
0.07429726
0.07079151
0.078461595
0.078750044
0.07762566
0.07750821
0.07209085
0.06756384
0.07777242
0.0757889
0.073078714
0.07469549
0.076985255
0.07077476
0.07635536
0.07840931
0.07493631
0.06684581
0.078809544
0.0722313
0.07738878
0.07254006
0.06655634
0.068181634
0.06901598
0.07259284
0.07051346
0.07601922
0.07809917
0.07604256
0.06898519
0.082515225
0.07362031
0.070562094
0.06837661
0.08107415
0.074124664
0.07270876
0.07038089
0.07228767
0.07499742
0.07055135
0.071467154
0.06907301
0.07551467
0.06628088
0.07044556
0.07856302
0.0705145
0.069046065
0.07189009
0.076107085
0.07113891
0.08964373
0.065777
0.07246869
0.07057012
0.07362886
0.068782635
0.06674632
0.0764766
0.06802942
0.066972114
0.07130472
0.06689145
0.07739544
0.06692707
0.06952895
0.069033
0.07717165
0.06595667
0.073625594
0.0755004
0.06797984
0.07213168
0.0743411
0.06975904
0.07013371
0.067041695
0.0665861
0.07455096
0.07396896
0.07015737
0.07257367
0.069133736
0.07283944
0.06545978
0.06456771
0.06645613
0.07069264
0.06472124
0.062337525
0.06404081
0.06743496
0.06519774
0.06580708
0.0692739
0.066852644
0.07158287
0.067467466
0.068030044
0.06764487
0.06533937
0.06421416
0.06323507
0.062164042
0.06404301
0.06992622
0.063307665
0.06181486
0.06275891
0.06391749
0.06489105
0.06839834
0.0652918
0.063436635
0.062371384
0.061574988
0.061026823
0.06121306
0.062839545
0.064608105
0.06505702
0.064132325
0.0635044
0.061422303
0.060924105
0.058671057
0.060518935
0.060470004
0.061837606
0.06310822
0.06469052
0.063057676
0.061610173
0.060465243
0.062363293
0.06238294
0.06307888
0.06263594
0.061799448
0.059689336
0.061451152
0.062235475
0.06616521
0.06507808
0.06548178
0.060725637
0.06103499
0.061164282
0.06456173
0.064969376
0.06480571
0.064257
0.06548462
0.0643335
0.06659306
0.067347735
0.07157618
0.06812656
0.06746322
0.06619857
0.066723995
0.06403207
0.064032786
0.064483106
0.06616962
0.06689397
0.06747934
0.06758206
0.06575793
0.063855805
0.062193394
0.064897366
0.0640474
0.06542225
0.06373517
0.06552917
0.064548925
0.06628117
0.06716021
0.06821425
0.068640955
0.06583775
0.06538595
0.062666975
0.063859046
0.062470444
0.06337854
0.06281976
0.064868614
0.06630305
0.06748432
0.06820746
0.068782285
0.068039216
0.066896155
0.0680348
0.071367204
0.07185416
0.06822122
0.06598259
0.066454634
0.067582265
0.067378156
0.06702775
0.066799894
0.07116945
0.080213726
0.0702877
0.066697635
0.071297295
0.06976471
0.06926825
0.06462654
0.06504813
0.06492728
0.06744689
0.06598434
0.06395344
0.06298323
0.06445795
0.0652979
0.06579493
0.06552074
0.06413955
0.06203204
0.060588233
0.06314458
0.06632288
0.06848002
0.07031838
0.069467306
0.06974297
0.06651945
0.06525464
0.06174022
0.06419139
0.06414604
0.065937124
0.06616521
0.06780226
0.068316504
0.0664171
0.066380806
0.068380065
0.069579765
0.06913607
0.06995782
0.069349214
0.06956843
0.06967553
0.070516996
0.07094188
0.06858426
0.07021056
0.07068154
0.07218264
0.07137746
0.072796024
0.070356905
0.06855566
0.06588046
0.07095883
0.07263211
0.07494975
0.07240663
0.07738602
0.08712651
0.07715899
0.07150218
0.07046525
0.07222144
0.07276774
0.071411096
0.07262738
0.07453102
0.077086926
0.0761708
0.07784502
0.07598135
0.07535704
0.07251419
0.07160601
0.07611395
0.08380562
0.07813322
0.0776459
0.08137715
0.083058774
0.08098178
0.07854699
0.0733398
0.07583419
0.07545876
0.08413435
0.094239555
0.07951519
0.07166706
0.0720754
0.07263409
0.07285078
0.07401112
0.07466043
0.07512449
0.074219085
0.07277944
0.072606556
0.07168319
0.07118751
0.07479898
0.07502347
0.07460453
0.07311656
0.07680092
0.07735298
0.07579882
0.0732687
0.07737027
0.078563616
0.0765095
0.07609133
0.07497038
0.07740834
0.07557901
0.07622486
0.07531273
0.07361254
0.07281873
0.0725797
0.07497395
0.07273802
0.07169605
0.068809025
0.070145145
0.070937596
0.07086874
0.07159429
0.072502084
0.073741205
0.07306085
0.072939485
0.07190666
0.07067411
0.06938369
0.0679919
0.06917943
0.06838117
0.07251859
0.068108
0.06969373
0.0673023
0.070386395
0.06864391
0.06505835
0.06827668
0.07104846
0.07727612
0.07234544
0.070343025
0.06544876
0.06801867
0.067490585
0.06943785
0.07096575
0.07454835
0.07600037
0.07575056
0.07290099
0.07364188
0.072736256
0.076463595
0.07574303
0.07622512
0.07401769
0.07297266
0.07403663
0.0713286
0.06859684
0.06677376
0.06862659
0.06983926
0.07231385
0.07239264
0.07294817
0.06909935
0.067565784
0.06701794
0.07073958
0.0712773
0.07307122
0.06916648
0.07252314
0.07119809
0.073905155
0.071666494
0.07163912
0.06867796
0.06713418
0.06447875
0.07044424
0.07210654
0.07504898
0.06973706
0.070033476
0.07140944
0.069728814
0.06990382
0.066774465
0.06639697
0.06532446
0.06468102
0.06459133
0.061838713
0.0630323
0.06890799
0.07180181
0.074733555
0.07097521
0.069736995
0.06704235
0.067289405
0.06619151
0.06388713
0.061972983
0.059957806
0.062774286
0.06416672
0.069331385
0.0698687
0.06964186
0.06900392
0.06399155
0.06545898
0.06444836
0.065957464
0.06661036
0.066732265
0.06855897
0.07693726
0.07524263
0.07733379
0.06841495
0.06891177
0.06808067
0.06780434
0.06754634
0.06687996
0.06462244
0.06586752
0.0664093
0.067327686
0.064000264
0.065904245
0.067999065
0.072659984
0.06994929
0.06570675
0.06564868
0.06588492
0.06922274
0.06710217
0.06572615
0.06647772
0.06764656
0.07064646
0.068568595
0.066553764
0.06314867
0.06478672
0.06749347
0.069457464
0.06699871
0.06642853
0.06500011
0.06689085
0.06845382
0.06916247
0.067091
0.0641124
0.0665969
0.067365386
0.06659148
0.062352896
0.0658782
0.06667093
0.06532089
0.0624842
0.06637605
0.06888897
0.07202522
0.06892278
0.06753017
0.0627103
0.06319433
0.06483608
0.066895746
0.062675126
0.065104164
0.0638268
0.066820554
0.064484246
0.066506624
0.066649124
0.069911286
0.070375614
0.07058291
0.06800983
0.069518276
0.07000913
0.07381082
0.072229765
0.07140157
0.071196005
0.07470232
0.07998345
0.07633869
0.07269434
0.067295484
0.06757896
0.069583066
0.073842525
0.07280899
0.073363766
0.07065074
0.069608696
0.06608628
0.06499235
0.06807371
0.07125262
0.07298344
0.07348771
0.07252851
0.07229885
0.07316463
0.0724136
0.07323925
0.07010317
0.06665965
0.06559289
0.06734732
0.070919484
0.07026435
0.07184732
0.07115354
0.07120442
0.068720154
0.066978656
0.06619333
0.07003301
0.07029701
0.07194683
0.06552728
0.06735653
0.06447938
0.06948591
0.06795773
0.06811236
0.06378659
0.06505525
0.0664771
0.06800777
0.06911978
0.06875959
0.071178764
0.07208316
0.076584555
0.07725622
0.074946344
0.07425734
0.07063694
0.0713892
0.068966985
0.06781142
0.067513324
0.070110105
0.07392972
0.072479896
0.06911158
0.06829618
0.06508306
0.067377
0.06479226
0.06830537
0.0658809
0.06772709
0.06744889
0.066825874
0.065453865
0.064449176
0.063270666
0.06081143
0.06492395
0.06582253
0.06904767
0.06851654
0.06841787
0.06919949
0.06755487
0.065273196
0.06488974
0.06517958
0.06688988
0.06380976
0.06166614
0.06324321
0.06808754
0.068006076
0.07105984
0.066618964
0.06546069
0.06184991
0.061103307
0.06434166
0.06441858
0.06532752
0.06305922
0.06275407
0.060710717
0.06258698
0.063041575
0.06582373
0.06467459
0.064528205
0.06554238
0.064625226
0.06373115
0.061580226
0.05974722
0.056965336
0.05810959
0.059565205
0.06184651
0.05875801
0.056258254
0.054668583
0.056864437
0.06062077
0.06606962
0.06793708
0.06672827
0.062246792
0.061570954
0.06497171
0.06589489
0.06586385
0.058606435
0.056119274
0.053440277
0.054861598
0.059424732
0.065518394
0.06631151
0.063780926
0.059841193
0.06311867
0.06338265
0.06627928
0.06773914
0.06464944
0.061356615
0.063341886
0.067216285
0.07133952
0.06730452
0.06947944
0.06826198
0.06771209
0.06353216
0.0623497
0.06335173
0.064519554
0.06454985
0.06601519
0.07074853
0.07357801
0.07493706
0.07181351
0.06976131
0.06674412
0.06393843
0.060642377
0.060849845
0.066669315
0.07070419
0.11432384
0.19660696
0.12805864
0.08486153
0.06510118
0.062294167
0.06573652
0.07117457
0.07581464
0.07048658
0.066154405
0.06712265
0.06763231
0.0668053
0.062454488
0.06533457
0.06716342
0.066706516
0.06316257
0.06631071
0.07037545
0.0707154
0.06692921
0.0653865
0.06388303
0.06252653
0.061906468
0.062105566
0.06563394
0.06425424
0.06424297
0.062063146
0.057991177
0.061804242
0.063498154
0.069692194
0.06705665
0.06631113
0.063266255
0.06348248
0.0602924
0.063614726
0.06145286
0.06409216
0.057292573
0.060127642
0.059452627
0.06427548
0.05997608
0.05807159
0.056274295
0.06066042
0.06220771
0.06198501
0.061160795
0.060280263
0.061028354
0.059440196
0.06093711
0.063970275
0.06814691
0.06771421
0.06534312
0.06357537
0.06156523
0.059599586
0.058311258
0.058320668
0.056708936
0.060309667
0.061404847
0.06379304
0.06133412
0.0672212
0.06460684
0.06397177
0.059639517
0.061983407
0.063856564
0.06120655
0.065512724
0.06332872
0.06845991
0.065579124
0.064159654
0.06271579
0.061569165
0.065322846
0.06607756
0.06414715
0.061488386
0.058552187
0.061677948
0.05952545
0.057010174
0.05730329
0.06122696
0.06458112
0.06327525
0.06284522
0.062172417
0.061389394
0.06027727
0.06083216
0.05911875
0.056057673
0.05565097
0.058805842
0.06251435
0.061984126
0.06108247
0.05947516
0.058621027
0.05747459
0.057969812
0.06066435
0.06170808
0.06067115
0.06082447
0.062111907
0.060673174
0.05922625
0.059098415
0.06152111
0.06516541
0.064097315
0.071618475
0.06751235
0.06518745
0.057511386
0.057322722
0.057644583
0.058475528
0.05904195
0.056979172
0.057253473
0.05683234
0.059455268
0.061834306
0.06384401
0.06393423
0.06168528
0.0579443
0.053653512
0.051633596
0.051761944
0.051719587
0.052073725
0.053860128
0.05478877
0.053213812
0.052637067
0.05010601
0.05122
0.052567553
0.054377332
0.059230007
0.060806487
0.06187064
0.062046543
0.059832755
0.057722475
0.05391355
0.054527223
0.054300103
0.05574001
0.054750577
0.05576311
0.05346309
0.05287777
0.05286284
0.05214522
0.05333898
0.052800182
0.055740777
0.055522326
0.05571616
0.0544401
0.0572113
0.05506497
0.054499365
0.05272268
0.05162803
0.050420556
0.04973545
0.05095314
0.05566495
0.0557458
0.056466002
0.056331534
0.05739886
0.053356014
0.054353625
0.051774513
0.050917245
0.049915336
0.050102375
0.049847275
0.05192141
0.055530354
0.05413016
0.054759063
0.0553123
0.05416948
0.052036263
0.05149091
0.0509965
0.050603807
0.050844222
0.05142579
0.05078319
0.05170056
0.050656322
0.05114248
0.048599683
0.047925968
0.046339877
0.045902774
0.044545878
0.045039
0.045687336
0.044728167
0.045290958
0.047714453
0.047352348
0.050101206
0.049298804
0.049183045
0.05086686
0.049227923
0.046362724
0.047402937
0.0473358
0.04158643
0.043677256
0.043772306
0.044544373
0.045645274
0.046192203
0.04432347
0.04470891
0.045236677
0.042937
0.04378601
0.04506735
0.044879135
0.045169063
0.046059296
0.045192566
0.044850577
0.045331348
0.04353065
0.04395476
0.04326458
0.04469957
0.04307953
0.04308344
0.042986345
0.044012956
0.04352597
0.044965092
0.045170907
0.044317983
0.045790963
0.048470218
0.04855696
0.048242446
0.04845511
0.05033743
0.047180567
0.047776304
0.050086927
0.050986364
0.05125663
0.054660335
0.05311258
0.053969685
0.05522347
0.051839657
0.049043633
0.050664254
0.047761314
0.047287643
0.045815736
0.046144485
0.045873772
0.04719943
0.044541176
0.045366153
0.0444675
0.04484326
0.045574978
0.049253076
0.05160865
0.05431493
0.053512298
0.05177679
0.050118312
0.04941081
0.0467173
0.048598144
0.048576936
0.04840505
0.050293807
0.05303554
0.053660978
0.056571495
0.056985952
0.05786259
0.058173146
0.0567559
0.056421883
0.057279103
0.05365209
0.05464657
0.05564024
0.054277424
0.053186413
0.057096183
0.05264748
0.050731506
0.050798737
0.05101251
0.049882337
0.052417822
0.054608896
0.055830587
0.05590446
0.05502984
0.05511611
0.05396826
0.05371337
0.052028287
0.0551979
0.05567132
0.05516159
0.055332057
0.056002367
0.05270721
0.051567707
0.051018722
0.051812883
0.05340288
0.05253181
0.051521648
0.049965527
0.04770261
0.04867859
0.046846554
0.046199508
0.047817063
0.04709436
0.046822827
0.04493766
0.04619119
0.047945138
0.050851595
0.05392273
0.054691255
0.054631714
0.052468453
0.048506472
0.04708178
0.04809553
0.047089785
0.04958035
0.050982676
0.053138863
0.052713796
0.049060646
0.049203675
0.04781153
0.047719873
0.049825445
0.050599996
0.052427493
0.052312274
0.051669575
0.05214353
0.05482848
0.054568164
0.053749032
0.056184206
0.057984933
0.05719014
0.056472223
0.0552688
0.058205146
0.05428178
0.055977676
0.056850325
0.05986369
0.057293426
0.057916746
0.055558737
0.054628067
0.05159125
0.05276544
0.054746833
0.05297353
0.05402978
0.05692157
0.058455024
0.055892445
0.061593506
0.06106761
0.061456155
0.057900596
0.05985563
0.057075754
0.059502453
0.05725321
0.057779085
0.05923721
0.061420698
0.06014346
0.061916884
0.062037054
0.060519304
0.057240475
0.056408294
0.05630617
0.05839119
0.060205653
0.059512757
0.06042285
0.058456264
0.05540573
0.05456113
0.051648293
0.053434502
0.054016482
0.05699323
0.061320506
0.062388193
0.06506916
0.06496244
0.06482703
0.06411935
0.065252684
0.066559695
0.06665085
0.06892772
0.06814937
0.0659118
0.06571483
0.06437909
0.062744536
0.06412696
0.06458968
0.062333427
0.063310385
0.062362794
0.059482977
0.059854575
0.060649827
0.060223818
0.05986448
0.06348068
0.06410368
0.064952515
0.06615687
0.06416553
0.06169326
0.063595995
0.06504723
0.06332647
0.06551439
0.06547997
0.06276269
0.06289524
0.065703176
0.06615788
0.067269795
0.06790861
0.06653141
0.06565984
0.063687064
0.063014984
0.063443825
0.06308132
0.06323412
0.064301334
0.06320741
0.063993156
0.06335026
0.061709385
0.06062302
0.0627569
0.061350405
0.0615657
0.058125775
0.057186063
0.055996466
0.053516034
0.052053083
0.051732965
0.05484843
0.054763105
0.053982265
0.05479382
0.055016875
0.056260884
0.05582454
0.05988791
0.063089564
0.061812967
0.062436398
0.060952827
0.056584463
0.055991743
0.050297495
0.051356472
0.0503309
0.049282704
0.049526572
0.050074887
0.052682325
0.053563617
0.05355899
0.052683916
0.0542206
0.055592503
0.055808824
0.053061914
0.050087515
0.04854819
0.0489314
0.049085166
0.0478828
0.04808862
0.049633957
0.051344704
0.05290349
0.052107252
0.05060068
0.05273428
0.051308554
0.050322082
0.05093463
0.050238203
0.05089715
0.051378828
0.053114716
0.054420397
0.054025505
0.05540493
0.05440052
0.054568063
0.058209416
0.055265546
0.055251062
0.05559576
0.052761283
0.05337687
0.052189834
0.046716657
0.047756575
0.04824979
0.04687778
0.04571771
0.047855653
0.04921622
0.049923625
0.04859354
0.0482676
0.04735671
0.049710415
0.05102795
0.04784873
0.050836243
0.05073214
0.050539777
0.049486503
0.048645705
0.05078285
0.05187443
0.051876534
0.054815102
0.05437341
0.0556425
0.055644035
0.054995827
0.055267293
0.053079545
0.050263092
0.05172536
0.050472323
0.049183346
0.048445266
0.04805172
0.048469003
0.050063644
0.049524024
0.05035888
0.05186538
0.056233205
0.055648025
0.055861887
0.054438714
0.057711996
0.05740548
0.055673603
0.055170197
0.05439748
0.053654753
0.05620159
0.05411701
0.053814404
0.053164072
0.051915295
0.052221533
0.052787475
0.051079307
0.049853902
0.04813678
0.048072502
0.04829172
0.050158888
0.050456047
0.05225749
0.05198741
0.050869446
0.0537714
0.053734537
0.053254776
0.051543232
0.049285285
0.049079515
0.0505406
0.050925057
0.04983203
0.051841244
0.054629028
0.055881683
0.05495243
0.05624774
0.0540801
0.054188617
0.056527033
0.053963527
0.05437919
0.055079352
0.05349786
0.053617984
0.055231456
0.0544133
0.055151686
0.055652753
0.05639952
0.059062403
0.057810877
0.05803411
0.057087187
0.055518124
0.055414032
0.056375526
0.055715907
0.05721769
0.055791408
0.056942165
0.057251718
0.057781015
0.05926039
0.05706627
0.055353876
0.05264386
0.053534247
0.052753184
0.052576758
0.05335845
0.051412635
0.05161399
0.05239705
0.052332908
0.055706263
0.05554002
0.058090813
0.056178335
0.055852756
0.057478286
0.058554932
0.05645254
0.055147205
0.0544922
0.054271244
0.05657224
0.056438766
0.05693197
0.05556373
0.05653433
0.057866853
0.05961369
0.05970086
0.060598236
0.061013065
0.061445568
0.061280016
0.06270716
0.06232184
0.062060982
0.060702022
0.059670966
0.057919003
0.05813521
0.058092292
0.05676835
0.054622963
0.053083364
0.05350557
0.05388617
0.053009953
0.05340174
0.049758833
0.05054852
0.05012074
0.05243168
0.052833658
0.052522764
0.052173283
0.05002048
0.04692762
0.046996713
0.047059253
0.045840446
0.04449744
0.042742033
0.041993774
0.04090632
0.04225109
0.043216214
0.043880243
0.04554584
0.044108815
0.04527386
0.045797296
0.04703683
0.04707591
0.047606945
0.048451416
0.046105303
0.047241118
0.046068538
0.047852915
0.048914686
0.048055712
0.048283216
0.04879137
0.04935589
0.049109235
0.04824461
0.04765326
0.045783624
0.04725215
0.04576101
0.045761783
0.04590125
0.04491985
0.043787185
0.04241631
0.04208938
0.042161424
0.04198277
0.042205088
0.04248488
0.04176985
0.040429164
0.039828796
0.039141577
0.03946615
0.040563796
0.04082448
0.04115444
0.04072432
0.04014153
0.040864717
0.040596932
0.04121899
0.041998226
0.042735834
0.04244498
0.044218443
0.044955473
0.0445051
0.044511914
0.04598184
0.04756967
0.04873229
0.0493932
0.048315834
0.050048083
0.049457148
0.050738044
0.048557483
0.04795846
0.047731105
0.04851914
0.0477221
0.045229696
0.043888338
0.044472292
0.04599816
0.044386044
0.046119656
0.045603275
0.046532135
0.046314716
0.047309235
0.04764954
0.047154784
0.049677826
0.050869484
0.051797524
0.051169008
0.050745424
0.049977086
0.048793204
0.048212495
0.048128165
0.04990141
0.052233562
0.052844964
0.054461773
0.052985713
0.05397995
0.05473702
0.05579685
0.056521732
0.056331832
0.056969725
0.05828368
0.056597434
0.054200675
0.05398182
0.05490735
0.05428629
0.055821575
0.05711472
0.056227434
0.057037037
0.056460805
0.054015502
0.053760234
0.054323938
0.053814664
0.053667605
0.053056683
0.052031394
0.05072174
0.049367405
0.051779844
0.052570675
0.053535532
0.05675618
0.05751971
0.058634862
0.061349858
0.060557988
0.06039574
0.061179355
0.06145394
0.06228094
0.05988752
0.058823165
0.060790498
0.05953657
0.060345933
0.058262102
0.05604201
0.05796813
0.059359446
0.061016295
0.06012677
0.06085455
0.06255285
0.060787085
0.059399895
0.06068771
0.058831576
0.061109673
0.06272343
0.06324781
0.062454022
0.06292771
0.06250122
0.06407987
0.06550722
0.0677055
0.06928438
0.06839475
0.0713514
0.07138665
0.07028948
0.07270615
0.073197484
0.075719535
0.07659928
0.07629952
0.0749335
0.074194774
0.07527368
0.0718219
0.07168273
0.07000643
0.06787537
0.068427205
0.06700593
0.067191556
0.066864096
0.06293462
0.062288176
0.060840204
0.05938448
0.059824597
0.06004043
0.06064976
0.05979694
0.060138077
0.058034107
0.059498344
0.05851342
0.058470543
0.06004957
0.060491357
0.061137494
0.06203176
0.06269177
0.062158763
0.06223012
0.06156905
0.0594936
0.059893917
0.06235755
0.063027784
0.06338684
0.062382303
0.062099565
0.06301042
0.062438063
0.062091388
0.061606552
0.06263811
0.06415544
0.065564275
0.066262245
0.064305276
0.06235163
0.06044757
0.061229102
0.06124763
0.06211716
0.06252005
0.063318945
0.063609436
0.06330461
0.06197559
0.061367992
0.06300319
0.062623054
0.06280975
0.061704703
0.061878663
0.063056126
0.061536532
0.06153578
0.06176844
0.06134305
0.059736226
0.059706114
0.060765535
0.0593307
0.05775677
0.05808612
0.058206193
0.058165323
0.057842266
0.058520734
0.058602713
0.05985771
0.059639778
0.057842623
0.056953706
0.055710383
0.05507469
0.054771766
0.05374463
0.05474804
0.055852484
0.05439883
0.054553274
0.052519344
0.050863117
0.050765
0.0501729
0.04888747
0.047907304
0.046184212
0.045105733
0.046159275
0.045805532
0.044775106
0.04565336
0.046198756
0.045431312
0.047001988
0.0459668
0.044903673
0.044421762
0.04416975
0.04434421
0.044500224
0.044724245
0.04504374
0.04605884
0.04692184
0.046499837
0.047506183
0.049596597
0.04910627
0.04836431
0.048142973
0.0497959
0.0495325
0.04931071
0.04980852
0.048506293
0.049451336
0.050837267
0.050376903
0.051339537
0.053025857
0.05317838
0.05230591
0.051670797
0.049907316
0.0485305
0.049079914
0.04920807
0.0488865
0.047413547
0.046659708
0.04516794
0.045036927
0.044937275
0.043347318
0.042056862
0.041705333
0.041304965
0.041188926
0.04084389
0.039891575
0.03912495
0.03957254
0.03975648
0.038394198
0.03881749
0.038949594
0.038888004
0.039951086
0.040783834
0.040634047
0.039673593
0.040583674
0.041133568
0.04138738
0.041026864
0.042610634
0.04287248
0.04276637
0.042592116
0.043516055
0.04361588
0.043563046
0.042717688
0.04328755
0.043486398
0.044093147
0.04299673
0.042958952
0.042696226
0.04392867
0.04364089
0.043543126
0.04308463
0.042720128
0.041557048
0.041267835
0.040729728
0.04088493
0.041162364
0.040779877
0.040187098
0.0403846
0.04020195
0.03947398
0.03917115
0.039317988
0.03996901
0.03937194
0.038604576
0.03778488
0.037899517
0.037197202
0.036898226
0.03681203
0.036870267
0.036661178
0.03746718
0.03786103
0.037087567
0.037411302
0.036843173
0.036595695
0.036836058
0.03690895
0.037658587
0.037354276
0.038535323
0.038687542
0.03814115
0.038581926
0.038188856
0.039200176
0.03928392
0.040161606
0.041452732
0.040587712
0.040046908
0.039606776
0.039838668
0.039970506
0.04137309
0.041945882
0.042818047
0.043131914
0.04273591
0.042258665
0.0415289
0.04156979
0.042985223
0.041809957
0.041197196
0.04139644
0.04052649
0.040842116
0.041362602
0.0415663
0.041044787
0.041082554
0.041072372
0.041684803
0.04082893
0.041351274
0.04125362
0.041677773
0.04182334
0.042244174
0.0428435
0.042944044
0.0432196
0.0438419
0.04317576
0.042806614
0.04209592
0.041918866
0.04229014
0.04316675
0.04384477
0.04304196
0.04295258
0.043295886
0.0437518
0.043405276
0.04281647
0.0432637
0.04386048
0.04383332
0.044629678
0.044349693
0.044277236
0.04435865
0.044494364
0.043192703
0.042087883
0.042416923
0.04157279
0.040902052
0.040867798
0.040931083
0.04050788
0.04069891
0.041271627
0.040922552
0.04071278
0.040490378
0.03993991
0.03938441
0.039604563
0.040231373
0.039806068
0.040467035
0.040427227
0.040681712
0.041117206
0.041615978
0.041251726
0.041342467
0.04148842
0.04177161
0.042097136
0.04268047
0.04308367
0.043719303
0.043113474
0.043498747
0.04285366
0.043087594
0.0430331
0.043454524
0.04403734
0.045449007
0.04627379
0.04622046
0.046561975
0.04694612
0.047760922
0.04853962
0.048808515
0.049200308
0.0496938
0.04940146
0.048772253
0.047982454
0.046351235
0.04603793
0.045268197
0.044795994
0.04437817
0.044635855
0.043466914
0.042702228
0.04182036
0.04177554
0.041924596
0.040962383
0.040770262
0.040651154
0.03973458
0.039431393
0.038702954
0.038771853
0.03846676
0.037612658
0.037495673
0.03678994
0.036843073
0.03631636
0.035908688
0.035848655
0.03574124
0.03567162
0.03530572
0.034807123
0.03476323
0.034136154
0.034141786
0.03392218
0.033855844
0.033582617
0.033253055
0.032649774
0.032255515
0.031970363
0.03166741
0.031216687
0.03080986
0.03033467
0.029797914
0.029450398
0.02890688
0.028672919
0.028258549
0.027771333
0.027404506
0.026961746
0.0265399
0.026137678
0.0257539
0.025387483
0.025037428
0.024702815
0.024382796
0.024076587
0.023783462
0.023502747
0.023233818
0.022976097
0.022729041
0.022492152
0.02226496
0.022047024
0.021837942
0.021637332
0.021444835
0.021260118
0.021082869
0.020912794
0.02074962
0.020593084
0.02044295
0.020298984
0.020160977
0.020028725
0.019902041
0.019780746
0.019664671
0.019553661
0.019447567
0.019346248
0.019249577
0.019157426
0.019069683
0.018986236
0.018906984
0.018831834
0.018760692
0.018693477
0.01863011
0.018570516
0.01851463
0.018462384
0.018413723
0.01836859
0.018326938
0.01828872
0.018253895
0.018222421
0.01819427
0.018169407
0.01814781
0.01812945
0.018114312
0.01810238
0.018093638
0.01808808
0.0180857
0.0180857
0.0180857
0.0180857
0.0180857
0.0180857
0.0180857
0.0180857
0.0180857
0.0180857
0.0180857
0.0180857
0.0180857
0.0180857
0.0180857
0.0180857
0.0180857
0.0180857
0.0180857
0.0180857
0.0180857
0.0180857
0.0180857
0.0180857
0.0180857
0.0180857
0.0180857
0.0180857
0.0180857
0.0180857
0.0180857
0.0180857
0.0180857
0.0180857
0.0180857
0.0180857
0.0180857
0.0180857
0.0180857
0.0180857
0.0180857
0.0180857
0.0180857
0.0180857
0.0180857
0.0180857
0.0180857
0.0180857
0.0180857
0.0180857
0.0180857
0.0180857
0.0180857
0.0180857
0.0180857
0.0180857
0.0180857
0.0180857
0.0180857
0.0180857
0.0180857
0.0180857
0.0180857
0.0180857
0.0180857
0.0180857
0.0180857
0.0180857
0.0180857
0.0180857
0.0180857
0.0180857
0.0180857
0.0180857
0.0180857
0.0180857
0.0180857
0.0180857
0.0180857
0.0180857
0.0180857
0.0180857
0.0180857
0.0180857
0.0180857
0.0180857
0.0180857
0.0180857
0.0180857
0.0180857
0.0180857
0.0180857
0.0180857
0.0180857
0.0180857
0.0180857
0.0180857
0.0180857
0.0180857
0.0180857
0.0180857
0.0180857
0.0180857
0.0180857
0.0180857
0.0180857
0.0180857
