1309.9333
442.9777
204.647
145.1586
114.376114
94.90138
81.17329
70.654526
62.525753
55.973335
50.591072
46.053722
42.325676
38.937336
36.036156
33.599007
31.390705
29.273273
27.483944
25.864168
24.477139
23.080544
21.897072
20.763803
19.716112
18.811682
18.058552
17.14992
16.603495
15.982506
15.162727
14.607973
14.079761
13.411808
12.9312525
12.43627
11.987437
11.584598
11.334057
10.872751
10.42798
10.177125
9.798984
9.534088
9.227759
8.966015
8.810633
8.526937
8.214055
7.9639134
7.761172
7.56052
7.3633413
7.2710757
7.095066
6.795528
6.606805
6.4790306
6.3385997
6.2005653
6.048868
6.0066295
5.813058
5.6369314
5.5176263
5.392556
5.287571
5.23116
5.1002407
4.992177
4.8623633
4.8139677
4.7057996
4.579187
4.487824
4.4211617
4.343835
4.2873263
4.1862416
4.1033063
4.047957
3.9562635
3.8694713
3.8120587
3.7601252
3.7058356
3.6447375
3.599367
3.52844
3.5341592
3.4391453
3.358225
3.3116393
3.2779562
3.2409585
3.1765113
3.1174395
3.092569
3.0482204
3.0035024
2.9551458
2.9295871
2.8808026
2.8518198
2.81937
2.8144107
2.7614422
2.7061915
2.6747417
2.6362765
2.6188846
2.5839753
2.581506
2.5126336
2.5042424
2.4806826
2.4387996
2.391633
2.3882072
2.3512394
2.3084195
2.3132603
2.2539315
2.2528188
2.2766857
2.1969266
2.1703157
2.1672194
2.1457484
2.1143646
2.0881164
2.0911562
2.0556297
2.0417013
2.0261662
2.0040076
1.9916772
1.9722992
1.9646167
1.9458264
1.9157411
1.8845286
1.8748516
1.8676916
1.8482807
1.8240322
1.8137668
1.7960918
1.7847681
1.773492
1.7611233
1.7371145
1.7321378
1.7130724
1.7010386
1.6936412
1.6784966
1.6595768
1.6518503
1.6431377
1.6230702
1.6237019
1.5939314
1.5861205
1.6106194
1.5756776
1.57231
1.5576048
1.5601565
1.5400374
1.5199491
1.5067959
1.4925371
1.499644
1.4946446
1.4796647
1.488048
1.4590411
1.4983693
1.4817784
1.4323306
1.426627
1.4244363
1.4104404
1.4140724
1.3916786
1.3745903
1.3754153
1.3704828
1.3581119
1.3481357
1.338953
1.3243586
1.3137281
1.3037161
1.3066638
1.2923528
1.2845215
1.2759866
1.2715738
1.2642183
1.2550988
1.2446202
1.2461172
1.2341053
1.2323736
1.223317
1.2118125
1.2092001
1.2113289
1.1949914
1.1892476
1.1825169
1.1840112
1.1789457
1.168258
1.1609477
1.162305
1.1594659
1.1561735
1.1413347
1.1395371
1.1408398
1.1288143
1.1205287
1.1174825
1.1153426
1.107038
1.1119211
1.124384
1.1042306
1.0922104
1.0902625
1.0840772
1.0817628
1.0741129
1.079905
1.0678297
1.0680172
1.0613536
1.0582376
1.0592504
1.0550365
1.0524373
1.049712
1.0376809
1.0417075
1.0424739
1.0412493
1.0199648
1.0241876
1.0226842
1.0139974
1.0119132
1.0094202
1.0047494
1.004007
1.0047722
0.99771655
0.9942904
0.99756217
0.9908213
0.98309135
0.98618543
0.9823227
0.99482965
0.97716916
0.9741532
0.9675547
0.9721581
0.96728295
0.9682988
0.9723663
0.9581648
0.960568
0.955078
0.9617339
0.9533229
0.95877033
0.95740104
0.9669382
0.94367
0.9471224
0.95408607
0.9455794
0.95217556
0.9454558
0.9489733
0.9431997
0.94222707
0.9344662
0.9384332
0.93134964
0.92761886
0.931629
0.92157084
0.92327046
0.9241436
0.9239192
0.91318816
0.9238438
0.90753126
0.91203624
0.9063449
0.9127741
0.9042521
0.8956945
0.89455956
0.8919426
0.8902878
0.89870685
0.8863404
0.88359475
0.88326544
0.88358986
0.884134
0.8856412
0.8800226
0.88182956
0.8864461
0.8742312
0.87483174
0.8764508
0.8778112
0.8727966
0.86476547
0.87043035
0.87338984
0.8656178
0.8708676
0.86721045
0.86352617
0.8604539
0.85187674
0.84963924
0.8497482
0.84923655
0.846701
0.85191333
0.85099685
0.8435943
0.8411629
0.8484017
0.8455074
0.8415489
0.84987843
0.8422698
0.83995694
0.83828187
0.8356087
0.83319604
0.8337279
0.8265294
0.8333884
0.8278859
0.8317536
0.825518
0.8276794
0.81614155
0.81575435
0.8236963
0.81500936
0.8109003
0.81681174
0.8130439
0.8122098
0.806475
0.81218386
0.81349015
0.80453014
0.8074656
0.80330825
0.8017491
0.79704833
0.7919252
0.79737484
0.79593325
0.8006951
0.7924669
0.7933785
0.79551566
0.79438263
0.7879647
0.79004174
0.7967891
0.7892528
0.7929012
0.79289
0.7899936
0.79116714
0.78376514
0.78143966
0.78707373
0.7803456
0.7793055
0.78218144
0.7740645
0.78171796
0.7679542
0.773126
0.769539
0.7720055
0.77291745
0.76705486
0.7625797
0.7676812
0.7630114
0.76440346
0.7598531
0.7633351
0.7646404
0.75482494
0.7530673
0.75743526
0.7469267
0.7536893
0.7571391
0.75088614
0.7536874
0.7467813
0.74521136
0.7442127
0.7422149
0.74325365
0.73629785
0.73831356
0.74201083
0.745854
0.7350961
0.7377104
0.73185986
0.733818
0.73525375
0.7272008
0.72372806
0.72616744
0.72527945
0.72000444
0.7258776
0.7217609
0.72739047
0.7214053
0.72340924
0.7225773
0.7204275
0.71804965
0.7150608
0.71431404
0.71739787
0.71799535
0.70732087
0.7130343
0.7127456
0.70932275
0.70178586
0.7101637
0.70766944
0.70739996
0.7040901
0.7028395
0.70705307
0.7038913
0.6957737
0.704548
0.69954926
0.69626284
0.69859433
0.6938246
0.6975801
0.6973899
0.6932222
0.69964516
0.6944377
0.6877611
0.6911254
0.69003963
0.6886791
0.689319
0.68339753
0.6853609
0.6895891
0.69250107
0.69607586
0.7023546
0.6908907
0.6856225
0.688669
0.6890051
0.68772316
0.68808866
0.6945623
0.68329716
0.68155926
0.68158257
0.6860292
0.68774664
0.6784415
0.686336
0.68508303
0.68438405
0.67892057
0.6809499
0.6856209
0.68238753
0.6876774
0.6863848
0.6861131
0.67601633
0.6809061
0.67903495
0.6735686
0.6766841
0.6776588
0.7082516
0.681351
0.68329036
0.67838967
0.67807204
0.6819178
0.6811723
0.6805185
0.6773347
0.6778613
0.67986155
0.67605895
0.66983765
0.6899731
0.6732963
0.6724971
0.6666783
0.6742377
0.6678313
0.6750469
0.6629708
0.67104024
0.6700287
0.6721256
0.66649735
0.6658271
0.66691595
0.6695275
0.66403586
0.6657335
0.6619995
0.66598636
0.6620654
0.6681986
0.66963416
0.6693164
0.6618831
0.6607423
0.6698312
0.6590464
0.6613558
0.6636223
0.66685426
0.6644468
0.66971475
0.6655084
0.663119
0.6663967
0.6683817
0.6671996
0.6626526
0.66311044
0.6663289
0.6684843
0.66883236
0.6686679
0.67098033
0.6647887
0.66365963
0.6628216
0.6690641
0.6651248
0.66607034
0.6678043
0.66581523
0.6703022
0.66353226
0.6663473
0.6679694
0.6619247
0.6587143
0.6637752
0.66769755
0.6624656
0.66795486
0.65891606
0.6621638
0.6540651
0.6609893
0.6571623
0.6603363
0.6569569
0.65933114
0.66082156
0.6612596
0.6530703
0.653807
0.657464
0.65705067
0.6612862
0.65739655
0.6577037
0.6604059
0.6519045
0.65353334
0.6567783
0.6541086
0.6569133
0.6537541
0.64838827
0.6516932
0.648939
0.65392596
0.6420634
0.6479172
0.6521326
0.6482179
0.65168154
0.64310884
0.64541304
0.6585913
0.64643216
0.6440413
0.6523886
0.6535708
0.6403688
0.6423208
0.6409056
0.64713436
0.6437852
0.64278585
0.6412913
0.6392051
0.64297205
0.6383506
0.6373266
0.64453864
0.6407972
0.63369316
0.6355443
0.6333759
0.6300072
0.6357046
0.63191575
0.6301535
0.6319854
0.6352828
0.6330391
0.63558435
0.6387127
0.6295341
0.63359636
0.6369653
0.62991333
0.6343339
0.6297606
0.62902147
0.63051754
0.6324045
0.6322508
0.6297462
0.6284906
0.6318011
0.6343404
0.635277
0.6289805
0.63040304
0.6307125
0.6315488
0.6311285
0.63464874
0.62548864
0.63756824
0.62942135
0.6316151
0.6292035
0.6303915
0.62850475
0.6284179
0.6271493
0.625151
0.6352061
0.6264611
0.6278565
0.6316518
0.62679857
0.62968415
0.62663865
0.63007224
0.63124484
0.62168145
0.620621
0.6280167
0.6257832
0.6239665
0.6241982
0.6256259
0.6265315
0.6310729
0.6265253
0.62310606
0.6224432
0.6198514
0.6218623
0.6286577
0.6304971
0.6272025
0.6250686
0.63149565
0.62989444
0.6256941
0.62072974
0.6179552
0.62182176
0.6249896
0.6188984
0.6222008
0.6222912
0.6270918
0.61077315
0.62118584
0.6124876
0.62153685
0.6163485
0.6183472
0.6169795
0.61754197
0.61840844
0.6111692
0.6122029
0.6164463
0.6202552
0.61124635
0.6147268
0.6155371
0.61411583
0.6111007
0.6098496
0.6087958
0.6112601
0.6089391
0.6110681
0.6072448
0.6152994
0.60849136
0.60915047
0.6074344
0.607596
0.6058891
0.6069063
0.6026832
0.60520554
0.6031737
0.59718895
0.59891754
0.6039824
0.60322434
0.5991637
0.598963
0.60364497
0.60390824
0.60447866
0.60048103
0.59359246
0.59942216
0.5990395
0.5972104
0.5948421
0.5990919
0.5952617
0.5952903
0.5950651
0.5978173
0.58839166
0.5947536
0.5969996
0.5916355
0.58494616
0.5943037
0.5960121
0.59229225
0.59012127
0.5941921
0.5935085
0.59272414
0.59916973
0.596391
0.59026283
0.59894085
0.5959037
0.59459275
0.59131604
0.5882793
0.59154105
0.5910295
0.5914951
0.5938472
0.58825797
0.5872615
0.59189904
0.5899161
0.58781457
0.590757
0.59268457
0.5896237
0.5914377
0.590107
0.5946403
0.5921248
0.5896022
0.5884974
0.58721185
0.59328794
0.5899232
0.586824
0.58788216
0.5878975
0.5904063
0.5950516
0.58881384
0.5949545
0.58845454
0.5898
0.5942037
0.58787215
0.59140104
0.5865629
0.5823808
0.5885192
0.586224
0.5838363
0.5862924
0.586091
0.581184
0.5845974
0.5882731
0.58485675
0.58659387
0.5833894
0.5819953
0.58024734
0.58049834
0.57884514
0.5862863
0.58366126
0.5758546
0.57754284
0.5738324
0.57649213
0.574219
0.57654464
0.5764608
0.57342404
0.57440335
0.5750877
0.5745845
0.5754231
0.5702085
0.57027197
0.5729757
0.572061
0.5727475
0.5676089
0.5715525
0.5736153
0.5638803
0.57131124
0.571757
0.5735308
0.5699778
0.5625662
0.5622616
0.56682295
0.5640913
0.56191766
0.5639585
0.568652
0.56046695
0.5581162
0.5584612
0.56488806
0.5612329
0.56661403
0.55480707
0.5578242
0.5585473
0.56054175
0.5576563
0.552012
0.55621344
0.55744076
0.55896246
0.5532783
0.55357444
0.5497236
0.5522607
0.5523282
0.5576386
0.55426246
0.55669934
0.54930776
0.5467103
0.5555198
0.5464859
0.55218035
0.5550796
0.5577828
0.55009973
0.5508781
0.55061585
0.5507984
0.55162364
0.5525038
0.5443424
0.5443948
0.5489384
0.5469237
0.5510728
0.5472425
0.5460538
0.5483056
0.5488115
0.54708517
0.54384315
0.5518524
0.55093306
0.5457609
0.5463635
0.54431283
0.54924756
0.54139644
0.54680866
0.54589826
0.5389846
0.54519606
0.5458648
0.5411988
0.5488716
0.5461666
0.53913677
0.5409033
0.538612
0.54455316
0.5417438
0.54503566
0.5452008
0.53590256
0.5412996
0.5381021
0.53470844
0.5364656
0.5387736
0.54100275
0.5371539
0.54278874
0.5407561
0.5373066
0.5317275
0.53746253
0.5267448
0.53524613
0.5298476
0.5276669
0.52775854
0.5350771
0.5316518
0.52887976
0.52663827
0.53016984
0.53252256
0.5314524
0.53218156
0.5301902
0.52916646
0.53610855
0.5267536
0.53896767
0.5346257
0.52792466
0.5284019
0.5322756
0.53279215
0.5339681
0.5386846
0.5322485
0.531064
0.5265046
0.53324986
0.5345029
0.5334436
0.5264418
0.53137577
0.53462636
0.5306473
0.5365345
0.53353906
0.5251614
0.52853423
0.53135335
0.5284086
0.52760667
0.530443
0.529747
0.5293855
0.5297379
0.5292239
0.534651
0.5313437
0.535939
0.526104
0.5311903
0.52783215
0.53331536
0.52883714
0.5313092
0.5327493
0.532062
0.5295063
0.53019255
0.5328121
0.53168255
0.5261134
0.5288221
0.5212701
0.52839273
0.53464437
0.5258735
0.52875304
0.5297291
0.52883416
0.52819127
0.526703
0.53123915
0.52844757
0.52821815
0.53158617
0.5291958
0.53239244
0.52982026
0.5290371
0.53018546
0.5259064
0.51764977
0.53042537
0.51677674
0.5259306
0.5246329
0.5241202
0.5243133
0.52841735
0.52995497
0.51954854
0.52349865
0.5214971
0.51781446
0.521816
0.52043027
0.51961464
0.52162313
0.5226186
0.519335
0.52000046
0.51798785
0.51786864
0.5219606
0.52130836
0.5182614
0.51812494
0.5177277
0.5148821
0.5164952
0.51765686
0.5072105
0.5093341
0.52119184
0.50889355
0.5091076
0.5113057
0.50824803
0.5074401
0.51400334
0.5072775
0.51425135
0.5091822
0.50810885
0.5071557
0.511798
0.5070289
0.5094561
0.50730777
0.51325244
0.50639504
0.512074
0.5116576
0.5125458
0.50919664
0.510212
0.50835013
0.5076622
0.5076624
0.508373
0.5155453
0.5101002
0.5053392
0.5115398
0.51010174
0.5110748
0.5075791
0.50790304
0.5077507
0.5069507
0.50782955
0.5093553
0.51205915
0.5072479
0.5057127
0.5092253
0.50671196
0.5051951
0.50847054
0.5052534
0.50285196
0.50311804
0.50998217
0.50602996
0.5072461
0.5061248
0.49984008
0.5056664
0.5061103
0.50689536
0.49858028
0.5000336
0.5026223
0.50705165
0.5099069
0.5127916
0.5067645
0.50469416
0.496395
0.5014517
0.5087723
0.5002406
0.5025802
0.4988191
0.50800353
0.501625
0.50534886
0.5029893
0.50277054
0.50556076
0.5077297
0.50394934
0.5035483
0.51055974
0.5062419
0.5049913
0.5061325
0.5032059
0.50748295
0.51001
0.5047232
0.5056792
0.50322384
0.5008115
0.5027425
0.5038283
0.5052993
0.49878788
0.5034299
0.49879304
0.50181466
0.5057449
0.49760416
0.49392164
0.49281505
0.4978389
0.5000014
0.49614224
0.49216384
0.48888952
0.49177238
0.49285832
0.49568722
0.49043834
0.48682517
0.48916447
0.49496734
0.48892468
0.4886974
0.49158308
0.4892601
0.48931232
0.48607194
0.49185637
0.4860851
0.48755097
0.4871175
0.48740053
0.48725498
0.48564434
0.4791314
0.4837968
0.48716733
0.48354375
0.481627
0.48510933
0.48474917
0.47841462
0.47935265
0.47959727
0.47900343
0.4838741
0.48970827
0.48089534
0.47858348
0.47904503
0.47885084
0.47660092
0.47801134
0.47805384
0.47141492
0.47076726
0.47197747
0.47459406
0.47566888
0.4715194
0.4723609
0.46850786
0.46760616
0.46751833
0.46842733
0.46771896
0.4663978
0.46600035
0.4708143
0.466752
0.468957
0.4690128
0.4651394
0.46645346
0.46483788
0.4641598
0.4669871
0.46496528
0.46447152
0.46810475
0.46222872
0.4652358
0.4609586
0.46559554
0.46769395
0.4671312
0.47002536
0.4652683
0.45993835
0.46867123
0.4653362
0.46396765
0.47047415
0.46377814
0.46268198
0.46498477
0.46242195
0.45897847
0.45965877
0.46734715
0.46862155
0.46409246
0.46632302
0.46802542
0.4594073
0.46350464
0.46357408
0.4663556
0.46716547
0.46614787
0.46432996
0.47044083
0.4669033
0.46569937
0.46723357
0.46446002
0.46673512
0.46448025
0.46358573
0.47353873
0.46981987
0.47786465
0.47478014
0.46663058
0.4656944
0.46701354
0.4702981
0.46613717
0.4634936
0.46912292
0.47053584
0.46564728
0.4659701
0.46339113
0.4703604
0.46781003
0.46859267
0.46482646
0.47017345
0.4729616
0.46793094
0.469737
0.4653972
0.46969718
0.46140304
0.4661002
0.4628344
0.469508
0.4639527
0.4616505
0.46373203
0.4602637
0.46260732
0.46597916
0.4636444
0.4652004
0.462405
0.45813024
0.46523616
0.4659506
0.46503088
0.46352538
0.46397397
0.4664953
0.46126157
0.45823783
0.45982522
0.4581881
0.45805958
0.4624828
0.45892316
0.45897666
0.4607414
0.45686263
0.45866388
0.4598662
0.45666042
0.45719695
0.4569214
0.46075413
0.45821348
0.45689687
0.46032402
0.45108014
0.45379606
0.4573927
0.4535392
0.4544339
0.45866203
0.45625412
0.45761093
0.45309147
0.45945856
0.45381877
0.45529085
0.45626423
0.45449594
0.45673966
0.45233354
0.4557131
0.4537941
0.45156318
0.45161793
0.45677543
0.45374158
0.45938528
0.45133096
0.45423713
0.45522135
0.45365778
0.44756866
0.44897765
0.45058158
0.45402992
0.4466946
0.4501973
0.45427492
0.45162427
0.45514682
0.45261976
0.456984
0.45092615
0.44773436
0.45106488
0.46015272
0.44583166
0.4523587
0.44932467
0.45365712
0.4495876
0.44907066
0.44931582
0.45435676
0.4548367
0.4489565
0.44110838
0.45426318
0.45238888
0.45458564
0.45655698
0.44996843
0.45376706
0.45328104
0.446663
0.45430917
0.45771813
0.45053816
0.45136252
0.44941628
0.4527883
0.4535269
0.45296457
0.4569036
0.45043653
0.45137322
0.45325825
0.45298517
0.44879425
0.4525177
0.44889385
0.45618352
0.45084015
0.44909447
0.4474078
0.4512824
0.4538119
0.4438614
0.4484957
0.45145497
0.45443884
0.45108446
0.45438805
0.4503809
0.44985816
0.45105132
0.4472586
0.4496726
0.44838688
0.45077837
0.44772643
0.44862723
0.44655472
0.44520503
0.447321
0.44280428
0.44167215
0.44655842
0.4477341
0.44462854
0.44031268
0.4415071
0.44649604
0.44212165
0.448032
0.44293246
0.4394175
0.43964946
0.44562268
0.437914
0.4424939
0.43832332
0.43689585
0.4491947
0.44346994
0.4367593
0.43801656
0.4334055
0.43707326
0.42976314
0.43329898
0.43392628
0.43539512
0.43591163
0.42899704
0.43474206
0.43181795
0.4294476
0.4285629
0.431215
0.42727196
0.42775255
0.42832983
0.4300119
0.42444304
0.42833203
0.42774826
0.42930546
0.4251359
0.42773247
0.4250527
0.42669764
0.42430863
0.42599285
0.42402235
0.42158538
0.41990614
0.42475402
0.42717943
0.42545497
0.41898882
0.4226318
0.41863307
0.42665315
0.41955563
0.41907686
0.42006177
0.42473868
0.42192093
0.4170036
0.42009595
0.4172012
0.41317576
0.41753316
0.41355386
0.4151703
0.41659492
0.41675016
0.41637352
0.41710332
0.4154919
0.41741505
0.4157955
0.41667163
0.41184217
0.41053438
0.41363162
0.41342446
0.4136382
0.41704568
0.4163371
0.4168482
0.41585356
0.41533768
0.41163507
0.41680297
0.41396537
0.41153276
0.41561735
0.4099705
0.4055833
0.41086516
0.40997213
0.41255805
0.41376796
0.41233298
0.41121432
0.40910438
0.4102375
0.40913585
0.40866926
0.40849316
0.40895152
0.40295407
0.41002294
0.40493354
0.40967762
0.4059173
0.40746874
0.40488276
0.41568738
0.40945905
0.40779486
0.4070847
0.40657943
0.4032059
0.40729374
0.40740013
0.41501135
0.40583152
0.4072415
0.40822583
0.40826637
0.40997565
0.41070703
0.40646747
0.41245198
0.40670893
0.40779778
0.4100086
0.40935144
0.41391873
0.4109151
0.41120085
0.4091803
0.40722662
0.40306732
0.41259828
0.41057062
0.41118053
0.4132936
0.41296926
0.40941414
0.40749514
0.4091034
0.41110772
0.4143601
0.4112253
0.4124692
0.4144675
0.41060334
0.41149184
0.41323406
0.4100768
0.41577017
0.40814692
0.41146308
0.40565738
0.40573657
0.41231295
0.4025661
0.41445172
0.41312444
0.40899244
0.40632448
0.41327512
0.40864488
0.40899354
0.4074
0.40802515
0.40538487
0.40655085
0.40978676
0.40450498
0.39644843
0.40332124
0.40673736
0.40359083
0.40309957
0.39875528
0.404651
0.40524837
0.40326285
0.40185452
0.40130895
0.40040514
0.39929077
0.40046337
0.4028766
0.40425375
0.40457773
0.40442356
0.3985637
0.40228736
0.39968675
0.40246493
0.39971262
0.4055888
0.3996144
0.39574584
0.3974778
0.39608157
0.39404407
0.3982006
0.39807767
0.3930814
0.39361557
0.3985032
0.39596617
0.38734472
0.39335254
0.3881531
0.39158657
0.38993758
0.39722282
0.3936362
0.39704177
0.38722822
0.3930915
0.3952909
0.3937074
0.39324763
0.38738954
0.3924993
0.391429
0.3892422
0.3945151
0.38648686
0.39091837
0.38813034
0.38963294
0.39469224
0.38824242
0.39237878
0.38907826
0.3913345
0.38959035
0.38950753
0.39191437
0.39659753
0.3902675
0.39233315
0.38318855
0.38527328
0.3828542
0.39028585
0.3877432
0.3831393
0.39463714
0.3888019
0.3892788
0.38526243
0.3884495
0.384782
0.39117837
0.3882396
0.38886458
0.38779914
0.390355
0.38201076
0.38491464
0.38150105
0.38471508
0.38157457
0.38600305
0.39010632
0.38762227
0.38668513
0.3874966
0.38332295
0.3889268
0.38496882
0.38209307
0.38022313
0.38897604
0.3862832
0.380216
0.38376787
0.3840696
0.38306978
0.38423476
0.3776162
0.3872073
0.37822437
0.37578672
0.38692266
0.38580072
0.38622275
0.38573608
0.37994757
0.37749448
0.38557738
0.38417906
0.38079628
0.37481874
0.38004687
0.38127756
0.37913558
0.379302
0.376777
0.3767001
0.37580305
0.38162506
0.37945282
0.37134728
0.38087678
0.3798076
0.37641382
0.3810473
0.37906784
0.37478825
0.38149053
0.37547335
0.3783634
0.37897417
0.3794732
0.37894338
0.38090494
0.37876177
0.37421274
0.3802168
0.3806715
0.37872154
0.3817569
0.37805054
0.3782015
0.37820685
0.3807128
0.38212407
0.38159057
0.382917
0.37585318
0.38064077
0.3838808
0.3818097
0.37811407
0.376691
0.38183507
0.38028267
0.37876755
0.3746917
0.37618226
0.3699236
0.3745747
0.3820698
0.37511086
0.3743393
0.370752
0.3733894
0.3734635
0.37684396
0.3720002
0.37641057
0.3738704
0.37413576
0.37331587
0.3785772
0.3676116
0.37336066
0.36713457
0.37383556
0.37192497
0.370592
0.36560917
0.37397024
0.3701314
0.37215605
0.37377357
0.3673094
0.37012357
0.37105718
0.37366268
0.3716637
0.3770554
0.3697733
0.37063262
0.37104127
0.37529433
0.3718206
0.36946735
0.3675695
0.36634636
0.36576563
0.37097383
0.3723775
0.3720967
0.3698049
0.36616412
0.3644164
0.37199414
0.36730593
0.37184408
0.36805612
0.36709413
0.3681765
0.36880076
0.36950955
0.3673472
0.36870623
0.36871818
0.3694776
0.3661814
0.37019873
0.36830842
0.36755082
0.3644617
0.36574945
0.36584985
0.3667413
0.3638453
0.36619708
0.36636624
0.36935496
0.3678812
0.36299512
0.36771
0.36304405
0.36485898
0.36800015
0.36148065
0.3656112
0.36585265
0.36831143
0.3682551
0.36398858
0.36388096
0.36298144
0.36787897
0.36733878
0.3653183
0.36158288
0.3633965
0.36386555
0.36627007
0.36821035
0.36292306
0.36786976
0.3635887
0.36790085
0.36229128
0.35897604
0.3638061
0.35873577
0.36545953
0.35806233
0.36047965
0.35807833
0.36423224
0.36255488
0.35611892
0.3607657
0.35727423
0.35981196
0.36284333
0.3579497
0.36265412
0.35599846
0.3574572
0.35893115
0.35807964
0.36128664
0.3584177
0.36677834
0.3615854
0.3618595
0.35892022
0.35663554
0.3602153
0.359904
0.356324
0.36356992
0.3628644
0.36122596
0.36049235
0.36572883
0.36151817
0.36344662
0.354638
0.36049974
0.36105493
0.35781887
0.35967577
0.35908222
0.35930356
0.3644076
0.36237833
0.36272344
0.36486408
0.3614664
0.35881707
0.35727182
0.3597392
0.35771364
0.36371645
0.36549187
0.35877526
0.3544555
0.35631236
0.35273567
0.35695717
0.35431615
0.3571475
0.3589708
0.35780114
0.35484502
0.35496682
0.35869992
0.35921252
0.36055005
0.3573271
0.3544404
0.3521381
0.35531932
0.35103408
0.35271075
0.35261047
0.3544513
0.35260537
0.35230926
0.35579962
0.35358238
0.3519863
0.3565756
0.35240543
0.35804754
0.3509398
0.35421678
0.35096174
0.35460785
0.35804024
0.35332942
0.35021996
0.35123134
0.3521499
0.353325
0.35436141
0.35639647
0.34844536
0.35317254
0.35027605
0.34906328
0.354456
0.35081664
0.35018384
0.3455787
0.35075766
0.34698436
0.3466884
0.34439003
0.3454111
0.34735873
0.34548992
0.3419538
0.3451536
0.3470249
0.34563765
0.34514886
0.34223264
0.3467366
0.3437937
0.33743218
0.3458727
0.33936405
0.33818895
0.34382707
0.345877
0.34929153
0.3450774
0.33919597
0.3436247
0.34032452
0.34591642
0.34474212
0.3410226
0.34601578
0.3374653
0.34208623
0.34437966
0.34535933
0.3461684
0.3414298
0.34969777
0.34372273
0.3387949
0.3423184
0.34352085
0.34213805
0.3421447
0.34299207
0.34069958
0.34016493
0.33958507
0.34191513
0.34481174
0.33835042
0.33713132
0.33579126
0.34334794
0.339715
0.3400635
0.3382098
0.33724913
0.33421835
0.34550378
0.3388195
0.34416962
0.33882987
0.34216863
0.33740637
0.34275764
0.34729385
0.336715
0.34404525
0.3428939
0.34158227
0.3382419
0.3405309
0.3423599
0.3431728
0.34131935
0.34424955
0.3439479
0.34404942
0.34077737
0.34095904
0.33812606
0.34027544
0.33804247
0.337632
0.33660632
0.3398536
0.33801162
0.33845523
0.33934838
0.33196092
0.34136212
0.3364425
0.33248016
0.34070113
0.32985356
0.33663046
0.33621687
0.33538574
0.3385381
0.33445814
0.3337849
0.3374266
0.33500043
0.33484954
0.3347845
0.33359325
0.33662796
0.3339902
0.33767566
0.333878
0.3299592
0.33343056
0.33530453
0.33740503
0.3322612
0.33830827
0.33226746
0.33470502
0.33385974
0.3300014
0.33592927
0.3308739
0.33268157
0.33451664
0.33357093
0.33136368
0.33429575
0.33347416
0.33239067
0.33402175
0.32987407
0.3334545
0.32990396
0.33374894
0.33300573
0.3300115
0.32919517
0.32968548
0.33300707
0.32791483
0.32973078
0.32871187
0.33170515
0.32587758
0.32952377
0.3301967
0.33095193
0.3236569
0.33063585
0.32698315
0.32595086
0.32720205
0.33108133
0.32620755
0.32518867
0.32481238
0.32186866
0.32458547
0.32926643
0.32949835
0.32780123
0.32339498
0.3267278
0.3355314
0.32654917
0.32616526
0.3298491
0.32696262
0.32802802
0.3284332
0.32899225
0.3242924
0.32841882
0.32154396
0.32428288
0.3256145
0.32194296
0.32668698
0.32021877
0.31906042
0.3203969
0.32554942
0.3202224
0.32407057
0.32091728
0.32248732
0.32212126
0.31928262
0.32187283
0.31798965
0.32105905
0.32414132
0.32282454
0.32437178
0.3224341
0.32166362
0.3174832
0.32421905
0.3165851
0.3219052
0.31821284
0.32509533
0.32283255
0.31614974
0.32306734
0.3219863
0.3211963
0.32694063
0.32808825
0.32560197
0.32706633
0.3206789
0.32258198
0.32032433
0.32320184
0.32315195
0.32471558
0.3247969
0.32434013
0.32204145
0.32544675
0.31817204
0.3198238
0.31897905
0.31806698
0.32120222
0.32094675
0.31824458
0.31929687
0.3228428
0.31671032
0.32426125
0.31950906
0.3195552
0.3209026
0.3226171
0.3179443
0.32372448
0.318681
0.31584224
0.31635436
0.31531718
0.3184436
0.31972307
0.31628624
0.32201725
0.31609583
0.31452414
0.30998406
0.31470436
0.31220108
0.31064406
0.30914387
0.315047
0.3131571
0.31334352
0.31120265
0.3127299
0.31235698
0.30663896
0.30827746
0.30567485
0.30748385
0.311039
0.31159335
0.31126046
0.3067065
0.30955154
0.3058174
0.308252
0.30516148
0.30739596
0.30976227
0.30442068
0.30675083
0.30030325
0.30477887
0.30283478
0.30400065
0.30550328
0.31269515
0.30257994
0.30757052
0.30848047
0.30312535
0.30379793
0.30598822
0.3071569
0.30142042
0.3073058
0.30310407
0.30252543
0.3078249
0.3054307
0.30047062
0.30179232
0.3003411
0.30588812
0.30226877
0.3024073
0.30780458
0.30221656
0.30591652
0.30022317
0.30225557
0.29989627
0.29970255
0.30234003
0.30441287
0.30095947
0.29843634
0.29795757
0.29907876
0.3009179
0.29883078
0.30082244
0.30204883
0.30107737
0.30024785
0.30593547
0.3000012
0.30487314
0.30464
0.29882768
0.29933628
0.298766
0.30556998
0.30121702
0.30203637
0.30084768
0.29815188
0.30177855
0.30112234
0.29867157
0.30445206
0.30314657
0.30354425
0.30531168
0.30146232
0.29925665
0.3026152
0.29589894
0.2985725
0.29541147
0.29987222
0.29983482
0.3021269
0.30326217
0.30480307
0.29657844
0.29678735
0.2999654
0.30120254
0.3017598
0.29969594
0.3012961
0.30518004
0.2973725
0.30310756
0.29832956
0.305108
0.29975426
0.30172005
0.30321312
0.30204716
0.30482846
0.30152953
0.29755554
0.30912554
0.3054977
0.30251595
0.30749407
0.30617204
0.30120122
0.29935274
0.30251968
0.30495837
0.2980807
0.30342942
0.30653203
0.30655125
0.30283317
0.2975635
0.3029544
0.29805648
0.30357233
0.30018213
0.30845588
0.30499914
0.30026162
0.30437753
0.30221692
0.3025092
0.29825705
0.30611774
0.29722583
0.30014881
0.30092072
0.30451664
0.30315065
0.30050632
0.30247587
0.30403563
0.30116355
0.3038161
0.30057335
0.3009321
0.29697546
0.3011002
0.300159
0.29688084
0.2982557
0.29893517
0.30398852
0.29896963
0.30088148
0.30129486
0.29858738
0.29927188
0.2962246
0.30019313
0.29884633
0.29782924
0.29806057
0.29338273
0.29996306
0.29738697
0.29590702
0.2960658
0.2968301
0.29789242
0.29781732
0.30148426
0.2958132
0.29834625
0.29941675
0.29882097
0.29697388
0.2928156
0.29717743
0.29629198
0.29790938
0.29601878
0.2950375
0.30070603
0.30290806
0.30037394
0.29969642
0.29682925
0.29477146
0.29422638
0.3004412
0.29495436
0.2968674
0.29847264
0.29672062
0.2987936
0.30047697
0.2912542
0.29649982
0.29782534
0.29818666
0.2988665
0.29743353
0.29677168
0.29884166
0.29409343
0.29587618
0.29307917
0.29677492
0.29650763
0.29885203
0.29670838
0.29268366
0.29048783
0.29417044
0.29184625
0.29362297
0.29362154
0.29172584
0.29007304
0.29255113
0.28952876
0.28797624
0.28969398
0.29073587
0.29095307
0.28965798
0.28556734
0.29154193
0.28377166
0.2867289
0.2843111
0.29018188
0.2887009
0.28145596
0.2857054
0.28518996
0.28760874
0.2824712
0.28538376
0.28831297
0.28278008
0.28998005
0.2853989
0.2813641
0.28714445
0.28448716
0.2843797
0.28925207
0.2851571
0.27986312
0.2849823
0.28882506
0.28767318
0.28383556
0.2854764
0.29277974
0.29024604
0.2862946
0.28837347
0.28331298
0.2836908
0.2828705
0.28746012
0.27921996
0.2874173
0.28804928
0.28275687
0.28361705
0.28119978
0.28297615
0.2873675
0.28595358
0.28103733
0.29046077
0.28338772
0.29089627
0.28388703
0.2853323
0.2846568
0.28798586
0.28775772
0.2850752
0.28196228
0.2791039
0.2897336
0.285172
0.28423774
0.28454947
0.2862844
0.28486285
0.29205033
0.28881216
0.2878143
0.2844588
0.2816092
0.28117087
0.28912473
0.28758952
0.28593788
0.28610831
0.2856144
0.28550547
0.2850723
0.28608903
0.28619823
0.2842807
0.28637365
0.28888416
0.28429386
0.29289716
0.2900512
0.2920485
0.28573233
0.28788593
0.2853637
0.28748804
0.28859058
0.2822538
0.28263682
0.2834454
0.29035038
0.2867963
0.2855689
0.28367123
0.28730103
0.28802842
0.28746542
0.2813128
0.28502384
0.28204194
0.28431693
0.28143305
0.28205946
0.2863471
0.28109992
0.28116107
0.2780059
0.28553167
0.27899912
0.2819868
0.28266355
0.28494194
0.28549692
0.28113532
0.28800288
0.28307286
0.28610805
0.28914043
0.2892205
0.28147706
0.2839397
0.28318545
0.28452435
0.28464848
0.28252062
0.2877779
0.28966993
0.28642803
0.28759095
0.28527045
0.2827994
0.28233886
0.28435087
0.289392
0.28124323
0.2862276
0.28652695
0.28552952
0.28688633
0.28189492
0.28498697
0.27718323
0.28074342
0.2803065
0.2815771
0.28225845
0.27849397
0.28123522
0.278356
0.27752954
0.27381027
0.27644044
0.2783708
0.2742713
0.27638254
0.2774995
0.27778807
0.27377564
0.27533898
0.27632397
0.27629328
0.2742749
0.27089897
0.27673146
0.27436066
0.2723536
0.27185893
0.274462
0.27369055
0.27402195
0.26983654
0.27489597
0.27425784
0.27357993
0.2706831
0.26863924
0.2738289
0.27263775
0.27409533
0.2707959
0.27100217
0.27119055
0.274879
0.2697287
0.26955062
0.27132863
0.26964813
0.27106985
0.26693505
0.27012715
0.270909
0.27593058
0.2728012
0.27154994
0.2706698
0.26842856
0.26825514
0.26985317
0.26951933
0.27027646
0.26949802
0.26682925
0.27252707
0.2664202
0.26922423
0.26646802
0.2744781
0.27093235
0.27058917
0.27119258
0.26848033
0.27174562
0.26903442
0.27236667
0.2728257
0.26612923
0.26798666
0.26284763
0.26848215
0.2653041
0.26741415
0.26948777
0.26295096
0.26806292
0.27243927
0.2674687
0.2659711
0.26589575
0.2628801
0.26122504
0.26431134
0.2649342
0.26257566
0.26863056
0.2635196
0.26550126
0.26231948
0.2657298
0.2585937
0.26334321
0.26220948
0.2591433
0.2589146
0.25949436
0.26170012
0.2625902
0.2612553
0.2642298
0.25937673
0.26195014
0.25798684
0.2588138
0.26167297
0.25661197
0.26100183
0.26062974
0.263371
0.26102573
0.2551178
0.26131517
0.26065087
0.2582402
0.2582855
0.25821197
0.25757954
0.2559991
0.25924876
0.2612312
0.2599478
0.25618997
0.26211035
0.25461262
0.2556581
0.25693783
0.2606423
0.25716797
0.25731942
0.25642353
0.25565824
0.25780335
0.2549617
0.25854054
0.25782818
0.2576725
0.25855738
0.25691044
0.25762716
0.25638172
0.2547256
0.25541928
0.25772956
0.25963998
0.25414565
0.2549088
0.26563781
0.2582481
0.26224917
0.25701022
0.26070812
0.2588175
0.25431374
0.25666937
0.25730312
0.2598903
0.26176766
0.25703293
0.25394976
0.25535625
0.25884867
0.25387177
0.25927526
0.25658658
0.2589699
0.25474685
0.25946543
0.25923303
0.25531587
0.2581763
0.25534156
0.25850248
0.25759143
0.260372
0.25872064
0.2610992
0.26515046
0.25737968
0.2574786
0.2591488
0.25875413
0.2595954
0.25698325
0.26326725
0.2593279
0.2562553
0.25606483
0.25841334
0.25876114
0.26019293
0.25778016
0.26137432
0.25801522
0.26034757
0.25651452
0.25904983
0.25823197
0.25800136
0.26239142
0.2551465
0.25807673
0.25929785
0.26241437
0.26000977
0.26808912
0.26486474
0.2603671
0.2586709
0.26327515
0.26341513
0.26472068
0.25913048
0.26214635
0.26336232
0.26561385
0.2615369
0.25848272
0.26075035
0.26555485
0.2619064
0.26890716
0.25900194
0.26148385
0.25908098
0.25670457
0.26321188
0.2634015
0.25615132
0.260778
0.2575319
0.2564644
0.25611335
0.25807467
0.25751776
0.2613788
0.25497478
0.25562346
0.26095697
0.26157227
0.25597447
0.26285785
0.26005864
0.26317164
0.25799033
0.2569097
0.26065445
0.2623401
0.25815696
0.25361398
0.25985077
0.25683933
0.2587295
0.25508216
0.2562658
0.25610012
0.25746924
0.2584553
0.25656202
0.26005626
0.25560346
0.25011927
0.2568384
0.2534867
0.25896904
0.25446382
0.25865218
0.26490468
0.25817695
0.2563768
0.25467986
0.26036885
0.25639996
0.25955522
0.25937194
0.2536333
0.25883675
0.2567418
0.25908893
0.25711206
0.259491
0.25709823
0.26155838
0.26033843
0.2521991
0.25925857
0.2567816
0.25745305
0.25593078
0.26744446
0.25852004
0.25506207
0.25719124
0.2583222
0.25608307
0.25490367
0.25815043
0.25993583
0.2600862
0.25850284
0.25709283
0.25365856
0.26348323
0.2530879
0.26198715
0.25854996
0.25902936
0.2578769
0.25937855
0.25765598
0.25805664
0.2580863
0.25709155
0.25640786
0.25564498
0.25590163
0.25182828
0.24733981
0.25323686
0.25208881
0.2555189
0.2553929
0.25855953
0.25650457
0.255978
0.25272506
0.25598037
0.25505733
0.2507795
0.24910255
0.25386587
0.2501188
0.2561542
0.24831684
0.24974903
0.25613236
0.25638032
0.25082588
0.25088271
0.2519128
0.24848776
0.2524491
0.25613427
0.25572762
0.24996859
0.251252
0.2504214
0.2576564
0.25049022
0.2539105
0.2568465
0.2527727
0.25712237
0.25152552
0.251751
0.25186703
0.254229
0.252003
0.2505227
0.24916781
0.25529134
0.24995877
0.24930355
0.2499096
0.2509305
0.25476512
0.25036496
0.24836658
0.24678569
0.24808851
0.24497342
0.24720767
0.24694094
0.24331169
0.24656579
0.24278961
0.24661535
0.24794173
0.24204585
0.24741368
0.2454882
0.24418704
0.24279924
0.24198416
0.2435031
0.24706598
0.23940618
0.24421477
0.24430753
0.24485025
0.24424429
0.24636033
0.24262428
0.23956254
0.23781559
0.24373329
0.23872696
0.23768207
0.23672445
0.24169351
0.24062605
0.24167307
0.23825863
0.23984241
0.24062042
0.23962538
0.24145691
0.23789693
0.2378858
0.24151696
0.24087898
0.23805332
0.23883572
0.23654489
0.23924658
0.23323053
0.23794939
0.24121158
0.23606582
0.23421556
0.24035993
0.23411609
0.24026293
0.23847462
0.23990473
0.24467798
0.23577514
0.23730192
0.23787415
0.24092118
0.23773965
0.2408098
0.23981558
0.2401239
0.24023044
0.24149154
0.2461253
0.23917511
0.24090278
0.23830546
0.23672429
0.24130467
0.2373141
0.238155
0.23462488
0.23868218
0.24190944
0.23724855
0.24023011
0.23937233
0.23961891
0.23948635
0.24002777
0.23573449
0.23794435
0.24057339
0.24212986
0.23576634
0.2334589
0.2365155
0.23915423
0.23840834
0.23732248
0.23407511
0.23634174
0.2353466
0.23320827
0.23739982
0.23163922
0.23215869
0.22966821
0.22923723
0.23190138
0.23263086
0.23542164
0.23254204
0.23061544
0.23001033
0.22578849
0.22741367
0.22854756
0.22564992
0.23003559
0.23014629
0.22470698
0.22786711
0.22612888
0.22624265
0.22423775
0.22671176
0.22789466
0.22365712
0.22490583
0.22246544
0.22467273
0.2301345
0.22141962
0.23280065
0.22686787
0.22727117
0.22853194
0.22417642
0.22613151
0.22636297
0.22661321
0.2250454
0.22605574
0.22816728
0.22799051
0.2260105
0.22552316
0.22755411
0.22334796
0.22403264
0.22640792
0.22976813
0.22290298
0.22700804
0.22641316
0.23305804
0.22051309
0.22112505
0.22393417
0.22572556
0.21749721
0.22207077
0.22410212
0.22147578
0.2199156
0.22875561
0.2216865
0.21925433
0.22322501
0.22483487
0.22570617
0.2202851
0.21531172
0.2222366
0.21847703
0.21979947
0.22297047
0.21962334
0.22160667
0.22126423
0.22534244
0.22545518
0.2158486
0.2192111
0.22455786
0.22240742
0.22749104
0.2233275
0.22394365
0.22624338
0.22187729
0.22158614
0.22172272
0.22108127
0.2247868
0.22136109
0.21854523
0.21795505
0.22533105
0.21796669
0.22375147
0.2199101
0.2180094
0.2223819
0.22221282
0.21979967
0.22301947
0.21954396
0.22284347
0.21497558
0.2213559
0.22153835
0.21845916
0.21726836
0.22454944
0.22332871
0.22308038
0.21972534
0.21923798
0.22243176
0.22045104
0.22695068
0.22234248
0.22037162
0.22702396
0.22583163
0.22503898
0.22571723
0.21676281
0.22503978
0.22428325
0.22232507
0.22495657
0.21937878
0.21759667
0.22220697
0.22307976
0.22283188
0.22045085
0.21672186
0.22279483
0.22352585
0.22326748
0.22530596
0.22196615
0.22190244
0.22121236
0.22347632
0.21606125
0.2158505
0.21904899
0.22002323
0.22608636
0.22682622
0.22214559
0.22345814
0.2228821
0.21654887
0.2244034
0.21761276
0.22094853
0.22100936
0.22237284
0.21913344
0.21913697
0.22317374
0.22080691
0.2246102
0.21679907
0.22034276
0.22318618
0.22119139
0.21397975
0.22154899
0.22027197
0.21514304
0.21891835
0.21738334
0.21652097
0.21553023
0.21470101
0.21310544
0.22098343
0.21878454
0.22001307
0.2217354
0.21868062
0.21757682
0.21418838
0.21489105
0.21512778
0.21141642
0.21557571
0.21194902
0.21226607
0.21935987
0.2102548
0.21683234
0.21034786
0.20903423
0.21343169
0.20653075
0.21399082
0.20994125
0.21088706
0.20738849
0.20970954
0.2081568
0.20654786
0.20780256
0.20832431
0.20836197
0.20623876
0.2146527
0.20623404
0.20979472
0.21105139
0.20421796
0.20308886
0.20697321
0.2075709
0.20575543
0.20507096
0.21022744
0.20641562
0.20361333
0.20945276
0.20754999
0.20771118
0.20598432
0.20074092
0.20382866
0.20534715
0.20426692
0.20218758
0.20705783
0.20244165
0.20241506
0.20205748
0.20043352
0.2038235
0.20088327
0.20528208
0.2005104
0.20247386
0.20210123
0.20534304
0.20468448
0.2012194
0.2035385
0.21034537
0.20245332
0.20621903
0.19989246
0.1967089
0.20002082
0.20812961
0.20141108
0.20482396
0.20310058
0.206384
0.20252329
0.19842875
0.20502087
0.20152104
0.20039558
0.2037313
0.20105751
0.1988732
0.19812371
0.2025434
0.2042184
0.19833261
0.20481859
0.20448118
0.2037463
0.2015645
0.19839324
0.19649781
0.20079039
0.20323147
0.2045943
0.2018805
0.20268175
0.20657015
0.2047973
0.20719817
0.19853674
0.19966969
0.2040097
0.20944172
0.1996817
0.20261508
0.20153135
0.20532626
0.20411937
0.20626988
0.20463815
0.20701581
0.20662218
0.20626715
0.20615493
0.20518205
0.2035435
0.20481488
0.2065412
0.20413122
0.20143293
0.20312528
0.20780596
0.20326822
0.2008624
0.20697969
0.20409416
0.20993207
0.2083678
0.2100388
0.20358495
0.20460245
0.20599708
0.20699163
0.20740901
0.2030656
0.21192993
0.20910311
0.20727777
0.20718613
0.20646037
0.20606188
0.20299736
0.20882861
0.20144601
0.20331718
0.19892858
0.211382
0.20206398
0.20424666
0.20062836
0.19961768
0.20522553
0.20150466
0.19609216
0.19516565
0.20209411
0.20093007
0.20172037
0.19869979
0.20455484
0.20281932
0.20108321
0.20165662
0.19915602
0.19789386
0.19596383
0.19872081
0.2055791
0.202658
0.2083356
0.20716874
0.19865583
0.20288202
0.20713288
0.1992656
0.19902827
0.20283626
0.1985332
0.20249607
0.20231639
0.20053081
0.20394136
0.20339261
0.19400926
0.2041315
0.19896239
0.19905424
0.19552755
0.20076476
0.20036756
0.20180464
0.19674447
0.1937115
0.19336097
0.1971126
0.19609277
0.19448392
0.19969928
0.19439723
0.19599625
0.19044782
0.19243608
0.18733935
0.19055066
0.19033107
0.19241032
0.191147
0.19152372
0.18914194
0.19651285
0.19418916
0.19644511
0.1935721
0.19122264
0.19204849
0.19223286
0.1971171
0.19395599
0.19050397
0.19136679
0.19476712
0.19255918
0.18884061
0.1924427
0.19377992
0.19253662
0.19532797
0.1978102
0.19280194
0.19598007
0.19409546
0.19127834
0.19079103
0.19466706
0.19363461
0.1952108
0.19349417
0.1970016
0.19884834
0.19008385
0.19319774
0.19746754
0.1995654
0.19310254
0.19945182
0.19116572
0.195724
0.19864303
0.19405453
0.19592674
0.20091255
0.2020386
0.19578713
0.19654952
0.19401638
0.19093494
0.19240844
0.19147688
0.20083092
0.20085607
0.1952268
0.19960976
0.19674213
0.19746228
0.19524606
0.19414583
0.19928546
0.20092437
0.1920678
0.19425537
0.20055944
0.19881503
0.19812416
0.19875027
0.19428654
0.19567366
0.19769461
0.20144719
0.19703881
0.19577283
0.1952421
0.1981877
0.20052893
0.19434711
0.19316407
0.19580793
0.1987872
0.19594663
0.19556916
0.20026411
0.19734782
0.19616337
0.19256338
0.19738324
0.19514956
0.18964098
0.19461843
0.19402222
0.19435468
0.19036514
0.19959967
0.19444501
0.19418788
0.1929714
0.19246222
0.19193324
0.19863893
0.19038746
0.19360186
0.19145952
0.19277488
0.19724049
0.19413309
0.1901724
0.19590841
0.19431292
0.19361776
0.19548398
0.19419245
0.19486839
0.19216906
0.19643155
0.19907048
0.19610563
0.20101495
0.1879481
0.19346562
0.19415158
0.19579698
0.19373931
0.19719273
0.19327086
0.19132663
0.18704443
0.19368999
0.19230106
0.1931344
0.19242008
0.19209376
0.1932814
0.19424643
0.19148076
0.1934599
0.1903443
0.1924193
0.19006208
0.19433217
0.19143867
0.19307794
0.19493695
0.19401084
0.19670905
0.19204478
0.19637412
0.20214845
0.19777004
0.19761112
0.19438821
0.19068556
0.18891056
0.18974583
0.19138095
0.19499776
0.19434263
0.19593316
0.18836328
0.1937209
0.19778335
0.19409777
0.19989291
0.1950064
0.19206043
0.19115129
0.18828376
0.18841755
0.19276267
0.19179618
0.1926984
0.18803449
0.18324065
0.18806642
0.1895773
0.19155622
0.19032855
0.18541962
0.18788117
0.18451978
0.19006866
0.18746161
0.18412845
0.18530644
0.18439566
0.18562461
0.18787977
0.18419112
0.18628515
0.1914783
0.18539093
0.18417042
0.1805392
0.18537058
0.19032401
0.18159267
0.1921311
0.18770877
0.19074456
0.1862918
0.18389271
0.1847107
0.18697949
0.19470458
0.188425
0.1853785
0.18848883
0.19265337
0.1828665
0.18373474
0.18785495
0.18668191
0.18783242
0.19010623
0.18477122
0.19153032
0.1906404
0.18806241
0.18890011
0.18498987
0.18698852
0.18589623
0.19365793
0.18433414
0.18791316
0.1829755
0.18514673
0.1865489
0.1839727
0.17950553
0.1815702
0.18473077
0.1828767
0.18317842
0.18330908
0.18345292
0.19361232
0.18236504
0.18602617
0.18371521
0.1828722
0.18663669
0.18728079
0.1845996
0.18468674
0.18888426
0.18730417
0.18511072
0.17741247
0.18550467
0.18114434
0.18371627
0.19012226
0.17974317
0.18229908
0.18640545
0.18202735
0.17739359
0.18099585
0.18795717
0.18035205
0.18676217
0.18373552
0.1825851
0.18477553
0.182419
0.18368322
0.18504207
0.1784924
0.17621416
0.1811536
0.18418775
0.18307817
0.18549834
0.18490669
0.18409485
0.18360884
0.18444864
0.18509203
0.17930205
0.18649639
0.1823733
0.182943
0.18320002
0.17869726
0.18278539
0.18668202
0.18165137
0.17958929
0.17460985
0.18036188
0.1816362
0.17684403
0.18134013
0.17751098
0.17919593
0.17948337
0.18214603
0.18363878
0.18025614
0.17812675
0.18150929
0.18198666
0.18252768
0.17853111
0.18067999
0.18020393
0.18847579
0.1818121
0.18078195
0.17886882
0.18062784
0.18089868
0.18211173
0.18226312
0.17737886
0.18322504
0.17642567
0.18288885
0.18031037
0.18051213
0.18345764
0.17912996
0.18298227
0.18507458
0.18176739
0.18595874
0.17989372
0.18075566
0.18590438
0.1805624
0.18501788
0.1791713
0.1794696
0.17860615
0.18189122
0.18274428
0.18087518
0.18222608
0.18108395
0.18522264
0.18638125
0.17954192
0.17956133
0.18511087
0.18070512
0.17744544
0.18064423
0.17813152
0.1739967
0.17733634
0.17864978
0.17876253
0.18252271
0.17756659
0.17564587
0.1868623
0.17858782
0.18073079
0.17730865
0.18013932
0.17197938
0.18030442
0.17480993
0.17601585
0.17668287
0.17625107
0.1827145
0.17492664
0.17910196
0.17350169
0.17958353
0.16998644
0.1836977
0.1686446
0.17300837
0.17570578
0.17315866
0.17775248
0.17794643
0.17731999
0.17281844
0.17502764
0.17043555
0.17621091
0.17306383
0.1774026
0.17864394
0.17202833
0.17629875
0.17329347
0.16930723
0.17515779
0.17511001
0.17451087
0.16842286
0.17258592
0.17599358
0.17653559
0.17673934
0.16966437
0.17579167
0.17196506
0.17004418
0.17505425
0.17521845
0.17178877
0.17164905
0.17440896
0.17361096
0.17223696
0.17309505
0.17363286
0.171028
0.17232855
0.17277235
0.17073685
0.17301868
0.1681163
0.17129433
0.16997562
0.17345142
0.175179
0.17159107
0.17209403
0.16901614
0.16762546
0.17192747
0.17233777
0.16436513
0.16779561
0.1684113
0.16825981
0.16945471
0.17141636
0.1722229
0.17226416
0.16851784
0.17399456
0.16646862
0.1688986
0.17601931
0.16910763
0.16899252
0.17084485
0.17047034
0.17148131
0.16735339
0.17394017
0.16936621
0.16811343
0.16720328
0.17300813
0.16353512
0.16733782
0.16853622
0.16952507
0.16884713
0.16570392
0.16504556
0.16587256
0.1632451
0.16676807
0.1645152
0.16386396
0.16330063
0.16811651
0.16735066
0.16731827
0.16889845
0.16421235
0.16539238
0.16313772
0.16713035
0.1666083
0.16848126
0.16188866
0.16811399
0.1595128
0.16128413
0.16621609
0.16793069
0.1586189
0.16481908
0.16764438
0.16751723
0.16705392
0.16728522
0.16338404
0.16470861
0.16418846
0.16427146
0.16180281
0.16631387
0.16544607
0.16150379
0.1674589
0.1630167
0.16776852
0.1610279
0.16643894
0.16670792
0.16723347
0.16388005
0.16423692
0.16258338
0.17098793
0.16212429
0.15876083
0.15971917
0.16389774
0.16262121
0.16006324
0.16360386
0.1658223
0.1638483
0.16574538
0.16478345
0.16426225
0.16690312
0.16649409
0.15966862
0.16110007
0.1638626
0.15900621
0.16086283
0.16105339
0.16189654
0.16519175
0.1603268
0.16554144
0.16320004
0.16189371
0.16770682
0.16435613
0.15891725
0.16072036
0.1577151
0.15839122
0.15826826
0.16148242
0.16269565
0.16255596
0.16621482
0.16062337
0.16330577
0.16073224
0.15956281
0.16539907
0.16198443
0.15848368
0.15769857
0.15630998
0.15900342
0.16090776
0.16202088
0.1616333
0.15877269
0.15809138
0.15751204
0.1567312
0.15155147
0.15811521
0.15658903
0.15830684
0.15536611
0.16100812
0.1555145
0.15296547
0.1634218
0.15787709
0.15392166
0.1551471
0.15620987
0.15017733
0.15379994
0.15810932
0.15301028
0.15310985
0.1521485
0.15581143
0.15281375
0.155275
0.15731439
0.15190713
0.15455204
0.15477657
0.14884831
0.15415095
0.15538263
0.15635008
0.15397409
0.15593234
0.15249264
0.15042008
0.15197025
0.14869995
0.15334415
0.1539966
0.1517603
0.15455642
0.15646492
0.14962855
0.15520914
0.15089282
0.1519553
0.15145798
0.15449975
0.1529791
0.15272416
0.15797044
0.14794427
0.1541176
0.14718598
0.15198433
0.15473692
0.15081382
0.15916817
0.15084071
0.14909162
0.15014085
0.14816456
0.14904071
0.15368539
0.15262732
0.15343823
0.15066771
0.15264507
0.1508732
0.15855579
0.15163668
0.14685315
0.15165159
0.14815876
0.15366659
0.14598891
0.14447361
0.14837886
0.15136398
0.15182614
0.15248339
0.14911786
0.14643848
0.14433384
0.1495249
0.14931987
0.14896984
0.15275145
0.15787137
0.14788246
0.14978161
0.15329893
0.14585435
0.15361126
0.15171926
0.15261745
0.15136977
0.14533277
0.14750943
0.1479641
0.1504984
0.1521047
0.15181032
0.1537147
0.15429714
0.15807703
0.15337507
0.14792009
0.15339741
0.153325
0.15061697
0.1506112
0.15133587
0.14925401
0.15327035
0.14813633
0.14573908
0.15343833
0.15195043
0.1449954
0.15026677
0.14824
0.15149373
0.14844033
0.14748517
0.15305904
0.14475302
0.14585939
0.14891613
0.14787106
0.15545145
0.15320604
0.14680026
0.15240726
0.14771484
0.14760727
0.14439791
0.14630428
0.14620586
0.15138172
0.13954823
0.14833549
0.14532918
0.14687839
0.14620662
0.1408953
0.14049824
0.14772254
0.14137655
0.14690556
0.14504053
0.14769724
0.14237517
0.14325522
0.14488916
0.14208384
0.14561309
0.1387779
0.13959087
0.14279588
0.14229931
0.14317273
0.14505719
0.14165656
0.1397242
0.1463114
0.14369555
0.14446856
0.14332232
0.14282154
0.1427945
0.1391774
0.14445871
0.14045613
0.1443338
0.13734177
0.14637882
0.13880216
0.13943918
0.13932706
0.13937536
0.14546661
0.1428067
0.14328735
0.1460525
0.13949151
0.13638534
0.13621823
0.13905883
0.14168021
0.13932791
0.13949163
0.13807064
0.14288571
0.13861194
0.13645871
0.1409273
0.14418943
0.13836077
0.13841233
0.14276464
0.14170702
0.13909523
0.14055993
0.1386992
0.14476013
0.13659766
0.14392161
0.14579651
0.13848792
0.13995975
0.14432101
0.13957356
0.13849519
0.13702096
0.13586293
0.14220423
0.14274736
0.13894814
0.13800022
0.13815156
0.14348064
0.13465193
0.13975413
0.14004235
0.14458188
0.1391468
0.13239379
0.13517928
0.14109612
0.13342144
0.131524
0.13801487
0.13083988
0.13695449
0.1348015
0.13440283
0.13683058
0.13865715
0.13763554
0.13244821
0.1332294
0.13651067
0.13529404
0.13636091
0.1379143
0.13162163
0.13599148
0.13343582
0.13046023
0.13289139
0.12999307
0.13841738
0.12948243
0.12639078
0.12804548
0.13577916
0.12556909
0.1347588
0.13554057
0.13679995
0.12990077
0.12845285
0.1279853
0.13280508
0.13300854
0.13327678
0.13460746
0.13002333
0.13072489
0.12892845
0.13079579
0.13209593
0.12693518
0.13040769
0.13390145
0.1363669
0.12759508
0.13576144
0.1315555
0.132141
0.1269942
0.1293225
0.13141033
0.12623623
0.13499902
0.13178326
0.1324214
0.13880426
0.12875473
0.13506545
0.13271394
0.1307523
0.12944387
0.13255247
0.1325525
0.133376
0.13364106
0.13317305
0.13597925
0.13423918
0.13475482
0.13343295
0.13643163
0.1336728
0.133485
0.13415813
0.13057517
0.13028248
0.14026093
0.12857653
0.13081071
0.13332981
0.1331247
0.13082714
0.13125804
0.13194199
0.1341418
0.12857883
0.13156123
0.12925526
0.1343497
0.12456636
0.12735903
0.12504834
0.13177803
0.12858264
0.13289091
0.121237226
0.12624177
0.13486357
0.12542982
0.12557484
0.122480646
0.121881776
0.12139522
0.13396806
0.1244122
0.12602992
0.12773292
0.12601686
0.1290732
0.1296735
0.12890305
0.13044624
0.13112995
0.122709274
0.12783396
0.12709579
0.12603083
0.13354309
0.12845653
0.13211995
0.13123992
0.13101132
0.13027634
0.12789917
0.12786686
0.1314466
0.12668487
0.13336353
0.13025826
0.12722635
0.12847948
0.12945454
0.12778889
0.12786306
0.12736665
0.13408221
0.12490581
0.12979935
0.13028577
0.12859727
0.12792474
0.12592489
0.12799329
0.12913305
0.13320148
0.12881455
0.1286816
0.13592675
0.13600847
0.13287026
0.1330571
0.12440472
0.1354047
0.12860082
0.12903301
0.13273092
0.1281123
0.13115019
0.12791912
0.13691898
0.13301367
0.12628867
0.12909807
0.12984078
0.13356116
0.1314266
0.12922172
0.12742718
0.1351889
0.12890202
0.13517332
0.12812792
0.12930733
0.13127297
0.12557632
0.12976457
0.13107854
0.12973778
0.13407008
0.120691165
0.12718748
0.12922715
0.1257825
0.12717645
0.12549789
0.12396545
0.12656915
0.12872082
0.124765046
0.12768698
0.12727448
0.12479664
0.12903827
0.12572122
0.12812716
0.12707959
0.12617908
0.13300347
0.13102047
0.12883368
0.124829836
0.12477983
0.11968053
0.12389383
0.13543774
0.13336319
0.12802507
0.1337899
0.1279852
0.12565377
0.12628925
0.12200991
0.12606266
0.12636259
0.123208165
0.11971394
0.12511018
0.12197614
0.123561695
0.1272916
0.12347434
0.12229344
0.12490737
0.12719291
0.12877175
0.12367661
0.123317756
0.12856607
0.12748672
0.120205685
0.12530282
0.12389231
0.12833788
0.12514435
0.12550001
0.124943696
0.12474913
0.12245188
0.12897375
0.12391197
0.12596513
0.12977579
0.1249397
0.120270036
0.12343752
0.12669808
0.11714932
0.1241463
0.13256636
0.12154935
0.12220989
0.12987125
0.1255534
0.12410345
0.124546565
0.12622616
0.1264916
0.11823602
0.1206963
0.12701373
0.122873075
0.12647957
0.123811215
0.12102574
0.11925
0.12638374
0.12317747
0.12127647
0.12167712
0.12056229
0.12046818
0.12445201
0.12076048
0.11986554
0.1219161
0.11960289
0.124889456
0.1180506
0.12914707
0.12792224
0.12555985
0.12637913
0.12578884
0.120469056
0.12083659
0.12285892
0.12592044
0.12231673
0.11676665
0.12477835
0.120659396
0.12279331
0.12239611
0.12462499
0.11555348
0.12272051
0.123933084
0.120761946
0.121225566
0.12353336
0.12334208
0.12714608
0.122508906
0.122311056
0.11743073
0.1199778
0.12406521
0.12187551
0.1226729
0.12283283
0.12180242
0.12936844
0.12583964
0.1184401
0.12269865
0.12221115
0.1156855
0.117182866
0.11813483
0.12108565
0.12286562
0.121101715
0.12055366
0.12538537
0.122310296
0.118929066
0.119933456
0.11784426
0.1231108
0.12472304
0.11883368
0.1254619
0.12543678
0.123951875
0.12166757
0.11964927
0.12360819
0.12304822
0.119332455
0.12664951
0.12215798
0.1280033
0.1235088
0.1271327
0.12353082
0.12139375
0.12054587
0.12315464
0.11504324
0.11454764
0.12126506
0.11549035
0.11858684
0.11671739
0.123996384
0.11926475
0.12305975
0.11922088
0.11397195
0.12415354
0.12482718
0.11763919
0.12435805
0.122659095
0.11181619
0.12250931
0.12538345
0.11893242
0.11598751
0.121196024
0.12049814
0.11616412
0.1104992
0.1178275
0.11313414
0.11469306
0.11527932
0.117864296
0.11487989
0.12019592
0.11740456
0.11439034
0.1179223
0.11597758
0.11349592
0.11797922
0.115690716
0.120952114
0.115037985
0.11744352
0.1188856
0.120266505
0.11496745
0.119248845
0.11507023
0.121883124
0.12269747
0.11237012
0.11482743
0.11063311
0.11299203
0.11207358
0.10878374
0.115546495
0.11107053
0.11483379
0.11223276
0.1117731
0.10635238
0.11169384
0.111444905
0.10716471
0.11358427
0.10779472
0.1088926
0.108218625
0.105703056
0.11181559
0.102633186
0.10197558
0.104612716
0.11397263
0.10846195
0.109490134
0.1079082
0.10374311
0.10901978
0.1080869
0.10810774
0.10741666
0.1018042
0.103471614
0.1014972
0.10932152
0.106120594
0.10735458
0.106979385
0.10943844
0.09959885
0.10152017
0.10173002
0.10326362
0.10479144
0.108702764
0.10660646
0.10111102
0.104331575
0.1083775
0.101734005
0.102415234
0.103486456
0.103601195
0.10354113
0.104268424
0.108101375
0.10857172
0.1021441
0.11218303
0.10512019
0.107064426
0.10239812
0.10250787
0.104276046
0.10838725
0.10371113
0.1098704
0.106786214
0.1110694
0.1042691
0.099850416
0.10491591
0.1046535
0.10723703
0.10319884
0.10219871
0.10686647
0.10470643
0.105085
0.10459733
0.10330277
0.10601868
0.10671394
0.1038222
0.10154541
0.10754653
0.09845827
0.10723612
0.096894406
0.1042313
0.10464456
0.09782248
0.105239645
0.10170327
0.10242717
0.10651634
0.102779604
0.09889311
0.104553916
0.10529851
0.10559424
0.10117948
0.10795459
0.10205237
0.1080515
0.09948977
0.10013475
0.10391491
0.100665614
0.10089104
0.10228683
0.10426371
0.10537344
0.102486745
0.106132224
0.09616673
0.103615634
0.104636356
0.10438786
0.10148103
0.100087956
0.102807835
0.10190784
0.106193945
0.09910732
0.10559118
0.10203202
0.10611961
0.10172778
0.1049932
0.09844417
0.10650116
0.10046736
0.10375694
0.100006275
0.1051878
0.10978166
0.10194133
0.10350103
0.10053977
0.10558391
0.10309832
0.1116751
0.10269422
0.10400074
0.11006994
0.103241846
0.10376124
0.11238411
0.10996393
0.114455976
0.10793192
0.10420797
0.10743915
0.10803023
0.11500318
0.11000924
0.10599176
0.10614072
0.10575736
0.10627951
0.10870879
0.11415541
0.10872234
0.10466502
0.10610493
0.107048
0.10269989
0.11020186
0.11193772
0.106084466
0.10827092
0.10950127
0.10611365
0.11037708
0.11452939
0.10438348
0.10680368
0.10258317
0.10036163
0.112963304
0.10691926
0.106429584
0.11021956
0.11060491
0.10635886
0.102005154
0.10700035
0.11088334
0.10434989
0.10984426
0.1090539
0.10094615
0.10890768
0.10280584
0.10854647
0.10723837
0.105280645
0.105873786
0.10352139
0.10788508
0.10245187
0.10974031
0.115280084
0.1166151
0.110542856
0.10943556
0.10363436
0.10964211
0.106321424
0.10641654
0.103786126
0.10946129
0.11333497
0.10577145
0.10320086
0.10274576
0.1043964
0.107212484
0.108655415
0.11018176
0.10430378
0.10501727
0.10079418
0.110092945
0.10850604
0.099303
0.10742813
0.11072402
0.10423015
0.10689754
0.10662198
0.10485605
0.10502801
0.100891545
0.108989306
0.10283592
0.101682544
0.10516176
0.10138337
0.10003737
0.09796147
0.09654539
0.10353578
0.10929339
0.10083863
0.09887428
0.098198995
0.099241376
0.09986839
0.098511435
0.09433005
0.102937475
0.100332156
0.10140445
0.094172314
0.09969836
0.09785465
0.09660425
0.10027498
0.09370298
0.095057845
0.0992954
0.09694025
0.096702136
0.099649765
0.099797726
0.100227274
0.09052732
0.08922115
0.09485326
0.09871937
0.09746645
0.09585309
0.091995224
0.09442771
0.09228226
0.097965024
0.09918669
0.09630429
0.094282426
0.099440604
0.101439305
0.098475605
0.10063368
0.09459743
0.09677907
0.0957351
0.10076459
0.100201465
0.09599486
0.10022584
0.10066376
0.10512022
0.09840174
0.10051221
0.09852546
0.10027116
0.09736529
0.0951161
0.10072158
0.100115955
0.10166193
0.09639346
0.105552346
0.09835089
0.10025456
0.10704226
0.09741118
0.102613665
0.10016366
0.09798532
0.09842096
0.09896122
0.10042638
0.10388327
0.10091572
0.10041874
0.1017871
0.104983844
0.09846855
0.105542555
0.09850604
0.09738144
0.09615801
0.09892807
0.099364564
0.09832029
0.09527358
0.10017218
0.10229623
0.095568284
0.103019185
0.09656419
0.1024913
0.09901222
0.09722891
0.099798754
0.10579098
0.09908602
0.10160881
0.10459542
0.1000229
0.09578465
0.100134864
0.1029357
0.103390835
0.094031304
0.0974825
0.09831178
0.09041743
0.09235944
0.09771621
0.09938974
0.09439177
0.09625344
0.09370495
0.09573731
0.09822934
0.09154392
0.08894893
0.09608811
0.087932184
0.09125473
0.0933534
0.09722039
0.09580202
0.09097241
0.093373254
0.09599258
0.097546555
0.096554734
0.094927445
0.09511048
0.0918178
0.09335007
0.08882559
0.09242927
0.08907113
0.09637954
0.093387105
0.091250435
0.0964035
0.0991913
0.089574605
0.08694396
0.09480962
0.09048419
0.09511173
0.096877016
0.08795968
0.093487635
0.093021154
0.09414611
0.09223997
0.08981721
0.08917776
0.09396487
0.096701056
0.101473086
0.09362852
0.09438798
0.091182835
0.092886895
0.09341153
0.09225928
0.08873464
0.091192216
0.089217566
0.09740145
0.09436626
0.08518215
0.09447236
0.092052
0.092473604
0.09709161
0.09850725
0.099938534
0.0920536
0.0899296
0.097216
0.094649956
0.09692274
0.09165457
0.093725696
0.09273228
0.09474705
0.09492628
0.09103726
0.09599822
0.09691435
0.09777676
0.0909272
0.09803215
0.08680636
0.09024222
0.092055425
0.09871599
0.09827327
0.09647425
0.10222571
0.08971903
0.09350968
0.09050874
0.09275265
0.08835637
0.08997361
0.096717075
0.094086245
0.090303086
0.089958705
0.09001382
0.08896095
0.08672558
0.09577188
0.08770716
0.09447451
0.09914557
0.08940092
0.09153902
0.093980126
0.08987791
0.08931628
0.09075879
0.09625104
0.085017085
0.09179468
0.09438809
0.0942817
0.089099236
0.08876928
0.0942697
0.098641865
0.09000661
0.09016823
0.09252396
0.093870975
0.098476656
0.090685815
0.09087459
0.090237506
0.09733523
0.093957394
0.09855999
0.08996701
0.08954985
0.091713265
0.09237941
0.09266455
0.08978669
0.0918989
0.09197197
0.09179614
0.08775788
0.09191749
0.0925934
0.08769055
0.09533966
0.09390281
0.08822875
0.09351202
0.08972942
0.09276233
0.08607943
0.09542475
0.09285403
0.083629236
0.08767967
0.091780595
0.09310782
0.090103336
0.08792824
0.090382285
0.0858601
0.089988254
0.090341195
0.092384964
0.08948459
0.08805706
0.090356424
0.09193498
0.089007154
0.09018076
0.08755461
0.09175302
0.0899315
0.085843004
0.08858253
0.08730749
0.09143684
0.093953036
0.088513814
0.097662576
0.09576056
0.08933811
0.094736345
0.08974148
0.09622557
0.09853918
0.096457
0.089423686
0.091348805
0.086036734
0.08736403
0.09604249
0.090677746
0.086332485
0.09727414
0.08601383
0.09598635
0.095289305
0.09765761
0.09087614
0.08539084
0.09031346
0.08633095
0.0933498
0.09528185
0.09244562
0.092799135
0.09159957
0.090293296
0.08968334
0.090019494
0.097155884
0.08658922
0.09240783
0.09080144
0.09115422
0.09439994
0.09139523
0.08745009
0.090010725
0.08631388
0.086085424
0.09010572
0.094097786
0.09428033
0.09080312
0.093067884
0.090146154
0.09492888
0.09807204
0.08652536
0.0879045
0.09181214
0.08721653
0.090414576
0.08826773
0.09548334
0.087366164
0.0832616
0.08877348
0.0848778
0.0844806
0.093358606
0.09094968
0.091510214
0.08782196
0.091788635
0.09219616
0.087828465
0.08496295
0.09178794
0.08760788
0.094298944
0.08938797
0.09848624
0.08054332
0.08999795
0.09427124
0.08791182
0.08809906
0.0839793
0.083876975
0.0926581
0.09088433
0.09301613
0.08634739
0.0878627
0.08341567
0.09392567
0.083331056
0.0859184
0.085988455
0.08768141
0.08927663
0.08574276
0.084668875
0.08439409
0.08712949
0.085159905
0.07974821
0.08296449
0.08643297
0.09689853
0.0836584
0.086465746
0.085827276
0.08327172
0.085543625
0.08379908
0.08354001
0.085299894
0.079013325
0.08112754
0.083405554
0.08008883
0.085194446
0.08445817
0.08682383
0.082783
0.080172434
0.07834767
0.07942452
0.08490739
0.087259814
0.07820827
0.08228949
0.08559343
0.080297984
0.08251304
0.08405081
0.07517376
0.083810024
0.08182421
0.08741983
0.077936776
0.086073294
0.075409755
0.08674301
0.080733985
0.08109328
0.081178896
0.089778736
0.09220063
0.07575538
0.08244567
0.08526012
0.07537787
0.081562005
0.0734471
0.07726798
0.077055514
0.07706842
0.08524806
0.07864249
0.07984044
0.07667235
0.07965061
0.08131823
0.07645696
0.07547016
0.07599266
0.0805661
0.07971286
0.07610846
0.07754989
0.076145925
0.07699795
0.07832385
0.07514871
0.08083004
0.07904141
0.07276587
0.08172851
0.08013333
0.077646986
0.0810401
0.07835461
0.07659994
0.08135281
0.07782412
0.07756187
0.0812865
0.078793995
0.07240353
0.07571009
0.08027519
0.08604635
0.077889964
0.070505366
0.07574223
0.07410501
0.07320669
0.083930805
0.073834695
0.07570698
0.07013962
0.078054
0.07811216
0.073348895
0.07406808
0.075575545
0.07083436
0.0706827
0.07942936
0.080594815
0.07248888
0.0731265
0.08245104
0.07690492
0.07487733
0.07197298
0.07821315
0.07321731
0.07740989
0.0716534
0.07730293
0.07725416
0.07062876
0.073942706
0.08120505
0.08525914
0.07761271
0.072640754
0.07781531
0.081012435
0.07907599
0.0827851
0.07545416
0.077500194
0.07387199
0.076992795
0.07961397
0.079398796
0.0788963
0.078761116
0.07652612
0.07805904
0.07608428
0.07942517
0.079587325
0.078912854
0.076840945
0.074740484
0.07367924
0.0846146
0.077205695
0.073209584
0.0800096
0.07585538
0.08149018
0.08000199
0.07545861
0.06978885
0.07236416
0.07358026
0.07701818
0.074176386
0.07516534
0.08164714
0.07969097
0.07870455
0.07165102
0.07662764
0.071398646
0.0734355
0.070847414
0.07397694
0.072765
0.076495744
0.07058893
0.07120065
0.070394225
0.07360296
0.06807204
0.08175601
0.08186186
0.070187494
0.0734141
0.068957746
0.070566244
0.07716472
0.066598654
0.07712072
0.071901076
0.07257138
0.073253445
0.07249952
0.07575999
0.07927486
0.07464872
0.07816209
0.076691106
0.07673381
0.07784072
0.07142182
0.07528773
0.08119937
0.07922401
0.08031496
0.077001624
0.074084684
0.07777455
0.07557725
0.072751045
0.07452458
0.07685999
0.075392425
0.07266187
0.077537775
0.072733305
0.07357171
0.073273204
0.07402554
0.07287745
0.07703531
0.08259683
0.07609599
0.07600477
0.076135755
0.081963494
0.07421758
0.07672042
0.070079654
0.077960424
0.08214294
0.072204515
0.07644173
0.07194977
0.07320216
0.078912884
0.07615754
0.074299835
0.07493082
0.07008967
0.064175405
0.075560436
0.07287482
0.07042512
0.07178704
0.07095248
0.069764845
0.072565995
0.07039337
0.073270924
0.074261986
0.077194154
0.071393065
0.07407102
0.07688769
0.07048312
0.07003411
0.07554927
0.078131415
0.07264148
0.07534961
0.07174322
0.07132081
0.07875735
0.081426494
0.07539084
0.06943084
0.073932424
0.076776944
0.069877245
0.07593154
0.076960824
0.079092614
0.06926543
0.08039722
0.07373956
0.07627188
0.07313406
0.079340145
0.07475673
0.076617785
0.07706695
0.07453435
0.07791954
0.07578765
0.0753348
0.08024507
0.07390791
0.0804876
0.07494356
0.07531228
0.07631258
0.07206323
0.0838845
0.07784192
0.08136693
0.07943688
0.076156065
0.07590156
0.08131487
0.07394398
0.07476496
0.076008216
0.072116755
0.0796354
0.07582419
0.06982899
0.071711116
0.07561397
0.07445609
0.07530951
0.07515949
0.07198891
0.07454498
0.070909485
0.087584436
0.0795169
0.07121109
0.074105576
0.08302827
0.07377934
0.071624905
0.07332844
0.073339105
0.07604669
0.086861506
0.064513035
0.0704861
0.08994086
0.077007614
0.08124009
0.06874235
0.07583605
0.077666044
0.07367537
0.07645754
0.07216399
0.080283225
0.07545711
0.073050834
0.07652217
0.07324424
0.07167788
0.07429034
0.07346831
0.06548834
0.066404745
0.07744472
0.06657116
0.07295865
0.07165843
0.075405814
0.0714189
0.06787744
0.066103436
0.063434005
0.07442272
0.068075575
0.06692696
0.07686979
0.07178698
0.06839968
0.07581061
0.076089315
0.07500292
0.074889444
0.06965512
0.06528106
0.07514473
0.073228225
0.07060961
0.072171755
0.07438415
0.068383485
0.07377554
0.0757601
0.07240443
0.064587295
0.076146804
0.069790825
0.07477405
0.07008915
0.0643076
0.06587799
0.06668414
0.070140146
0.068131015
0.07345076
0.075460434
0.07347331
0.066654384
0.079727285
0.071132906
0.06817801
0.06606637
0.0783349
0.07162021
0.07025215
0.06800293
0.06984529
0.07246348
0.068167634
0.069052495
0.06673924
0.07296325
0.06404145
0.06806542
0.07590861
0.06813203
0.06671321
0.069461145
0.07353566
0.068735346
0.086614944
0.06355459
0.07002019
0.06818577
0.07114116
0.06645868
0.06449116
0.07389268
0.065730914
0.06470933
0.06889555
0.06463139
0.07478049
0.0646658
0.06717978
0.06670058
0.074564256
0.06372819
0.07113801
0.07294947
0.06568301
0.069694564
0.07182934
0.06740209
0.0677641
0.06477656
0.06433635
0.0720321
0.07146977
0.06778696
0.07012162
0.06679792
0.070378415
0.06324809
0.062386155
0.06421078
0.06830416
0.0625345
0.060231328
0.061877064
0.065156534
0.062994905
0.063583665
0.06693334
0.064593896
0.0691643
0.065187946
0.06573152
0.065359354
0.06313175
0.062044557
0.06109855
0.06006371
0.06187919
0.067563616
0.061168693
0.059726324
0.060638472
0.061757907
0.06269857
0.066087365
0.06308579
0.0612933
0.060264044
0.059494555
0.05896491
0.059144855
0.060716383
0.062425192
0.06285894
0.061965488
0.061358776
0.05934703
0.058865663
0.05668874
0.058474183
0.0584269
0.0597483
0.060975984
0.06250483
0.06092715
0.059528552
0.058422305
0.060256224
0.06027521
0.060947634
0.06051966
0.05971143
0.057672616
0.059374902
0.060132723
0.063929684
0.06287929
0.06326935
0.058673903
0.058972802
0.059097726
0.062380385
0.062774256
0.06261612
0.062085956
0.06327209
0.062159866
0.06434308
0.06507225
0.06915784
0.06582477
0.06518384
0.06396192
0.06446959
0.06186862
0.061869312
0.062304415
0.063933946
0.064633824
0.06519942
0.06529867
0.063536175
0.061698314
0.06009207
0.06270468
0.061883435
0.063211836
0.061581757
0.06331514
0.062368013
0.06404173
0.06489107
0.065909505
0.06632178
0.06361329
0.06317676
0.060549643
0.06170144
0.060359754
0.061237175
0.06069727
0.0626769
0.06406287
0.06520423
0.06590293
0.066458344
0.06574038
0.06463593
0.06573611
0.06895592
0.069426425
0.06591623
0.06375324
0.064209335
0.06529886
0.065101646
0.064763084
0.06454293
0.06876485
0.07750355
0.06791289
0.064444125
0.06888837
0.06740757
0.06692789
0.062443
0.06285035
0.06273358
0.06516806
0.06375492
0.061792642
0.060855214
0.06228011
0.06309169
0.06357192
0.063306995
0.061972473
0.059936166
0.05854114
0.061011117
0.06408203
0.06616629
0.06794254
0.06712022
0.06738657
0.06427196
0.06304989
0.059654206
0.06202256
0.061978742
0.06370931
0.06392969
0.06551142
0.06600829
0.064173065
0.064138
0.06606971
0.067228876
0.06680017
0.067594156
0.06700611
0.06721792
0.067321405
0.06813444
0.06854497
0.06626701
0.067838356
0.06829343
0.06974381
0.06896583
0.07033647
0.06797976
0.06623937
0.06365456
0.068561345
0.07017809
0.07241742
0.06996023
0.07477138
0.08418277
0.074552014
0.069086336
0.06808444
0.0697813
0.07030914
0.06899834
0.07017352
0.07201284
0.07448239
0.073597215
0.07521487
0.07341417
0.072810955
0.07006416
0.06918666
0.07354228
0.08097409
0.075493336
0.07502248
0.07862766
0.08025247
0.078245655
0.07589313
0.07086187
0.07327198
0.072909236
0.081291705
0.09105549
0.07682861
0.06924565
0.06964019
0.07018001
0.070389375
0.0715105
0.07213788
0.07258626
0.07171144
0.07032044
0.0701534
0.06926123
0.0687823
0.07227175
0.07248865
0.07208387
0.070646174
0.07420605
0.074739456
0.0732378
0.070793174
0.07475617
0.07590919
0.073924474
0.07352044
0.07243736
0.07479295
0.07302542
0.07364946
0.072768144
0.071125396
0.0703584
0.07012745
0.0724408
0.07028042
0.06927366
0.066484176
0.06777515
0.06854083
0.0684743
0.06917534
0.07005246
0.07124971
0.070592344
0.07047508
0.06947715
0.06828624
0.06703942
0.06569466
0.06684207
0.06607077
0.070068404
0.065806836
0.06733899
0.06502836
0.06800825
0.06632464
0.06286023
0.06596982
0.06864794
0.074665196
0.06990111
0.06796634
0.06323744
0.06572052
0.06521028
0.067091756
0.06856803
0.07202958
0.07343254
0.07319118
0.070437886
0.071153745
0.07027872
0.07388012
0.073183894
0.0736497
0.07151686
0.07050714
0.071535155
0.06891863
0.06627916
0.06451768
0.06630791
0.06747961
0.06987059
0.069946714
0.070483476
0.06676469
0.06528293
0.06475361
0.06834951
0.068869054
0.070602365
0.066829555
0.07007281
0.06879252
0.07140812
0.0692451
0.06921865
0.066357546
0.06486592
0.062300205
0.068064146
0.06967028
0.072513305
0.06738085
0.06766726
0.068996735
0.06737289
0.06754198
0.064518355
0.06415362
0.06311735
0.062495645
0.062408984
0.05974937
0.060902625
0.0665798
0.06937584
0.07220853
0.06857716
0.06738079
0.064777195
0.0650159
0.0639551
0.061728574
0.059879106
0.05793201
0.060653336
0.061998717
0.066988885
0.06750805
0.06728887
0.06667249
0.061829463
0.06324732
0.062270842
0.06372896
0.0643598
0.064477585
0.06624257
0.07433778
0.07270041
0.07472091
0.06610341
0.06658345
0.06578043
0.06551343
0.06526415
0.064620286
0.062439043
0.063642055
0.064165525
0.06505289
0.06183789
0.06367754
0.06570158
0.070205025
0.067585915
0.06348672
0.063430615
0.06365886
0.066883914
0.06483499
0.06350546
0.06423164
0.065360986
0.06825953
0.06625187
0.06430511
0.06101507
0.06259777
0.06521306
0.0671107
0.06473503
0.06418411
0.062803954
0.06463081
0.06614097
0.06682568
0.0648242
0.061946236
0.0643468
0.065089315
0.06434155
0.06024618
0.063652374
0.06441832
0.0631139
0.06037305
0.064133406
0.066561416
0.0695917
0.06659409
0.06524853
0.06059151
0.06105918
0.062645465
0.06463554
0.060557526
0.06290449
0.061670285
0.06456289
0.062305514
0.06425957
0.064397246
0.06754919
0.067997836
0.06819813
0.06571198
0.067169465
0.06764373
0.07131697
0.06978934
0.06898913
0.06879051
0.07217836
0.07728105
0.07375944
0.07023822
0.06502177
0.06529567
0.067232065
0.07134761
0.07034899
0.070885025
0.068263665
0.06725682
0.06385342
0.06279646
0.06577371
0.06884521
0.07051755
0.07100478
0.070077986
0.069856085
0.07069261
0.069966964
0.07076472
0.06773459
0.06440742
0.0633767
0.06507186
0.068523325
0.06789032
0.069419816
0.06874947
0.06879863
0.06639831
0.06471565
0.06395685
0.06766681
0.067921884
0.069515966
0.06331331
0.065080754
0.06230082
0.067138195
0.06566165
0.06581105
0.061631434
0.062857226
0.06423104
0.06570999
0.066784434
0.06643641
0.06877384
0.069647685
0.07399699
0.07464597
0.07241414
0.0717484
0.068250336
0.06897718
0.0666368
0.06552028
0.065232255
0.0677413
0.07143186
0.07003102
0.06677651
0.06598866
0.06288409
0.065100536
0.06260312
0.06599754
0.06365499
0.06543879
0.06517
0.06456803
0.063242376
0.06227163
0.06113294
0.058756795
0.062730365
0.06359858
0.066714756
0.06620157
0.06610624
0.06686144
0.06527239
0.063067816
0.06269731
0.06297736
0.064629875
0.061653823
0.05958263
0.061106414
0.06578707
0.06570836
0.06865894
0.06436811
0.06324897
0.05976019
0.05903881
0.06216775
0.06224207
0.0631203
0.060928635
0.0606338
0.058659486
0.06047235
0.060911592
0.063599735
0.062489435
0.06234799
0.0633279
0.062441736
0.061577868
0.059499614
0.05772854
0.05504065
0.05614624
0.057552677
0.0597569
0.056772754
0.054357458
0.0528215
0.05494316
0.05857258
0.06383733
0.065641694
0.06447372
0.06014366
0.05949066
0.06277651
0.0636685
0.06363851
0.0566263
0.054223172
0.051634688
0.05300799
0.05741695
0.06330473
0.06407104
0.06162596
0.05781934
0.060986076
0.06124114
0.0640399
0.06545044
0.062465135
0.059283562
0.061201755
0.06494525
0.068929166
0.0650305
0.06713194
0.06595562
0.06542431
0.0613856
0.060243092
0.061211266
0.06233963
0.062368903
0.06378473
0.068358146
0.07109203
0.07240517
0.069387145
0.06740429
0.06448904
0.061778147
0.058593456
0.05879391
0.06441676
0.068315305
0.11046118
0.1899642
0.123731926
0.08199432
0.06290161
0.060189433
0.06351548
0.0687698
0.073253095
0.06810505
0.063919246
0.06485478
0.06534722
0.06454815
0.06034434
0.063127115
0.06489417
0.06445271
0.0610285
0.06407028
0.06799767
0.06832614
0.06466788
0.06317729
0.061724614
0.06041395
0.059814837
0.060007207
0.06341636
0.06208328
0.06207239
0.05996622
0.05603183
0.059716064
0.061352745
0.067337506
0.064791
0.06407068
0.06112868
0.061337598
0.058255304
0.061465375
0.05937655
0.06192668
0.05535683
0.05809611
0.057443902
0.062103804
0.05794967
0.05610953
0.054372955
0.058610886
0.0601059
0.05989072
0.05909436
0.058243576
0.05896639
0.05743189
0.058878228
0.061808914
0.06584443
0.06542635
0.06313538
0.06142735
0.05948513
0.0575859
0.056341097
0.056350186
0.05479291
0.058271986
0.05933016
0.06163767
0.05926182
0.064950004
0.062423967
0.061810356
0.057624478
0.059889175
0.061699048
0.059138566
0.063299246
0.061189037
0.06614686
0.0633634
0.06199189
0.060596813
0.059488926
0.06311578
0.06384499
0.06197981
0.059410878
0.056573886
0.059594035
0.057514265
0.05508397
0.055367187
0.059158284
0.06239912
0.06113737
0.060721874
0.0600718
0.05931523
0.058240682
0.058776826
0.057121307
0.054163653
0.053770695
0.05681897
0.060402177
0.059889868
0.05901868
0.057465676
0.056640398
0.055532698
0.05601119
0.058614682
0.059623152
0.058621254
0.058769394
0.060013335
0.05862321
0.057225175
0.057101656
0.059442498
0.062963665
0.06193166
0.069198705
0.06523131
0.06298496
0.055568248
0.055385962
0.05569695
0.056499816
0.0570471
0.055054016
0.055319052
0.054912146
0.057446457
0.05974511
0.061686914
0.061774086
0.059601117
0.05598654
0.051840723
0.04988905
0.050013065
0.04997214
0.05031431
0.052040357
0.052937623
0.05141588
0.05085862
0.04841308
0.04948943
0.050791454
0.052540086
0.057228804
0.05875202
0.059780214
0.059950177
0.05781119
0.055772208
0.05209197
0.052684914
0.052465465
0.053856723
0.05290072
0.053879045
0.051656734
0.051091187
0.051076766
0.050383393
0.051536817
0.051016223
0.053857464
0.053646397
0.05383368
0.052600734
0.0552783
0.05320449
0.052657995
0.050941344
0.049883675
0.048717
0.048055038
0.04923159
0.0537842
0.053862315
0.054558188
0.05442826
0.055459525
0.051553275
0.05251718
0.05002521
0.049196906
0.04822885
0.04840957
0.048163086
0.050167143
0.05365415
0.052301265
0.05290892
0.053443465
0.052339256
0.050278116
0.049751185
0.049273483
0.04889406
0.04912635
0.049688265
0.04906738
0.04995375
0.048944797
0.04941453
0.046957646
0.046306696
0.044774193
0.044351857
0.04304081
0.04351727
0.0441437
0.043216936
0.043760713
0.046102326
0.045752455
0.048408438
0.047633145
0.0475213
0.049148224
0.047564663
0.04479627
0.045801334
0.045736466
0.040181346
0.042201534
0.042293373
0.04303935
0.044103056
0.04463151
0.042825915
0.043198332
0.04370827
0.04148629
0.042306613
0.04354466
0.043362804
0.043642938
0.04450309
0.043665644
0.04333521
0.04379974
0.04205988
0.04246966
0.041802797
0.043189302
0.041624002
0.04162778
0.041533966
0.04252589
0.04205536
0.043445855
0.043644715
0.04282061
0.044243824
0.046832558
0.046916366
0.04661248
0.04681796
0.04863668
0.045586478
0.046162084
0.04839464
0.04926369
0.049524825
0.052813526
0.051318068
0.05214621
0.053357635
0.050088152
0.047386598
0.04895246
0.046147604
0.045689937
0.04426776
0.044585403
0.044323836
0.045604706
0.043036267
0.043833368
0.042965077
0.04332814
0.044035137
0.047588963
0.049864948
0.052479792
0.05170428
0.050027408
0.048424963
0.047741365
0.045138866
0.04695616
0.04693567
0.04676959
0.048594534
0.05124363
0.051847935
0.054660115
0.055060565
0.05590759
0.05620765
0.05483829
0.05451556
0.055343814
0.051839344
0.052800227
0.053760324
0.052443553
0.051389404
0.05516708
0.05086868
0.049017444
0.049082402
0.04928895
0.048196964
0.050646782
0.052763823
0.05394424
0.054015618
0.053170547
0.053253904
0.052144833
0.051898558
0.05027041
0.05333293
0.053790353
0.05329785
0.053462554
0.054110218
0.050926395
0.049825393
0.049294952
0.05006228
0.051598556
0.05075692
0.049780887
0.048277345
0.046090886
0.047033887
0.045263752
0.044638567
0.04620147
0.045503184
0.045240823
0.043419354
0.04463053
0.046325218
0.049133472
0.052100845
0.052843403
0.052785873
0.050695702
0.046867587
0.04549103
0.04647053
0.045498762
0.04790518
0.04926013
0.05134346
0.050932754
0.047403038
0.04754123
0.04619612
0.04610756
0.048141994
0.048890375
0.050656125
0.0505448
0.04992382
0.050381757
0.052975994
0.05272447
0.051933013
0.05428591
0.0560258
0.055257857
0.0545642
0.053401437
0.05623857
0.052447762
0.054086357
0.05492952
0.057841077
0.055357654
0.05595991
0.053681575
0.05278235
0.04984814
0.050982658
0.0528971
0.051183715
0.05220428
0.054998364
0.056480005
0.054004006
0.059512448
0.05900432
0.059379738
0.055944312
0.057833288
0.055147335
0.057492044
0.0553188
0.055826902
0.05723576
0.05934548
0.058111396
0.0598249
0.05994101
0.058474537
0.055306494
0.054502428
0.054403752
0.056418326
0.05817149
0.057502
0.05838134
0.056481205
0.053533737
0.052717675
0.04990325
0.05162911
0.05219143
0.055067603
0.05924867
0.060280282
0.062870674
0.06276755
0.062636726
0.06195295
0.06304799
0.06431084
0.06439892
0.06659886
0.06584681
0.063684836
0.06349452
0.062203918
0.06062459
0.061960306
0.062407393
0.060227368
0.06117132
0.060255744
0.057473227
0.057832267
0.058600653
0.05818904
0.05784184
0.06133586
0.061937805
0.06275797
0.06392163
0.061997574
0.05960883
0.06144728
0.06284948
0.061186858
0.06330086
0.063267596
0.060642134
0.060770202
0.06348326
0.06392261
0.06499695
0.06561418
0.06428352
0.063441396
0.06153527
0.060885895
0.06130025
0.060949985
0.06109763
0.062128786
0.06107182
0.061831024
0.061209846
0.05962441
0.05857475
0.060636535
0.05927756
0.05948558
0.05616188
0.05525392
0.054104514
0.05170789
0.050294366
0.049985066
0.052995265
0.052912824
0.052158367
0.0529425
0.053158022
0.05436
0.053938396
0.05786448
0.06095796
0.05972449
0.060326863
0.058893416
0.054672644
0.05409995
0.048598096
0.04962129
0.048630368
0.04761759
0.04785322
0.048383005
0.050902348
0.051753864
0.051749393
0.050903887
0.05238865
0.0537142
0.053923212
0.051269114
0.04839521
0.046907898
0.047278155
0.047426727
0.046264984
0.046463855
0.047956977
0.049609922
0.051116038
0.050346706
0.048891038
0.050952546
0.049574994
0.04862185
0.049213704
0.048540805
0.04917749
0.04964289
0.051320132
0.052581698
0.052200146
0.053532965
0.052562486
0.052724373
0.056242697
0.053398293
0.053384293
0.053717345
0.05097864
0.051573426
0.050426498
0.045138244
0.046143025
0.046619575
0.04529392
0.044173043
0.046238754
0.04755335
0.048236854
0.04695171
0.046636783
0.045756668
0.048030853
0.049303867
0.046232067
0.04911864
0.049018055
0.04883219
0.047814503
0.04700211
0.049067046
0.05012175
0.05012378
0.052963067
0.052536294
0.053762507
0.05376399
0.053137686
0.05339998
0.05128615
0.04856485
0.049977716
0.048767015
0.04752159
0.046808448
0.046428196
0.046831384
0.048372146
0.047850758
0.048657406
0.050113004
0.054333255
0.053767845
0.053974483
0.052599397
0.055762082
0.05546592
0.05379256
0.053306162
0.052559555
0.051841922
0.054302707
0.05228856
0.051996175
0.05136782
0.050161235
0.050457124
0.051003948
0.04935349
0.04816949
0.046510383
0.04644828
0.04666009
0.04846417
0.048751287
0.05049187
0.05023091
0.049150724
0.051954627
0.05191901
0.051455457
0.04980174
0.047620084
0.047421265
0.048832987
0.049204454
0.048148356
0.050089687
0.052783277
0.05399361
0.053095754
0.0543473
0.052252896
0.052357744
0.054617155
0.052140262
0.05254188
0.053218387
0.05169033
0.051806394
0.053365353
0.052574836
0.053288277
0.053772416
0.054493953
0.05706686
0.05585762
0.05607331
0.055158384
0.053642336
0.053541757
0.054470766
0.053833436
0.055284478
0.053906385
0.05501826
0.055317357
0.05582877
0.05725816
0.05513817
0.053483635
0.050865185
0.051725484
0.05097081
0.050800346
0.05155563
0.049675558
0.049870107
0.05062671
0.050564736
0.053824116
0.053663492
0.0561281
0.05428024
0.05396566
0.05553627
0.05657654
0.05454518
0.05328395
0.052651074
0.05243758
0.054660834
0.054531872
0.05500841
0.0536864
0.054624207
0.05591171
0.057599522
0.05768375
0.0585508
0.05895162
0.059369504
0.059209548
0.060588475
0.060216174
0.059964128
0.058651082
0.057654865
0.055962097
0.056170996
0.056129526
0.054850318
0.052777417
0.051289838
0.051697776
0.05206552
0.05121891
0.051597457
0.04807763
0.04884064
0.048427314
0.05066017
0.05104857
0.05074818
0.050410505
0.04833044
0.04534208
0.045408834
0.045469265
0.044291638
0.042994007
0.04129791
0.04057493
0.03952422
0.040823556
0.041756067
0.04239766
0.04400698
0.04261851
0.04374419
0.044249944
0.0454476
0.045485355
0.04599845
0.04681439
0.044547543
0.045644984
0.044512022
0.04623611
0.04726201
0.04643205
0.04665187
0.04714286
0.047688305
0.047449984
0.046614572
0.046043202
0.044236735
0.04565564
0.044214886
0.044215627
0.044350386
0.04340214
0.04230775
0.040983193
0.040667307
0.040736917
0.0405643
0.040779106
0.041049443
0.040358573
0.039063185
0.038483102
0.037819102
0.03813271
0.03919327
0.039445143
0.039763954
0.039348364
0.038785268
0.039484024
0.039225284
0.039826322
0.040579233
0.04129192
0.041010894
0.042724434
0.04343656
0.043001406
0.04300799
0.04442825
0.045962434
0.04708577
0.04772435
0.046683386
0.048357107
0.047786143
0.04902376
0.046916872
0.04633809
0.046118416
0.046879824
0.046109717
0.043701522
0.042405482
0.042969707
0.04444402
0.042886373
0.044561412
0.04406248
0.044959955
0.044749882
0.0457108
0.046039607
0.045561563
0.047999363
0.049150757
0.050047442
0.04944016
0.049030893
0.048288513
0.04714463
0.04658354
0.046502057
0.048215393
0.05046875
0.051059492
0.052621674
0.051195487
0.052156128
0.052887622
0.053911645
0.054612033
0.05442855
0.05504489
0.05631445
0.05468518
0.052369397
0.052157935
0.0530522
0.05245212
0.05393553
0.055184986
0.054327678
0.055109926
0.054553166
0.052190483
0.05194384
0.052488495
0.051996432
0.05185434
0.05126406
0.05027341
0.049008004
0.047699433
0.05003036
0.05079447
0.05172673
0.05483856
0.055576295
0.056653764
0.05927703
0.058511917
0.05835515
0.059112288
0.059377596
0.060176656
0.057864103
0.056835707
0.05873657
0.05752501
0.058307026
0.0562936
0.05414852
0.05600956
0.057353873
0.058954738
0.05809527
0.058798462
0.06043937
0.058733273
0.05739295
0.058637258
0.056843832
0.05904496
0.060604192
0.06111085
0.060343888
0.06080157
0.060389493
0.061914805
0.06329393
0.06541793
0.06694347
0.06608389
0.068940654
0.06897471
0.06791461
0.070249625
0.07072436
0.07316121
0.074011214
0.07372159
0.07240172
0.07168795
0.07273041
0.06939525
0.06926078
0.067641124
0.06558207
0.06611525
0.06474201
0.06492135
0.06460495
0.06080825
0.060183648
0.0587846
0.057378057
0.057803303
0.058011845
0.058600586
0.05777658
0.058106195
0.056073308
0.057488076
0.05653643
0.056495
0.058020677
0.058447536
0.059071843
0.059935898
0.060573608
0.060058605
0.060127553
0.059488818
0.05748349
0.057870284
0.060250673
0.060898267
0.06124519
0.060274594
0.060001407
0.060881484
0.06032847
0.059993505
0.059525054
0.06052176
0.061987817
0.06334905
0.06402344
0.062132597
0.060244955
0.058405228
0.05916036
0.059178255
0.06001841
0.060407687
0.061179593
0.061460264
0.061165735
0.059881624
0.05929455
0.060874503
0.06050721
0.0606876
0.05961989
0.05978797
0.06092565
0.0594574
0.059456673
0.05968147
0.059270453
0.05771792
0.057688825
0.05871245
0.057326097
0.055805344
0.056123566
0.056239583
0.056200095
0.055887952
0.056543496
0.056622703
0.0578353
0.05762473
0.055888295
0.05502941
0.053828098
0.053213887
0.052921195
0.051928762
0.05289827
0.053965397
0.05256086
0.052710082
0.050744876
0.049144603
0.049049802
0.04847771
0.04723571
0.04628866
0.044623785
0.043581743
0.044599693
0.0442579
0.04326229
0.044110876
0.04463784
0.043896325
0.04541393
0.04441372
0.043386515
0.042920887
0.042677388
0.042845953
0.042996693
0.043213148
0.04352185
0.044502653
0.045336492
0.04492875
0.045901094
0.04792088
0.04744712
0.046730228
0.04651637
0.048113447
0.047858946
0.04764465
0.04812564
0.04686741
0.047780525
0.04911963
0.04867482
0.049604926
0.05123427
0.051381644
0.050538655
0.049925
0.048221096
0.0468908
0.047421653
0.047545478
0.047234774
0.045811586
0.045083217
0.04364185
0.043515265
0.04341898
0.041882742
0.040635888
0.040296234
0.039909396
0.039797276
0.039463896
0.038543757
0.03780304
0.038235504
0.03841323
0.037096974
0.037505966
0.037633605
0.037574094
0.03860126
0.03940587
0.039261147
0.03833314
0.039212473
0.03974379
0.039989024
0.03964069
0.041170947
0.041423947
0.041321423
0.041153055
0.04204578
0.04214223
0.04209118
0.041274387
0.041824996
0.04201712
0.042603374
0.041543998
0.0415075
0.04125365
0.042444453
0.042166397
0.042071935
0.04162893
0.041276745
0.04015296
0.039873518
0.039353594
0.039503552
0.039771613
0.03940205
0.038829297
0.039020125
0.03884365
0.038140275
0.037847675
0.037989553
0.038618576
0.03804168
0.037300244
0.03650824
0.036619008
0.035940424
0.035651546
0.035568263
0.03562453
0.035422508
0.03620128
0.03658182
0.035834488
0.036147285
0.035598353
0.035359237
0.03559148
0.035661906
0.036386218
0.03609219
0.03723333
0.03738041
0.036852475
0.037278358
0.036898572
0.03787572
0.037956636
0.038804665
0.040052168
0.039216377
0.038693845
0.03826858
0.03849264
0.03862002
0.03997522
0.040528655
0.041371353
0.041674618
0.04129199
0.04083087
0.040125765
0.040165275
0.04153288
0.040397324
0.039805267
0.03999778
0.039157223
0.039462186
0.039965086
0.0401619
0.039658006
0.0396945
0.03968466
0.0402764
0.039449442
0.03995414
0.039859783
0.040269606
0.040410254
0.04081687
0.041395947
0.041493095
0.04175934
0.04236061
0.04171698
0.04136031
0.040673625
0.040502552
0.040861282
0.041708276
0.04236339
0.041587703
0.04150134
0.041833047
0.04227356
0.04193874
0.041369833
0.04180195
0.042378567
0.042352322
0.043121774
0.04285125
0.04278124
0.042859904
0.042991035
0.041733354
0.04066586
0.04098378
0.04016817
0.039520096
0.039487
0.039548144
0.03913924
0.039323814
0.039877184
0.039539903
0.03933722
0.03912233
0.03859046
0.038053732
0.038266446
0.038872078
0.03846114
0.039099775
0.03906131
0.0393072
0.03972798
0.040209897
0.039857954
0.03994563
0.04008665
0.040360272
0.040674802
0.041238423
0.041628003
0.042242162
0.0416568
0.042029053
0.041405763
0.04163179
0.041579142
0.041986328
0.04254945
0.043913424
0.044710338
0.04465881
0.04498879
0.04535995
0.046147227
0.046899613
0.047159422
0.04753798
0.048014797
0.04773233
0.047124386
0.04636127
0.044785168
0.044482447
0.043738723
0.043282475
0.042878766
0.043127745
0.041998297
0.04125945
0.040407375
0.040364068
0.04050809
0.03957839
0.03939276
0.039277676
0.038392067
0.038099125
0.0373953
0.03746187
0.037167083
0.03634184
0.036228806
0.035546917
0.035598256
0.035089344
0.034695443
0.03463744
0.03453365
0.034466386
0.034112845
0.033631098
0.033588685
0.032982796
0.03298824
0.032776054
0.032711957
0.032447964
0.032129537
0.031546637
0.0311657
0.030890182
0.030597465
0.03016197
0.02976889
0.029309753
0.028791131
0.028455358
0.027930204
0.027704148
0.027303778
0.026833022
0.02647859
0.02605079
0.025643196
0.025254564
0.024883755
0.024529716
0.02419149
0.02386818
0.023558976
0.023263112
0.02297989
0.02270866
0.022448817
0.022199804
0.021961097
0.02173221
0.021512693
0.021302123
0.021100106
0.020906271
0.020720279
0.020541804
0.020370543
0.020206215
0.020048551
0.019897306
0.019752244
0.019613143
0.019479798
0.019352015
0.019229611
0.019112414
0.019000262
0.018893002
0.018790493
0.018692598
0.018599192
0.018510154
0.018425375
0.018344749
0.018268175
0.018195562
0.018126825
0.018061882
0.018000655
0.017943075
0.017889075
0.017838595
0.017791579
0.017747972
0.017707726
0.017670799
0.01763715
0.01760674
0.01757954
0.017555518
0.017534649
0.017516911
0.017502284
0.017490754
0.017482309
0.017476939
0.017474638
0.017474638
0.017474638
0.017474638
0.017474638
0.017474638
0.017474638
0.017474638
0.017474638
0.017474638
0.017474638
0.017474638
0.017474638
0.017474638
0.017474638
0.017474638
0.017474638
0.017474638
0.017474638
0.017474638
0.017474638
0.017474638
0.017474638
0.017474638
0.017474638
0.017474638
0.017474638
0.017474638
0.017474638
0.017474638
0.017474638
0.017474638
0.017474638
0.017474638
0.017474638
0.017474638
0.017474638
0.017474638
0.017474638
0.017474638
0.017474638
0.017474638
0.017474638
0.017474638
0.017474638
0.017474638
0.017474638
0.017474638
0.017474638
0.017474638
0.017474638
0.017474638
0.017474638
0.017474638
0.017474638
0.017474638
0.017474638
0.017474638
0.017474638
0.017474638
0.017474638
0.017474638
0.017474638
0.017474638
0.017474638
0.017474638
0.017474638
0.017474638
0.017474638
0.017474638
0.017474638
0.017474638
0.017474638
0.017474638
0.017474638
0.017474638
0.017474638
0.017474638
0.017474638
0.017474638
0.017474638
0.017474638
0.017474638
0.017474638
0.017474638
0.017474638
0.017474638
0.017474638
0.017474638
0.017474638
0.017474638
0.017474638
0.017474638
0.017474638
0.017474638
0.017474638
0.017474638
0.017474638
0.017474638
0.017474638
0.017474638
0.017474638
0.017474638
0.017474638
0.017474638
0.017474638
0.017474638
