1328.0232
449.0951
207.47311
147.1632
115.95561
96.211945
82.294266
71.63024
63.389214
56.746307
51.28972
46.689713
42.91018
39.475048
36.533806
34.062996
31.8242
29.677528
27.86349
26.221344
24.81516
23.399279
22.199463
21.050545
19.988384
19.071466
18.307934
17.386755
16.832785
16.203218
15.37212
14.809705
14.274198
13.597021
13.109829
12.60801
12.15298
11.744577
11.490577
11.022901
10.571988
10.317667
9.934305
9.6657505
9.355192
9.089833
8.932304
8.644691
8.327489
8.073893
7.8683515
7.6649284
7.465027
7.3714867
7.1930466
6.889372
6.698043
6.568504
6.426134
6.2861934
6.132401
6.089579
5.8933344
5.714776
5.593823
5.4670258
5.3605905
5.303401
5.1706734
5.061117
4.929511
4.8804474
4.7707853
4.6424236
4.5497994
4.4822164
4.403822
4.346533
4.244052
4.1599717
4.103858
4.010898
3.9229074
3.864702
3.8120513
3.757012
3.6950703
3.6490731
3.5771666
3.5829647
3.486639
3.404601
3.357372
3.3232238
3.2857149
3.220378
3.1604905
3.1352763
3.0903153
3.0449798
2.9959555
2.970044
2.9205856
2.8912024
2.8583047
2.853277
2.799577
2.7435632
2.7116792
2.6726828
2.6550505
2.6196592
2.6171558
2.5473323
2.5388253
2.5149403
2.4724786
2.424661
2.4211876
2.3837094
2.3402982
2.3452058
2.2850575
2.2839296
2.3081262
2.2272656
2.200287
2.1971478
2.1753805
2.1435635
2.1169527
2.1200345
2.0840173
2.0698965
2.0541468
2.0316823
2.0191817
1.999536
1.9917474
1.9726976
1.9421968
1.9105533
1.9007427
1.8934839
1.8738048
1.8492215
1.8388144
1.8208952
1.8094152
1.7979834
1.7854439
1.7611035
1.7560581
1.7367294
1.7245294
1.7170298
1.7016761
1.682495
1.6746619
1.6658288
1.6454843
1.6461247
1.6159431
1.6080244
1.6328615
1.5974373
1.594023
1.5791148
1.5817018
1.5613049
1.5409391
1.5276042
1.5131485
1.5203537
1.5152853
1.5000983
1.5085974
1.47919
1.5190613
1.5022413
1.4521106
1.4463283
1.4441074
1.4299182
1.4336003
1.4108973
1.3935729
1.3944093
1.3894087
1.3768669
1.366753
1.3574436
1.3426476
1.3318703
1.32172
1.3247083
1.3101999
1.3022604
1.2936075
1.2891338
1.2816768
1.2724314
1.2618079
1.2633257
1.2511479
1.2493924
1.2402108
1.2285472
1.2258989
1.2280569
1.2114938
1.2056708
1.1988472
1.2003621
1.1952266
1.1843911
1.1769799
1.178356
1.1754777
1.1721399
1.1570961
1.1552738
1.1565944
1.144403
1.1360028
1.1329147
1.1307452
1.1223259
1.1272764
1.1399114
1.1194797
1.1072935
1.1053188
1.099048
1.0967016
1.0889461
1.0948182
1.082576
1.0827662
1.0760106
1.0728515
1.0738782
1.0696063
1.0669712
1.0642081
1.0520109
1.0560931
1.0568701
1.0556285
1.0340502
1.0383313
1.0368072
1.0280005
1.0258874
1.0233599
1.0186247
1.017872
1.0186478
1.0114948
1.0080212
1.0113382
1.0045042
0.9966675
0.9998043
0.9958883
1.0085679
0.9906635
0.9876059
0.9809163
0.9855833
0.9806408
0.9816707
0.9857943
0.9713968
0.97383314
0.9682673
0.9750151
0.966488
0.9720106
0.9706224
0.9802913
0.95670176
0.96020186
0.96726173
0.9586376
0.9653248
0.95851225
0.96207833
0.956225
0.95523894
0.9473709
0.95139265
0.94421124
0.940429
0.9444945
0.93429744
0.9360205
0.93690574
0.93667823
0.925799
0.93660176
0.92006403
0.9246312
0.9188612
0.9253792
0.9167396
0.90806377
0.90691316
0.90426004
0.9025824
0.9111177
0.8985805
0.8957969
0.89546305
0.895792
0.8963436
0.8978716
0.8921754
0.8940073
0.89868766
0.8863041
0.8869129
0.8885543
0.8899335
0.88484967
0.8767076
0.88245076
0.8854511
0.8775717
0.88289404
0.8791864
0.8754512
0.8723365
0.8636409
0.8613725
0.8614829
0.86096424
0.85839367
0.86367804
0.86274886
0.8552441
0.8527791
0.8601179
0.8571836
0.85317045
0.86161494
0.85390127
0.8515565
0.8498583
0.84714824
0.8447022
0.84524137
0.8379435
0.8448972
0.83931875
0.84323984
0.8369181
0.8391094
0.8274122
0.8270197
0.83507127
0.8262644
0.82209855
0.8280917
0.82427174
0.8234262
0.8176122
0.8233999
0.8247242
0.81564045
0.81861645
0.8144017
0.81282103
0.8080553
0.8028614
0.8083864
0.8069248
0.8117525
0.8034106
0.80433476
0.8065015
0.8053528
0.79884624
0.80095196
0.80779254
0.8001521
0.80385095
0.80383956
0.80090314
0.8020929
0.7945887
0.7922311
0.797943
0.79112196
0.7900675
0.7929831
0.78475404
0.79251325
0.7785594
0.7838026
0.7801661
0.7826666
0.7835912
0.7776477
0.7731106
0.7782826
0.77354836
0.7749596
0.77034646
0.7738765
0.77519983
0.76524884
0.76346695
0.7678952
0.75724155
0.76409745
0.76759493
0.7612557
0.76409554
0.7570941
0.75550246
0.75449
0.7524647
0.75351775
0.7464659
0.74850947
0.75225776
0.75615406
0.74524754
0.747898
0.7419666
0.7439518
0.7454074
0.7372432
0.73372257
0.73619556
0.73529536
0.72994745
0.7359017
0.73172826
0.73743546
0.7313677
0.7333993
0.73255587
0.7303764
0.7279657
0.72493553
0.7241785
0.7273049
0.72791064
0.71708876
0.7228811
0.7225884
0.7191183
0.7114773
0.7199708
0.71744215
0.7171689
0.7138134
0.7125455
0.71681726
0.71361184
0.70538217
0.71427757
0.7092098
0.705878
0.7082417
0.7034061
0.70721346
0.70702064
0.7027954
0.7093071
0.70402765
0.6972589
0.7006696
0.69956887
0.69818956
0.6988383
0.69283503
0.69482553
0.69911206
0.7020643
0.7056885
0.71205395
0.7004317
0.6950908
0.6981793
0.69852006
0.69722044
0.69759095
0.704154
0.6927333
0.6909714
0.69099504
0.69550306
0.69724417
0.6878106
0.695814
0.69454384
0.6938352
0.68829626
0.69035363
0.6950891
0.6918111
0.697174
0.6958636
0.6955881
0.6853519
0.6903092
0.6884122
0.6828704
0.6860289
0.6870171
0.7180323
0.69076025
0.6927264
0.687758
0.687436
0.69133484
0.69057906
0.68991625
0.6866885
0.68722236
0.68925023
0.6853951
0.6790879
0.69950145
0.6825943
0.68178403
0.6758849
0.68354875
0.6770538
0.6843691
0.6721262
0.68030715
0.6792816
0.68140745
0.67570144
0.67502195
0.6761258
0.67877346
0.673206
0.6749271
0.6711415
0.6751834
0.6712083
0.6774262
0.6788816
0.6785594
0.6710235
0.6698669
0.6790814
0.6681476
0.6704889
0.6727868
0.6760633
0.67362255
0.6789633
0.6746989
0.6722765
0.67559946
0.6776118
0.6764134
0.67180365
0.6722678
0.67553073
0.67771584
0.67806876
0.677902
0.68024635
0.6739692
0.67282456
0.6719749
0.67830366
0.6743099
0.67526853
0.6770265
0.67500997
0.6795589
0.6726954
0.6755493
0.6771938
0.6710657
0.6678109
0.67294174
0.67691827
0.671614
0.6771791
0.6680155
0.67130804
0.6630975
0.6701173
0.6662375
0.66945535
0.6660293
0.66843635
0.66994727
0.6703914
0.662089
0.66283584
0.66654336
0.66612434
0.6704183
0.666475
0.6667864
0.66952586
0.66090715
0.66255844
0.6658482
0.6631416
0.66598505
0.66278225
0.65734226
0.66069293
0.6579007
0.6629565
0.65093005
0.65686476
0.6611383
0.65716964
0.66068107
0.65199
0.65432596
0.66768616
0.6553592
0.6529353
0.6613978
0.66259634
0.6492121
0.65119106
0.6497563
0.65607107
0.6526757
0.6516625
0.6501473
0.6480323
0.6518513
0.647166
0.6461279
0.6534395
0.6496464
0.64244425
0.64432096
0.6421226
0.63870746
0.64448345
0.6406423
0.6388557
0.6407129
0.64405584
0.6417812
0.64436156
0.6475331
0.63822776
0.64234614
0.6457616
0.6386123
0.6430939
0.6384575
0.63770807
0.63922477
0.6411378
0.640982
0.6384428
0.6371699
0.6405261
0.64310044
0.64404994
0.6376665
0.6391087
0.6394225
0.6402703
0.6398442
0.64341307
0.6341264
0.64637285
0.63811344
0.6403375
0.63789254
0.639097
0.6371842
0.63709617
0.63581
0.6337841
0.64397806
0.63511235
0.636527
0.6403748
0.6354545
0.6383799
0.63529235
0.6387733
0.6399621
0.63026667
0.62919164
0.6366894
0.6344251
0.6325833
0.6328182
0.6342656
0.6351837
0.6397878
0.63517743
0.631711
0.63103896
0.6284114
0.63045
0.63733923
0.639204
0.635864
0.6337006
0.6402164
0.6385931
0.63433474
0.62930185
0.626489
0.6304089
0.63362056
0.62744516
0.63079315
0.6308849
0.6357517
0.61920774
0.6297642
0.6209459
0.6301201
0.62486005
0.62688637
0.6254998
0.62607
0.6269485
0.61960924
0.6206572
0.62495923
0.6288207
0.61968744
0.6232159
0.62403744
0.62259656
0.6195398
0.6182714
0.6172031
0.61970145
0.6173484
0.6195068
0.6156307
0.6237965
0.6168944
0.61756265
0.6158229
0.6159867
0.6142562
0.6152875
0.6110061
0.61356324
0.6115033
0.6054359
0.6071884
0.6123232
0.6115547
0.607438
0.6072345
0.61198115
0.612248
0.6128263
0.60877347
0.6017898
0.6077
0.607312
0.6054577
0.60305667
0.60736513
0.60348207
0.6035111
0.6032828
0.606073
0.5965172
0.60296696
0.605244
0.59980583
0.5930241
0.60251087
0.60424286
0.6004716
0.59827065
0.60239774
0.60170466
0.6009095
0.60744405
0.604627
0.5984142
0.607212
0.60413295
0.6028039
0.59948194
0.59640324
0.5997101
0.5991914
0.59966344
0.60204804
0.59638166
0.5953714
0.600073
0.59806263
0.59593207
0.5989152
0.60086936
0.5977662
0.59960526
0.59825623
0.6028521
0.60030186
0.5977444
0.5966244
0.59532106
0.6014811
0.59806985
0.59492785
0.5960006
0.59601617
0.5985597
0.6032691
0.59694517
0.60317063
0.5965809
0.597945
0.6024095
0.5959905
0.5995681
0.59466314
0.5904232
0.5966465
0.59431964
0.5918989
0.5943889
0.5941847
0.58921003
0.5926705
0.596397
0.5929334
0.59469455
0.5914458
0.59003246
0.5882604
0.5885148
0.5868388
0.5943827
0.5917214
0.583807
0.58551854
0.58175683
0.58445334
0.5821488
0.5845066
0.5844215
0.5813429
0.58233565
0.5830295
0.58251935
0.58336955
0.5780829
0.5781473
0.5808883
0.579961
0.580657
0.5754474
0.5794455
0.58153677
0.5716673
0.57920086
0.57965285
0.58145106
0.57784903
0.5703351
0.5700262
0.5746506
0.57188123
0.56967753
0.5717466
0.5765049
0.5682068
0.5658236
0.5661734
0.572689
0.5689834
0.5744388
0.5624688
0.56552756
0.5662607
0.56828266
0.5653573
0.55963516
0.56389457
0.5651389
0.56668156
0.5609189
0.56121916
0.5573151
0.5598873
0.5599557
0.56533945
0.56191665
0.5643872
0.5568935
0.5542602
0.5631914
0.5540327
0.5598058
0.5627451
0.56548566
0.5576964
0.55848557
0.5582197
0.5584048
0.5592414
0.56013376
0.5518596
0.5519127
0.55651903
0.5544765
0.5586829
0.55479974
0.55359465
0.5558775
0.5563904
0.55464023
0.55135345
0.5594733
0.5585413
0.55329776
0.5539086
0.55182964
0.5568325
0.54887295
0.5543599
0.55343693
0.5464278
0.5527251
0.553403
0.5486726
0.5564513
0.553709
0.5465821
0.548373
0.5460501
0.55207324
0.54922515
0.5525624
0.55272985
0.54330325
0.5487748
0.5455331
0.54209256
0.543874
0.5462139
0.54847383
0.5445718
0.5502845
0.5482238
0.54472667
0.5390705
0.54488474
0.53401893
0.54263777
0.5371646
0.53495383
0.5350467
0.54246634
0.5389937
0.5361834
0.53391093
0.5374913
0.5398765
0.5387916
0.5395308
0.537512
0.53647405
0.54351205
0.53402793
0.5464107
0.5420087
0.53521514
0.53569895
0.5396262
0.54014987
0.541342
0.5461237
0.5395987
0.5383978
0.53377545
0.54061383
0.54188424
0.54081035
0.5337118
0.53871393
0.54200935
0.5379754
0.5439439
0.5409071
0.5324137
0.5358331
0.53869116
0.53570575
0.5348928
0.53776824
0.53706264
0.5366962
0.5370534
0.53653234
0.5420343
0.5386814
0.54334015
0.5333693
0.5385259
0.5351213
0.5406802
0.5361402
0.5386464
0.5401064
0.5394096
0.5368186
0.5375143
0.5401701
0.53902495
0.5333789
0.536125
0.52846867
0.5356897
0.54202765
0.53313565
0.53605497
0.5370445
0.53613716
0.5354854
0.5339766
0.5385754
0.53574526
0.5355127
0.5389272
0.5365038
0.5397446
0.5371369
0.5363429
0.5375071
0.53316903
0.52479833
0.53775036
0.52391326
0.5331935
0.53187793
0.5313581
0.53155386
0.5357146
0.53727347
0.5267233
0.530728
0.5286988
0.52496535
0.52902216
0.5276172
0.5267903
0.5288266
0.5298358
0.52650684
0.5271815
0.5251411
0.52502024
0.5291687
0.5285075
0.5254184
0.52528006
0.5248773
0.5219925
0.5236279
0.5248055
0.51421493
0.51636785
0.52838933
0.5159212
0.51613826
0.5183667
0.51526684
0.5144477
0.52110153
0.5142828
0.521353
0.5162139
0.5151257
0.5141594
0.51886576
0.51403075
0.51649153
0.5143136
0.52034026
0.5133882
0.5191456
0.5187234
0.51962394
0.5162285
0.51725787
0.51537025
0.5146728
0.51467305
0.5153935
0.52266484
0.51714456
0.5123178
0.51860404
0.5171461
0.51813257
0.5145886
0.514917
0.5147626
0.51395154
0.5148425
0.51638937
0.5191305
0.51425284
0.51269644
0.5162575
0.5137095
0.5121717
0.5154923
0.51223075
0.5097962
0.510066
0.5170249
0.5130181
0.514251
0.5131143
0.5067427
0.5126495
0.5130995
0.51389545
0.5054655
0.50693893
0.5095633
0.5140539
0.5169485
0.5198731
0.5137627
0.51166385
0.50325006
0.50837654
0.5157983
0.50714874
0.50952065
0.5057076
0.5150189
0.5085523
0.51232755
0.50993544
0.50971365
0.51254237
0.51474124
0.5109087
0.5105022
0.51761043
0.51323295
0.5119651
0.513122
0.510155
0.51449114
0.5170531
0.5116933
0.5126625
0.5101732
0.50772756
0.5096853
0.510786
0.5122773
0.505676
0.5103821
0.5056812
0.50874454
0.51272905
0.50447595
0.50074255
0.49962068
0.5047139
0.5069063
0.5029938
0.49896047
0.49564093
0.49856362
0.49966455
0.5025325
0.49721113
0.4935481
0.49591967
0.5018027
0.49567658
0.49544618
0.49837166
0.49601662
0.49606958
0.49278444
0.49864876
0.4927978
0.4942839
0.49384445
0.4941314
0.4939838
0.49235094
0.48574805
0.4904779
0.49389496
0.49022135
0.4882781
0.49180853
0.4914434
0.48502138
0.48597237
0.48622036
0.48561832
0.49055624
0.496471
0.48753634
0.4851926
0.48566052
0.48546362
0.4831826
0.48461252
0.48465562
0.47792503
0.4772684
0.47849533
0.48114806
0.48223773
0.47803095
0.47888407
0.47497782
0.47406366
0.47397462
0.47489616
0.474178
0.4728386
0.47243565
0.47731608
0.4731977
0.47543314
0.4754897
0.4715628
0.47289506
0.47125715
0.47056967
0.47343603
0.4713863
0.47088572
0.4745691
0.46861196
0.47166058
0.4673243
0.47202528
0.47415265
0.47358212
0.47651628
0.47169352
0.46628994
0.47514343
0.47176233
0.4703749
0.47697124
0.47018278
0.46907148
0.47140607
0.46880785
0.46531683
0.46600652
0.47380108
0.47509307
0.47050142
0.4727628
0.4744887
0.46575156
0.4699055
0.46997592
0.4727958
0.47361687
0.47258523
0.4707422
0.47693747
0.4733511
0.47213054
0.4736859
0.47087404
0.4731806
0.47089458
0.46998772
0.48007816
0.47630796
0.4844638
0.4813367
0.47307462
0.4721255
0.47346285
0.47679278
0.47257438
0.4698943
0.47560135
0.4770338
0.4720777
0.472405
0.4697904
0.4768559
0.47427034
0.47506377
0.47124556
0.47666642
0.47949305
0.47439292
0.47622392
0.4718242
0.47618356
0.46777487
0.47253686
0.469226
0.47599176
0.4703597
0.46802574
0.47013602
0.4666198
0.46899578
0.4724142
0.47004718
0.47162464
0.46879065
0.4644569
0.47166094
0.47238526
0.47145283
0.4699265
0.4703813
0.47293746
0.46763146
0.46456593
0.46617526
0.4645155
0.4643852
0.46886957
0.46526074
0.46531498
0.4671041
0.46317178
0.4649979
0.4662168
0.46296677
0.46351072
0.46323135
0.467117
0.46454126
0.46320647
0.46668097
0.45730942
0.46006283
0.46370915
0.45980242
0.46070948
0.464996
0.46255484
0.46393043
0.45934853
0.46580353
0.46008587
0.46157828
0.4625651
0.46077237
0.46304712
0.4585801
0.46200636
0.46006086
0.4577991
0.45785463
0.46308336
0.4600076
0.46572927
0.4575637
0.46051
0.46150783
0.45992267
0.45374945
0.4551779
0.45680398
0.46029994
0.45286334
0.4564144
0.4605483
0.45786107
0.46143225
0.4588703
0.46329483
0.4571533
0.4539174
0.45729396
0.4665073
0.45198846
0.45860562
0.4555297
0.459922
0.45579627
0.45527217
0.45552072
0.46063128
0.46111783
0.45515645
0.44719994
0.46053642
0.45863622
0.46086332
0.4628619
0.45618236
0.46003345
0.45954072
0.45283127
0.46058303
0.46403906
0.45675996
0.4575957
0.45562258
0.45904115
0.45979
0.45921987
0.4632133
0.45665693
0.45760655
0.4595176
0.45924076
0.45499197
0.45876682
0.45509294
0.4624833
0.4570661
0.4552963
0.45358637
0.4575145
0.4600789
0.449991
0.45468926
0.45768943
0.4607145
0.4573138
0.46066302
0.45660052
0.45607057
0.4572802
0.4534351
0.45588243
0.45457897
0.45700347
0.4539094
0.45482263
0.4527215
0.45135316
0.45349836
0.44891927
0.4477715
0.45272523
0.45391715
0.45076874
0.44639325
0.44760418
0.45266202
0.44822723
0.45421916
0.4490492
0.4454857
0.4457209
0.4517766
0.44396144
0.4486046
0.4443764
0.44292924
0.45539793
0.44959414
0.4427908
0.44406542
0.4393907
0.44310912
0.43569803
0.4392827
0.43991867
0.4414078
0.44193143
0.43492135
0.4407457
0.4377812
0.43537813
0.43448123
0.43716994
0.43317246
0.43365967
0.43424493
0.43595022
0.43030447
0.43424717
0.43365535
0.43523404
0.4310069
0.43363932
0.43092254
0.4325902
0.4301682
0.43187568
0.42987794
0.42740735
0.4257049
0.43061975
0.43307865
0.43133038
0.42477494
0.42846823
0.42441425
0.4325451
0.42534956
0.42486417
0.42586267
0.4306042
0.42774752
0.42276227
0.42589733
0.42296264
0.4188816
0.42329916
0.4192649
0.42090368
0.42234796
0.42250535
0.4221235
0.4228634
0.42122972
0.42317942
0.42153752
0.42242575
0.41752958
0.41620374
0.41934377
0.41913372
0.41935042
0.42280495
0.4220866
0.42260477
0.42159638
0.42107338
0.41731963
0.4225589
0.4196821
0.41721588
0.4213569
0.41563207
0.41118425
0.41653907
0.41563374
0.41825536
0.419482
0.41802716
0.41689306
0.41475397
0.41590273
0.4147859
0.41431284
0.41413432
0.414599
0.40851876
0.41568524
0.41052553
0.41533515
0.4115229
0.41309577
0.41047406
0.42142788
0.41511354
0.4134264
0.4127064
0.41219416
0.40877405
0.41291833
0.4130262
0.4207425
0.41143593
0.4128654
0.4138633
0.4139044
0.41563728
0.41637877
0.41208065
0.4181478
0.41232544
0.41342935
0.41567072
0.41500446
0.41963485
0.41658974
0.4168794
0.41483095
0.4128503
0.40863356
0.41829613
0.41624048
0.41685882
0.41900104
0.41867223
0.41506803
0.41312253
0.414753
0.416785
0.42008227
0.41690418
0.4181653
0.42019117
0.41627362
0.4171744
0.4189407
0.41573983
0.42151183
0.41378328
0.41714525
0.41125938
0.41133967
0.41800687
0.40812543
0.42017516
0.41882956
0.4146405
0.4119357
0.4189823
0.41428813
0.4146416
0.4130261
0.41365987
0.41098312
0.4121652
0.41544577
0.41009107
0.40192327
0.40889096
0.4123543
0.40916428
0.40866622
0.40426198
0.41023907
0.41084474
0.40883178
0.407404
0.40685093
0.4059346
0.40480486
0.40599364
0.4084402
0.40983635
0.41016483
0.41000852
0.40406775
0.40784284
0.40520632
0.40802282
0.40523255
0.41118985
0.40513295
0.40121096
0.40296686
0.40155134
0.3994857
0.4036996
0.40357497
0.39850974
0.39905128
0.40400642
0.40143436
0.39269382
0.3987846
0.39351338
0.39699426
0.3953225
0.40270835
0.39907217
0.4025248
0.3925757
0.39851996
0.40074977
0.39914438
0.39867824
0.39273927
0.3979196
0.3968345
0.39461753
0.39996323
0.39182413
0.39631686
0.39349028
0.39501366
0.40014282
0.39360395
0.3977974
0.39445132
0.3967387
0.39497048
0.3948865
0.3973266
0.40207443
0.39565694
0.39775115
0.38848025
0.3905938
0.3881413
0.39567557
0.39309782
0.38843036
0.40008694
0.39417115
0.39465463
0.39058277
0.39381385
0.39009568
0.39658043
0.39360106
0.3942347
0.3931545
0.3957457
0.38728622
0.39023018
0.38676947
0.39002788
0.38684398
0.3913336
0.39549354
0.3929752
0.39202514
0.39284778
0.38861653
0.39429775
0.3902851
0.38736963
0.3854739
0.39434767
0.39161766
0.38546667
0.3890676
0.38937348
0.38835987
0.3895409
0.38283095
0.39255452
0.38344753
0.38097623
0.39226592
0.3911285
0.39155635
0.39106297
0.38519454
0.38270757
0.3909021
0.38948444
0.38605496
0.37999487
0.3852952
0.3865429
0.38437134
0.38454005
0.38198018
0.38190222
0.38099277
0.38689518
0.38469294
0.37647545
0.38613656
0.38505262
0.38161197
0.38630947
0.38430265
0.37996396
0.38675877
0.38065854
0.3835885
0.38420767
0.38471362
0.38417646
0.3861651
0.38399234
0.37938052
0.3854675
0.38592845
0.38395154
0.38702887
0.3832713
0.38342437
0.38342977
0.38597035
0.38740107
0.38686022
0.38820496
0.3810436
0.3858973
0.38918206
0.3870824
0.3833357
0.38189298
0.3871081
0.38553426
0.38399822
0.37986606
0.3813772
0.37503213
0.37974745
0.38734606
0.38029104
0.37950882
0.37587196
0.3785458
0.37862095
0.38204807
0.3771374
0.3816087
0.37903345
0.37930247
0.37847126
0.38380525
0.3726882
0.37851664
0.3722046
0.37899813
0.37706113
0.37570977
0.37065813
0.37913465
0.3752428
0.3772954
0.37893528
0.3723818
0.37523487
0.37618136
0.37882283
0.37679625
0.38226244
0.37487975
0.37575093
0.37616524
0.380477
0.37695533
0.37456957
0.37264553
0.37140548
0.37081674
0.37609684
0.37751994
0.37723523
0.37491176
0.37122074
0.36944884
0.37713125
0.37237832
0.3769791
0.37313884
0.3721636
0.3732609
0.3738938
0.37461236
0.37242016
0.37379795
0.37381005
0.37457997
0.37123826
0.37531105
0.37339464
0.37262657
0.3694948
0.37080035
0.37090212
0.37180588
0.36886987
0.37125415
0.37142566
0.37445563
0.37296155
0.36800796
0.37278795
0.36805758
0.36989757
0.3730821
0.3664726
0.3706602
0.37090495
0.3733977
0.3733406
0.36901513
0.36890605
0.3679941
0.37295926
0.3724116
0.37036324
0.36657622
0.36841488
0.36889043
0.37132815
0.37329522
0.3679349
0.37294993
0.36860973
0.37298146
0.3672944
0.36393338
0.36883017
0.36368978
0.3705064
0.36300704
0.36545774
0.36302328
0.3692622
0.36756164
0.3610368
0.36574775
0.36220807
0.36478084
0.3678541
0.36289287
0.36766225
0.36091468
0.36239356
0.36388788
0.36302462
0.36627588
0.36336732
0.37184343
0.3665788
0.36685666
0.3638768
0.36156058
0.36518976
0.36487415
0.3612447
0.3685907
0.36787546
0.36621436
0.36547065
0.37077942
0.36651063
0.36846572
0.35953546
0.36547813
0.36604097
0.36276022
0.36464277
0.36404103
0.3642654
0.36943993
0.36738268
0.36773252
0.36990273
0.36645815
0.3637722
0.36220562
0.3647071
0.36265355
0.36873928
0.3705392
0.36372983
0.35935044
0.3612329
0.35760686
0.36188665
0.35920912
0.36207962
0.36392808
0.36274225
0.35974532
0.3598688
0.36365345
0.3641731
0.36552915
0.36226168
0.35933512
0.357001
0.36022615
0.35588175
0.35758156
0.35747993
0.35934615
0.35747474
0.35717452
0.3607131
0.35846522
0.3568471
0.3614998
0.35727206
0.36299208
0.3557862
0.3591084
0.35580844
0.35950485
0.36298466
0.35820878
0.35505638
0.35608172
0.357013
0.3582043
0.35925505
0.36131817
0.35325727
0.35804972
0.35511324
0.35388374
0.35935095
0.3556613
0.35501978
0.35035104
0.3556015
0.3517761
0.35147604
0.34914595
0.3501811
0.35215566
0.35026103
0.34667608
0.34992006
0.35181722
0.35041082
0.34991527
0.34695876
0.35152495
0.34854138
0.342092
0.35064912
0.34405056
0.34285924
0.34857523
0.35065344
0.35411513
0.3498428
0.34388015
0.34837008
0.34502432
0.3506934
0.3495029
0.34573203
0.35079414
0.34212556
0.34681034
0.34913546
0.35012865
0.35094887
0.34614486
0.354527
0.34846944
0.34347355
0.34704572
0.34826478
0.34686288
0.34686962
0.34772867
0.34540454
0.34486252
0.34427464
0.34663686
0.3495735
0.3430229
0.341787
0.3404284
0.3480895
0.34440637
0.3447597
0.3428804
0.34190646
0.3388338
0.35027507
0.3434985
0.3489225
0.34350902
0.34689388
0.34206584
0.34749103
0.35208985
0.34136495
0.3487964
0.34762916
0.3462994
0.3429129
0.34523353
0.3470878
0.3479119
0.34603286
0.34900352
0.3486977
0.34880063
0.3454834
0.34566757
0.3427955
0.34497455
0.34271073
0.3422946
0.34125474
0.34454688
0.34267944
0.3431292
0.34403467
0.33654517
0.34607622
0.34108868
0.3370716
0.34540612
0.33440876
0.3412792
0.34085992
0.34001732
0.3432132
0.3390769
0.33839437
0.34208634
0.33962667
0.33947372
0.33940777
0.33820006
0.34127668
0.33860248
0.34233886
0.33848876
0.33451587
0.33803514
0.33993497
0.34206447
0.33684963
0.3429802
0.33685598
0.3393272
0.33847022
0.3345586
0.34056836
0.33544317
0.33727577
0.3391362
0.33817744
0.3359397
0.33891225
0.33807933
0.33698088
0.3386345
0.33442953
0.3380594
0.33445984
0.3383579
0.33760443
0.33456886
0.33374128
0.33423835
0.3376058
0.33244324
0.33428425
0.3332513
0.3362859
0.33037785
0.33407438
0.3347566
0.33552226
0.3281265
0.3352018
0.3314987
0.33045214
0.33172062
0.33565345
0.33071235
0.3296794
0.32929796
0.32631359
0.3290679
0.3338135
0.3340486
0.33232808
0.32786095
0.33123982
0.340165
0.3310587
0.3306695
0.3344042
0.33147788
0.33255798
0.33296874
0.33353552
0.32877076
0.33295417
0.32598436
0.32876113
0.33011115
0.32638887
0.33119842
0.3246409
0.32346654
0.32482147
0.33004516
0.32464457
0.3285459
0.32534903
0.32694077
0.32656968
0.32369182
0.3263178
0.322381
0.32549277
0.32861763
0.32728264
0.32885125
0.3268868
0.32610568
0.32186756
0.3286964
0.32095703
0.3263506
0.32260725
0.32958478
0.32729077
0.32051566
0.3275288
0.3264328
0.32563192
0.3314556
0.33261904
0.33009842
0.33158302
0.32510737
0.3270367
0.32474792
0.32766515
0.32761455
0.3291998
0.32928222
0.32881916
0.32648873
0.3299411
0.3225659
0.32424048
0.32338405
0.3224594
0.32563794
0.32537892
0.32263944
0.32370627
0.32730117
0.321084
0.3287392
0.32392138
0.32396814
0.32533413
0.32707238
0.322335
0.32819504
0.3230819
0.3202039
0.32072312
0.3196716
0.32284123
0.32413834
0.32065406
0.3264642
0.320461
0.31886762
0.31426483
0.3190503
0.3165125
0.314934
0.31341305
0.3193977
0.3174817
0.3176707
0.31550026
0.31704858
0.31667054
0.31087354
0.31253466
0.3098961
0.31173012
0.31533435
0.31589636
0.31555885
0.31094202
0.31382635
0.31004062
0.31250885
0.30937567
0.31164098
0.31403998
0.30862466
0.31098697
0.30445033
0.30898777
0.30701682
0.30819878
0.3097222
0.31701335
0.30675846
0.31181794
0.31274047
0.30731142
0.3079933
0.31021383
0.31139863
0.30558294
0.3115496
0.30728984
0.3067032
0.31207588
0.30964863
0.30462003
0.30595997
0.30448872
0.31011233
0.306443
0.30658343
0.31205526
0.30639008
0.31014112
0.30436915
0.30642962
0.30403775
0.30384135
0.30651525
0.30861673
0.30511564
0.30255765
0.30207226
0.30320895
0.30507347
0.30295753
0.3049767
0.30622002
0.30523518
0.3043942
0.31016034
0.30414414
0.30908334
0.30884698
0.30295438
0.30347002
0.30289185
0.3097898
0.3053767
0.3062074
0.30500227
0.30226925
0.30594602
0.30528075
0.30279613
0.30865645
0.30733293
0.3077361
0.30952793
0.30562544
0.3033893
0.30679423
0.29998523
0.3026957
0.299491
0.30401337
0.30397543
0.30629918
0.30745015
0.3090123
0.3006741
0.3008859
0.30410784
0.30536205
0.305927
0.30383465
0.3054569
0.30939448
0.30147913
0.3072934
0.3024494
0.30932146
0.30389377
0.30588672
0.30740038
0.30621836
0.30903804
0.30569357
0.30166468
0.31339446
0.30971652
0.30669358
0.31174046
0.3104002
0.3053607
0.3034867
0.30669737
0.30916974
0.30219713
0.3076197
0.31076515
0.31078464
0.3070152
0.30167276
0.30713812
0.30217257
0.30776456
0.30432755
0.31271556
0.30921108
0.30440813
0.3085809
0.30639043
0.30668676
0.30237588
0.3103451
0.30133045
0.30429375
0.30507633
0.30872193
0.30733708
0.30465624
0.30665296
0.30823427
0.30532253
0.30801174
0.3047242
0.3050879
0.3010766
0.3052583
0.3043041
0.30098066
0.3023745
0.30306336
0.3081865
0.3030983
0.30503654
0.30545565
0.30271077
0.30340475
0.30031538
0.3043387
0.30297333
0.30194217
0.30217668
0.29743424
0.30410543
0.3014938
0.2999934
0.3001544
0.30092922
0.3020062
0.3019301
0.30564767
0.2998983
0.3024663
0.3035516
0.3029476
0.301075
0.2968593
0.30128136
0.3003837
0.3020234
0.3001067
0.29911187
0.30485868
0.30709115
0.304522
0.30383512
0.30092838
0.29884216
0.29828954
0.3045902
0.2990276
0.30096704
0.30259445
0.30081823
0.30291986
0.30462646
0.2952763
0.3005944
0.30193824
0.30230454
0.30299374
0.301541
0.30087
0.30296856
0.29815477
0.29996213
0.2971265
0.3008733
0.30060232
0.30297908
0.30080584
0.29672554
0.29449937
0.29823285
0.29587653
0.29767781
0.29767635
0.2957545
0.29407886
0.29659116
0.29352707
0.2919531
0.2936946
0.29475084
0.29497105
0.29365805
0.28951094
0.29556805
0.28769046
0.29068854
0.28823733
0.29418918
0.29268777
0.28534278
0.2896509
0.28912833
0.29158053
0.28637204
0.28932482
0.29229447
0.2866852
0.2939846
0.28934017
0.28524968
0.29110983
0.28841582
0.2883069
0.29324657
0.28909504
0.2837279
0.2889178
0.29281363
0.29164585
0.28775525
0.28941873
0.29682297
0.29425424
0.29024825
0.2923558
0.28722543
0.2876085
0.28677687
0.29142985
0.2830759
0.29138646
0.29202715
0.28666165
0.28753373
0.28508306
0.28688395
0.29133594
0.2899025
0.28491837
0.29447192
0.28730124
0.29491344
0.2878074
0.28927264
0.28858784
0.29196283
0.29173157
0.28901199
0.2858561
0.28295824
0.2937347
0.28911012
0.28816298
0.288479
0.29023787
0.28879672
0.29608345
0.29280058
0.2917889
0.28838706
0.28549814
0.28505376
0.29311746
0.29156104
0.2898866
0.2900594
0.28955865
0.2894482
0.28900906
0.29003984
0.29015055
0.28820652
0.29032838
0.29287356
0.28821987
0.296942
0.2940567
0.2960816
0.28967822
0.29186153
0.2893045
0.29145816
0.29257593
0.28615165
0.28653994
0.28735968
0.29436004
0.29075688
0.28951252
0.28758863
0.29126856
0.29200602
0.29143524
0.28519765
0.28895992
0.28593686
0.28824326
0.28531954
0.2859546
0.29030147
0.28498182
0.2850438
0.28184506
0.28947476
0.282852
0.28588095
0.28656703
0.2888769
0.28943953
0.28501773
0.29198012
0.28698203
0.2900591
0.29313338
0.29321453
0.28536418
0.2878608
0.28709614
0.28845355
0.2885794
0.28642216
0.291752
0.29367018
0.29038352
0.2915625
0.28920993
0.28670478
0.28623787
0.28827766
0.2933884
0.2851271
0.29018033
0.2904838
0.2894726
0.29084814
0.28578782
0.28892255
0.28101104
0.2846204
0.28417745
0.2854656
0.28615636
0.28233987
0.28511897
0.28219998
0.28136215
0.2775915
0.280258
0.282215
0.27805892
0.2801993
0.2813317
0.28162423
0.27755642
0.27914134
0.28013992
0.2801088
0.27806255
0.27464
0.28055304
0.2781495
0.27611473
0.27561322
0.27825224
0.27747014
0.2778061
0.2735629
0.2786922
0.27804527
0.27735797
0.27442116
0.27234906
0.2776104
0.2764028
0.2778805
0.2745355
0.27474463
0.2749356
0.278675
0.27345356
0.27327305
0.27507558
0.27337188
0.27481323
0.27062136
0.2738575
0.2746502
0.2797411
0.2765685
0.27529997
0.27440766
0.27213547
0.27195966
0.27357978
0.2732413
0.2740089
0.2732197
0.27051407
0.2762906
0.27009937
0.27294213
0.27014786
0.27826855
0.27467382
0.2743259
0.27493766
0.27218795
0.27549833
0.2727497
0.27612796
0.27659333
0.2698044
0.27168748
0.2664775
0.2721898
0.26896784
0.27110705
0.27320933
0.26658225
0.27176479
0.27620158
0.27116236
0.26964405
0.2695677
0.26651037
0.26483247
0.26796138
0.2685929
0.26620173
0.27234027
0.26715872
0.26916775
0.26594204
0.26939946
0.2621648
0.2669799
0.2658305
0.26272196
0.26249012
0.26307788
0.26531413
0.2662165
0.26486316
0.26787874
0.26295865
0.2655676
0.26154956
0.26238793
0.2652866
0.2601557
0.26460618
0.26422897
0.26700807
0.2646304
0.2586409
0.26492384
0.26425037
0.2618064
0.26185235
0.26177782
0.26113662
0.25953433
0.2628289
0.26483876
0.2635376
0.25972787
0.26573002
0.25812873
0.25918862
0.26048607
0.26424167
0.2607194
0.2608729
0.25996467
0.2591888
0.26136354
0.25848264
0.2621109
0.26138872
0.26123086
0.26212797
0.2604583
0.2611849
0.25992227
0.2582433
0.25894654
0.26128873
0.26322553
0.25765532
0.258429
0.2693062
0.26181442
0.26587075
0.26055947
0.2643084
0.2623917
0.25782573
0.2602139
0.2608564
0.2634793
0.2653826
0.26058248
0.25745672
0.25888264
0.2624233
0.25737765
0.26285577
0.26013
0.2625462
0.2582648
0.26304856
0.26281297
0.2588417
0.26174164
0.25886774
0.26207232
0.2611487
0.2639677
0.2622935
0.26470488
0.2688121
0.26093403
0.26103428
0.26272756
0.26232746
0.26318035
0.26053208
0.26690286
0.26290914
0.25979412
0.25960103
0.26198193
0.26233456
0.26378614
0.26134002
0.2649838
0.26157832
0.2639429
0.2600569
0.26262724
0.26179808
0.26156428
0.26601496
0.25867
0.2616407
0.2628787
0.2660382
0.2636004
0.27179137
0.26852244
0.2639627
0.26224306
0.2669109
0.26705283
0.26837638
0.262709
0.26576653
0.26699927
0.2692819
0.26514864
0.2620523
0.26435125
0.26922208
0.26552323
0.27262068
0.26257867
0.26509488
0.2626588
0.26024958
0.26684675
0.267039
0.2596887
0.26437926
0.26108837
0.26000607
0.2596502
0.26163858
0.26107398
0.26498836
0.2584959
0.25915352
0.2645607
0.26518452
0.2595094
0.26648784
0.26364997
0.26680595
0.2615531
0.26045752
0.264254
0.26596293
0.26172203
0.2571163
0.26343924
0.2603862
0.26230246
0.25860476
0.25980473
0.2596368
0.26102483
0.2620245
0.26010507
0.26364756
0.25913325
0.25357333
0.26038525
0.25698727
0.26254532
0.25797787
0.26222408
0.26856294
0.2617423
0.2599173
0.2581969
0.26396447
0.25994077
0.2631396
0.26295376
0.2571359
0.2624112
0.2602873
0.26266685
0.26066267
0.2630745
0.2606487
0.26517043
0.26393363
0.2556819
0.26283884
0.2603277
0.26100838
0.2594651
0.2711378
0.26209012
0.2585844
0.260743
0.26188958
0.2596195
0.2584238
0.2617154
0.26352546
0.26367792
0.26207268
0.26064318
0.2571615
0.26712185
0.25658298
0.26560512
0.26212046
0.26260647
0.2614381
0.2629605
0.2612141
0.2616203
0.2616504
0.2606419
0.25994876
0.25917536
0.25943556
0.25530598
0.2507555
0.25673398
0.25557008
0.25904757
0.2589198
0.26213014
0.2600468
0.25951296
0.25621513
0.25951537
0.25857958
0.2542427
0.2525426
0.25737166
0.25357285
0.2596916
0.25174603
0.253198
0.25966945
0.25992087
0.25428972
0.25434732
0.25539166
0.2519193
0.25593534
0.25967142
0.25925913
0.25342056
0.2547217
0.25387964
0.26121455
0.25394943
0.25741693
0.26039347
0.25626338
0.26067314
0.254999
0.25522763
0.25534526
0.2577398
0.2554831
0.25398234
0.25260875
0.25881684
0.2534106
0.25274634
0.25336078
0.25439575
0.25828335
0.25382242
0.25179642
0.25019372
0.25151452
0.24835643
0.25062153
0.25035113
0.24667175
0.24997078
0.24614246
0.25002104
0.25136572
0.24538842
0.25083038
0.24887832
0.24755919
0.24615222
0.24532588
0.2468658
0.25047788
0.2427123
0.24758731
0.24768133
0.24823156
0.24761723
0.24976249
0.24597485
0.24287082
0.24109976
0.24709918
0.2420237
0.2409644
0.23999354
0.24503122
0.24394903
0.2450105
0.24154891
0.24315457
0.24394332
0.24293454
0.24479136
0.24118221
0.24117093
0.24485223
0.24420545
0.24134076
0.24213398
0.23981151
0.24255049
0.23645137
0.24123539
0.24454263
0.2393258
0.23745
0.24367924
0.23734915
0.24358088
0.24176788
0.24321774
0.2480569
0.23903112
0.24057898
0.24115911
0.24424823
0.24102277
0.2441353
0.24312736
0.24343993
0.24354796
0.24482647
0.24952422
0.24247804
0.24422957
0.2415964
0.23999336
0.24463701
0.24059135
0.24144384
0.23786497
0.2419783
0.24525014
0.24052489
0.24354762
0.24267799
0.24292798
0.24279357
0.24334249
0.23898992
0.24123028
0.24389564
0.2454736
0.2390222
0.2366829
0.23978172
0.24245687
0.24170068
0.24059984
0.23730761
0.23960555
0.23859666
0.23642881
0.24067824
0.23483808
0.23536472
0.23283987
0.23240292
0.23510386
0.23584342
0.23867273
0.23575337
0.23380017
0.23318669
0.22890656
0.2305542
0.23170373
0.22876607
0.2332123
0.23332454
0.2278101
0.2310139
0.22925164
0.22936699
0.22733441
0.22984259
0.23104182
0.22674575
0.22801171
0.22553763
0.2277754
0.23331258
0.22447735
0.23601556
0.23000084
0.23040973
0.2316879
0.22727223
0.22925432
0.22948898
0.22974268
0.2281532
0.22917749
0.2313182
0.23113899
0.22913162
0.22863756
0.23069656
0.22643232
0.22712646
0.22953455
0.23294117
0.2259812
0.23014295
0.22953986
0.23627649
0.2235583
0.22417872
0.22702664
0.22884275
0.22050078
0.22513749
0.2271969
0.22453429
0.22295256
0.23191465
0.22474791
0.22228217
0.22630768
0.22793977
0.2288231
0.22332717
0.21828511
0.22530562
0.22149414
0.22283484
0.22604963
0.22265628
0.22466698
0.22431982
0.22845435
0.22856864
0.2188294
0.22223835
0.22765894
0.2254788
0.23063262
0.22641158
0.22703624
0.22936773
0.22494134
0.22464617
0.22478464
0.22413433
0.22789104
0.22441801
0.22156326
0.22096494
0.2284428
0.22097674
0.2268414
0.22294699
0.22102004
0.22545293
0.2252815
0.22283503
0.22609928
0.2225758
0.22592087
0.21794432
0.22441275
0.22459772
0.22147602
0.22026877
0.2276504
0.22641282
0.22616106
0.22275968
0.22226559
0.22550347
0.22349541
0.23008479
0.22541295
0.22341488
0.23015909
0.22895029
0.22814669
0.22883432
0.21975625
0.2281475
0.22738053
0.22539532
0.22806315
0.22240834
0.22060162
0.22527558
0.22616042
0.22590911
0.22349522
0.21971473
0.22587156
0.22661267
0.22635072
0.22841737
0.22503144
0.22496685
0.22426723
0.22656246
0.21904498
0.21883133
0.222074
0.22306168
0.22920854
0.22995862
0.22521335
0.22654402
0.22596005
0.21953934
0.22750233
0.22061792
0.22399977
0.22406143
0.22544375
0.2221596
0.22216319
0.2262557
0.22385618
0.22771199
0.21979299
0.22338562
0.2262683
0.22424598
0.21693474
0.22460851
0.22331385
0.21811411
0.22194155
0.22038533
0.21951106
0.21850665
0.21766596
0.21604834
0.22403514
0.22180589
0.22305138
0.2247975
0.22170053
0.22058149
0.21714625
0.21785863
0.21809863
0.21433602
0.21855274
0.21487597
0.2151974
0.22238916
0.21315835
0.21982673
0.21325271
0.21192093
0.2163791
0.20938288
0.21694598
0.21284048
0.21379934
0.21025246
0.21260557
0.21103138
0.2094002
0.21067226
0.2112012
0.21123938
0.20908685
0.21761699
0.20908207
0.21269192
0.21396594
0.20703815
0.20589346
0.20983145
0.21043739
0.20859684
0.20790292
0.21313061
0.20926616
0.20642516
0.21234524
0.2104162
0.2105796
0.2088289
0.20351309
0.20664346
0.20818293
0.20708779
0.20497973
0.20991723
0.2052373
0.20521034
0.20484783
0.20320144
0.20663825
0.2036574
0.20811695
0.20327939
0.20526996
0.20489219
0.20817876
0.2075111
0.20399818
0.20634931
0.21325018
0.20524913
0.20906685
0.2026529
0.1994254
0.20278305
0.21100383
0.2041925
0.20765251
0.20590533
0.2092341
0.20532008
0.20116898
0.20785214
0.20430398
0.20316298
0.20654476
0.20383406
0.20161958
0.20085974
0.20534045
0.2070386
0.20107152
0.20764707
0.207305
0.20655997
0.20434806
0.20113298
0.19921139
0.20356324
0.20603804
0.2074197
0.2046684
0.20548072
0.20942281
0.20762548
0.21005951
0.20127846
0.20242706
0.206827
0.21233405
0.20243923
0.20541313
0.20431444
0.20816176
0.20693819
0.2091184
0.20746414
0.20987463
0.20947558
0.20911564
0.20900187
0.20801555
0.20635436
0.20764332
0.20939347
0.2069502
0.20421466
0.20593038
0.21067569
0.2060753
0.20363623
0.20983802
0.20691264
0.21283117
0.21124528
0.21293937
0.2063964
0.20742793
0.20884183
0.20985013
0.21027327
0.20586987
0.21485662
0.21199074
0.21014023
0.2100473
0.20931153
0.20890753
0.20580068
0.21171248
0.20422792
0.20612493
0.20167573
0.21430112
0.20485441
0.20706724
0.20339897
0.20237434
0.20805964
0.20428738
0.19880013
0.19786082
0.20488496
0.20370485
0.20450607
0.20144376
0.20737968
0.2056202
0.20386012
0.20444144
0.20190631
0.2006267
0.19867003
0.20146509
0.20841809
0.20545664
0.21121265
0.21002969
0.2013992
0.20568375
0.20999332
0.2020174
0.20177679
0.20563737
0.20127489
0.20529246
0.20511031
0.20330009
0.20675772
0.2062014
0.19668847
0.20695049
0.20171
0.20180312
0.19822773
0.20353726
0.20313458
0.2045915
0.19946145
0.19638659
0.19603123
0.19983467
0.19880076
0.19716969
0.20245706
0.19708179
0.1987029
0.19307785
0.19509357
0.18992645
0.1931821
0.19295949
0.19506745
0.19378668
0.1941686
0.19175394
0.19922663
0.19687086
0.19915795
0.19624527
0.19386336
0.19470063
0.19488753
0.19983923
0.19663446
0.19313477
0.19400951
0.19745679
0.19521837
0.19144844
0.19510028
0.19645596
0.1951955
0.19802538
0.2005419
0.19546448
0.1986865
0.19677587
0.19391984
0.19342579
0.19735534
0.19630864
0.1979066
0.19616626
0.19972213
0.20159437
0.19270885
0.19586575
0.20019451
0.20232132
0.19576922
0.2022062
0.19380566
0.19842687
0.20138623
0.19673435
0.19863242
0.20368709
0.20482868
0.19849089
0.19926381
0.19669569
0.19357169
0.19506554
0.19412111
0.20360433
0.20362984
0.19792283
0.2023663
0.19945908
0.20018917
0.19794235
0.19682692
0.20203753
0.20369907
0.1947202
0.19693798
0.2033291
0.2015606
0.20086019
0.20149496
0.19696957
0.19837585
0.20042472
0.20422912
0.19975987
0.19847639
0.19793835
0.2009246
0.20329818
0.19703098
0.1958316
0.19851197
0.20153238
0.1986526
0.1982699
0.20302969
0.20007314
0.19887233
0.19522262
0.20010903
0.1978445
0.19225986
0.19730605
0.19670162
0.19703867
0.19299403
0.20235607
0.19713023
0.19686955
0.19563626
0.19512007
0.19458379
0.20138209
0.19301665
0.19627544
0.19410352
0.19543704
0.19996431
0.19681402
0.19279863
0.19861385
0.19699632
0.19629157
0.19818355
0.19687419
0.19755946
0.19482285
0.1991442
0.2018196
0.19881378
0.2037909
0.19054359
0.19613732
0.19683275
0.19850087
0.19641478
0.1999159
0.19593988
0.19396879
0.18962745
0.19636479
0.19495669
0.19580153
0.19507734
0.19474651
0.19595055
0.1969289
0.19412504
0.19613153
0.1929729
0.19507656
0.19268678
0.19701584
0.19408238
0.19574429
0.19762897
0.19669007
0.19942555
0.19469686
0.19908598
0.20494005
0.20050119
0.20034008
0.19707264
0.19331886
0.19151935
0.19236617
0.19402386
0.19769062
0.19702643
0.19863893
0.19096452
0.19639614
0.20051467
0.19677821
0.20265336
0.19769938
0.19471273
0.19379103
0.19088389
0.19101955
0.19542466
0.19444482
0.1953595
0.1906312
0.18577114
0.19066356
0.1921953
0.19420154
0.19295692
0.1879802
0.19047576
0.18706794
0.19269346
0.19005041
0.18667121
0.18786547
0.1869421
0.18818803
0.19047433
0.18673475
0.1888577
0.19412255
0.18795113
0.18671377
0.1830324
0.18793048
0.19295232
0.18410042
0.19478437
0.19030096
0.19337869
0.18886442
0.18643221
0.18726149
0.18956162
0.19739339
0.19102709
0.18793853
0.19109179
0.19531386
0.18539183
0.18627207
0.19044916
0.18925993
0.19042632
0.19273153
0.18732285
0.19417529
0.19327308
0.1906595
0.19150876
0.18754452
0.18957077
0.1884634
0.19633229
0.18687974
0.19050819
0.18550234
0.18770355
0.18912509
0.18651332
0.18198444
0.18407764
0.18728185
0.18540218
0.18570806
0.18584052
0.18598634
0.19628605
0.18488345
0.18859513
0.18625227
0.18539761
0.18921408
0.18986708
0.18714885
0.1872372
0.19149269
0.18989079
0.18766704
0.17986248
0.18806644
0.18364589
0.18625332
0.19274779
0.18222536
0.18481658
0.18897966
0.18454109
0.17984334
0.18349534
0.1905528
0.18284266
0.1893413
0.18627284
0.18510655
0.18732722
0.18493815
0.18621983
0.18759745
0.18095732
0.17864762
0.18365528
0.18673132
0.18560642
0.18806002
0.1874602
0.18663713
0.18614443
0.18699582
0.1876481
0.18177816
0.18907185
0.18489182
0.18546939
0.18572995
0.18116501
0.1853096
0.18926004
0.18415992
0.18206936
0.17702116
0.18285263
0.18414453
0.1792862
0.18384439
0.17996234
0.18167056
0.18196198
0.1846614
0.18617478
0.18274543
0.18058662
0.18401588
0.18449983
0.18504833
0.18099658
0.18317513
0.1826925
0.19107859
0.18432286
0.18327849
0.18133894
0.18312225
0.18339685
0.18462662
0.18478012
0.1798284
0.18575531
0.17886205
0.18541448
0.1828004
0.18300495
0.18599114
0.1816037
0.1855092
0.1876304
0.18427753
0.18852676
0.182378
0.18325184
0.18847167
0.18305592
0.18757293
0.18164559
0.18194802
0.18107265
0.18440308
0.18526793
0.18337302
0.18474257
0.18358466
0.1877805
0.18895511
0.18202133
0.18204102
0.18766719
0.1832006
0.17989591
0.18313886
0.18059146
0.17639954
0.1797853
0.18111688
0.18123119
0.18504329
0.18001872
0.17807148
0.18944281
0.18105407
0.18322663
0.17975722
0.18262698
0.17435436
0.18279436
0.177224
0.17844658
0.17912282
0.17868504
0.18523774
0.17734233
0.18157531
0.1758977
0.18206352
0.1723339
0.18623452
0.17097354
0.17539756
0.17813222
0.17554992
0.1802072
0.18040383
0.17976871
0.175205
0.17744471
0.17278922
0.17864433
0.17545378
0.17985247
0.18111096
0.174404
0.1787334
0.1756866
0.17164531
0.17757666
0.17752823
0.17692082
0.17074873
0.17496927
0.17842399
0.1789735
0.17918006
0.17200738
0.17821929
0.17433985
0.17239244
0.1774717
0.17763816
0.1741611
0.17401947
0.17681749
0.17600846
0.1746155
0.17548545
0.17603068
0.17338985
0.17470835
0.17515828
0.17309467
0.17540802
0.17043793
0.17365985
0.17232294
0.17584673
0.17759818
0.17396069
0.1744706
0.1713502
0.16994031
0.17430174
0.17471771
0.16663496
0.17011282
0.170737
0.17058344
0.17179483
0.17378356
0.17460124
0.17464307
0.17084503
0.17639737
0.16876751
0.17123103
0.1784501
0.17144296
0.17132626
0.17320417
0.17282449
0.1738494
0.16966449
0.17634222
0.1717051
0.17043503
0.1695123
0.17539732
0.1657935
0.1696487
0.17086364
0.17186616
0.17117886
0.16799223
0.16732478
0.1681632
0.16549946
0.1690711
0.1667871
0.16612686
0.16555576
0.17043814
0.16966173
0.16962889
0.1712309
0.16648006
0.1676764
0.1653906
0.16943836
0.16890912
0.17080793
0.1641243
0.17043559
0.16171563
0.16351143
0.16851148
0.17024976
0.16080938
0.16709518
0.1699595
0.16983059
0.16936088
0.16959538
0.16564032
0.16698319
0.16645586
0.16654
0.16403726
0.16861062
0.16773084
0.16373411
0.16977146
0.16526791
0.17008536
0.16325164
0.1687374
0.1690101
0.16954291
0.16614318
0.16650498
0.16482861
0.17334922
0.16436318
0.16095327
0.16192484
0.16616112
0.16486697
0.16227366
0.16586319
0.16811225
0.16611099
0.16803427
0.16705906
0.16653067
0.16920799
0.16879332
0.1618736
0.16332482
0.16612549
0.16120204
0.1630843
0.16327748
0.16413228
0.16747299
0.16254085
0.16782752
0.16545378
0.1641294
0.17002279
0.16662583
0.16111185
0.16293986
0.1598931
0.16057856
0.16045389
0.16371246
0.16494243
0.16480081
0.1685102
0.16284153
0.16556098
0.1629519
0.16176632
0.16768318
0.16422139
0.16067229
0.15987633
0.15846857
0.1611992
0.16312985
0.16425833
0.1638654
0.1609653
0.16027458
0.15968724
0.15889561
0.15364435
0.16029873
0.15875147
0.16049302
0.15751167
0.1632316
0.15766211
0.15507787
0.16567859
0.16005732
0.15604727
0.15728964
0.15836708
0.15225123
0.15592386
0.16029277
0.15512331
0.15522425
0.15424962
0.15796313
0.15492406
0.15741931
0.15948686
0.15400492
0.15668635
0.156914
0.15090385
0.15627973
0.15752843
0.15850922
0.1561004
0.15808572
0.15459852
0.15249734
0.15406892
0.15075345
0.15546179
0.15612324
0.15385605
0.15669079
0.15862565
0.15169488
0.15735252
0.15297662
0.15405376
0.15354957
0.15663335
0.1550917
0.15483324
0.16015196
0.14998733
0.15624592
0.14921857
0.15408319
0.15687379
0.15289651
0.16136622
0.15292378
0.15115052
0.15221426
0.15021066
0.15109892
0.15580773
0.15473506
0.15555716
0.15274838
0.15475306
0.15295671
0.1607454
0.15373074
0.14888115
0.15374586
0.1502048
0.15578867
0.14800498
0.14646874
0.15042792
0.15345427
0.15392283
0.15458913
0.15117712
0.14846075
0.14632703
0.1515898
0.15138194
0.15102707
0.1548609
0.16005152
0.14992468
0.15185004
0.15541594
0.14786854
0.15573257
0.15381445
0.15472506
0.15346013
0.14733976
0.14954649
0.15000744
0.15257674
0.15420522
0.15390678
0.15583746
0.15642795
0.16026004
0.15549313
0.14996281
0.15551578
0.15544237
0.15269695
0.15269111
0.15342577
0.15131517
0.15538697
0.15018205
0.14775169
0.15555726
0.15404883
0.14699775
0.1523419
0.15028715
0.1535858
0.15049024
0.1495219
0.15517274
0.14675201
0.14787365
0.1509726
0.14991312
0.15759818
0.15532176
0.14882754
0.15451196
0.14975473
0.14964567
0.14639202
0.1483247
0.14822492
0.15347224
0.14147533
0.15038395
0.14733613
0.14890674
0.1482257
0.14284103
0.14243847
0.14976254
0.14332892
0.14893427
0.1470435
0.1497369
0.14434132
0.14523353
0.14689003
0.14404598
0.14762397
0.14069436
0.14151858
0.14476785
0.14426441
0.14514989
0.14706038
0.1436128
0.14165375
0.14833191
0.14567994
0.14646362
0.14530155
0.14479385
0.14476645
0.1410994
0.14645363
0.14239578
0.146327
0.13923842
0.14840026
0.14071897
0.14136478
0.14125113
0.1413001
0.14747547
0.14477882
0.1452661
0.14806944
0.14141785
0.13826877
0.13809937
0.14097919
0.14363676
0.141252
0.14141797
0.13997735
0.14485893
0.14052613
0.13834317
0.14287347
0.14618064
0.14027148
0.14032376
0.14473617
0.14366394
0.14101608
0.14250101
0.1406146
0.14675923
0.13848403
0.14590913
0.14780991
0.1404004
0.14189255
0.14631404
0.14150102
0.14040776
0.13891318
0.13773915
0.14416802
0.14471865
0.14086697
0.13990596
0.14005938
0.14546207
0.13651143
0.14168409
0.14197628
0.14657852
0.14106838
0.1342221
0.13704607
0.1430446
0.13526395
0.1333403
0.13992082
0.13264674
0.13884577
0.13666306
0.1362589
0.13872018
0.14057197
0.13953625
0.13427728
0.13506925
0.13839585
0.1371624
0.13824402
0.13981885
0.13343929
0.13786949
0.13527852
0.13226184
0.13472657
0.13178824
0.14032888
0.13127054
0.1281362
0.12981375
0.13765423
0.12730317
0.13661978
0.13741235
0.13868912
0.13169466
0.13022675
0.12975274
0.13463908
0.13484535
0.13511728
0.13646635
0.1318189
0.13253017
0.13070892
0.13260204
0.13392013
0.12868813
0.13220859
0.13575059
0.13825008
0.12935713
0.13763627
0.13337223
0.13396582
0.12874794
0.1311084
0.13322507
0.12797952
0.13686332
0.13360316
0.1342501
0.1407211
0.13053279
0.13693067
0.13454668
0.13255794
0.13123144
0.13438298
0.13438302
0.13521789
0.1354866
0.13501213
0.13785708
0.13609298
0.13661575
0.13527563
0.13831572
0.13551879
0.1353284
0.13601083
0.13237837
0.13208163
0.1421979
0.13035214
0.13261716
0.13517106
0.13496311
0.13263384
0.13307066
0.13376406
0.13599427
0.13035445
0.13337806
0.13104025
0.13620503
0.12628658
0.12911783
0.12677522
0.13359784
0.13035832
0.13472609
0.12291147
0.12798512
0.13672599
0.12716196
0.127309
0.12417206
0.12356492
0.123071656
0.13581811
0.1261303
0.12777035
0.12949687
0.1277571
0.13085566
0.13146424
0.13068315
0.13224766
0.13294081
0.12440385
0.1295993
0.12885094
0.12777127
0.13538729
0.13023049
0.1339445
0.1330523
0.13282055
0.13207541
0.12966542
0.12963267
0.13326184
0.12843435
0.13520524
0.13205709
0.12898332
0.13025375
0.13124228
0.1295536
0.12962882
0.12912555
0.13593385
0.12663072
0.13159183
0.13208497
0.13037317
0.12969133
0.12766387
0.12976083
0.13091633
0.13504095
0.13059343
0.13045865
0.13780385
0.1378867
0.13470516
0.13489458
0.12612271
0.13727461
0.13037676
0.13081491
0.1345639
0.12988149
0.13296133
0.12968566
0.13880979
0.13485053
0.12803267
0.13088088
0.13163383
0.1354056
0.13324156
0.13100624
0.1291869
0.13705583
0.13068213
0.13704003
0.12989733
0.13109303
0.1330858
0.12731048
0.13155659
0.1328887
0.13152942
0.13592155
0.12235787
0.1289439
0.13101174
0.12751952
0.12893271
0.12723097
0.12567738
0.12831704
0.13049842
0.12648802
0.12945029
0.1290321
0.12652004
0.13082026
0.12745738
0.12989655
0.12883453
0.12792158
0.1348402
0.13282982
0.13061284
0.1265537
0.126503
0.121333286
0.12560476
0.13730809
0.1352049
0.12979306
0.13563749
0.12975264
0.12738901
0.12803327
0.12369483
0.12780355
0.12810762
0.124909624
0.12136715
0.12683791
0.12366059
0.12526804
0.12904947
0.12517947
0.12398227
0.1266323
0.1289494
0.13055006
0.12538455
0.12502074
0.13034151
0.12924728
0.12186569
0.12703322
0.12560323
0.13011017
0.12687255
0.12723312
0.12666912
0.12647188
0.1241429
0.13075484
0.12562315
0.12770467
0.13156796
0.12666509
0.121930934
0.12514216
0.12844773
0.11876712
0.12586072
0.13439706
0.12322792
0.12389757
0.13166472
0.12728725
0.12581728
0.12626651
0.12796931
0.12823842
0.11986882
0.122363076
0.12876774
0.12456991
0.1282262
0.125521
0.12269706
0.1208968
0.12812905
0.12487851
0.12295126
0.123357445
0.12222722
0.1221318
0.12617065
0.12242814
0.12152085
0.12359972
0.12125456
0.12661414
0.119680844
0.13093054
0.1296888
0.1272938
0.1281244
0.12752594
0.122132696
0.12250531
0.124555565
0.12765937
0.12400589
0.11837916
0.1265015
0.122325666
0.12448905
0.12408636
0.12634602
0.11714924
0.12441524
0.12564456
0.122429624
0.12289965
0.12523931
0.1250454
0.12890193
0.12420071
0.12400013
0.11905242
0.12163466
0.12577851
0.12355857
0.12436698
0.12452911
0.12348448
0.13115497
0.12757745
0.12007572
0.12439308
0.12389885
0.11728308
0.118801124
0.119766235
0.12275781
0.12456235
0.122774094
0.12221847
0.1271169
0.12399936
0.12057144
0.1215897
0.119471654
0.12481092
0.12644543
0.12047474
0.1271945
0.12716903
0.12566361
0.12334777
0.12130159
0.12531517
0.124747485
0.120980404
0.1283985
0.123844944
0.12977098
0.12521441
0.12888837
0.12523675
0.12307016
0.12221057
0.12485536
0.11663195
0.11612951
0.12293969
0.11708523
0.12022448
0.11832922
0.12570873
0.120911755
0.12475917
0.12086728
0.11554587
0.12586805
0.126551
0.119263746
0.1260754
0.12435298
0.11336034
0.12420113
0.12711495
0.12057484
0.11758926
0.1228697
0.122162186
0.1177683
0.112025164
0.11945465
0.11469649
0.116276935
0.11687128
0.119491965
0.11646634
0.12185579
0.11902588
0.11597004
0.11955077
0.11757919
0.11506327
0.11960848
0.117288366
0.12262242
0.11662662
0.119065374
0.12052737
0.12192735
0.11655512
0.12089563
0.11665931
0.12356629
0.12439189
0.11392192
0.11641317
0.11216092
0.114552416
0.11362128
0.110286005
0.117142156
0.11260438
0.1164196
0.11378266
0.113316655
0.10782107
0.11323629
0.11298393
0.10864462
0.115152836
0.10928333
0.11039637
0.109713085
0.10716278
0.11335973
0.10405052
0.10338383
0.10605738
0.115546554
0.10995977
0.11100216
0.10939838
0.10517577
0.11052531
0.10957955
0.10960067
0.10890005
0.10321008
0.10490053
0.10289885
0.110831216
0.107586086
0.10883712
0.10845674
0.110949755
0.10097428
0.102922134
0.10313488
0.10468966
0.10623858
0.110203914
0.108078666
0.10250733
0.10577236
0.10987416
0.10313892
0.103829555
0.104915574
0.10503189
0.104971
0.10570834
0.109594226
0.11007107
0.10355468
0.11373224
0.10657187
0.10854295
0.10381221
0.10392347
0.105716065
0.10988404
0.105143346
0.11138768
0.1082609
0.11260324
0.105709024
0.10122932
0.10636477
0.106098734
0.10871794
0.10462399
0.10361004
0.10834226
0.10615239
0.106536195
0.10604179
0.10472935
0.10748277
0.10818763
0.105255954
0.10294772
0.109031714
0.09981795
0.10871702
0.09823249
0.1056707
0.10608967
0.099173374
0.10669298
0.103107765
0.103841655
0.1079873
0.104198955
0.1002588
0.10599778
0.10675265
0.10705247
0.10257673
0.10944541
0.103461675
0.10954366
0.10086369
0.10151758
0.10534994
0.10205577
0.10228431
0.10369938
0.105703555
0.106828615
0.10390206
0.10759788
0.097494766
0.10504653
0.10608135
0.10582942
0.102882445
0.10147014
0.10422758
0.10331515
0.10766045
0.10047596
0.10704936
0.10344105
0.107585095
0.10313261
0.10644312
0.09980366
0.10797191
0.10185479
0.10518979
0.10138733
0.10664042
0.11129771
0.10334911
0.10493035
0.1019282
0.10704199
0.10452207
0.113217294
0.104112394
0.10543695
0.11158997
0.10466759
0.10519415
0.1139361
0.11148249
0.11603657
0.10942242
0.10564705
0.108922854
0.1095221
0.11659134
0.11152843
0.10745547
0.107606485
0.10721784
0.1077472
0.110210024
0.11573186
0.110223755
0.10611041
0.10757021
0.1085263
0.104118146
0.11172371
0.11348354
0.10754946
0.10976611
0.11101345
0.10757905
0.11190136
0.11611101
0.105824985
0.10827861
0.10399981
0.101747595
0.11452329
0.108395785
0.107899345
0.11174166
0.112132326
0.10782765
0.10341381
0.10847799
0.112414606
0.10579093
0.111361176
0.1105599
0.102340184
0.11041166
0.10422555
0.11004547
0.1087193
0.10673454
0.10733587
0.104950994
0.10937493
0.103866704
0.11125579
0.11687207
0.11822552
0.11206942
0.110946834
0.10506551
0.11115623
0.10778969
0.10788612
0.10521939
0.110972926
0.11490009
0.10723212
0.10462604
0.104164645
0.10583808
0.10869305
0.11015592
0.11170333
0.105744176
0.10646752
0.10218612
0.111613296
0.11000448
0.10067434
0.10891168
0.11225308
0.105669536
0.10837376
0.108094394
0.10630409
0.106478415
0.10228483
0.11049441
0.104256056
0.103086755
0.106614
0.10278345
0.10141886
0.09931429
0.09787865
0.10496558
0.110802695
0.10223118
0.1002397
0.09955509
0.10061187
0.10124754
0.099871844
0.095632724
0.10435901
0.10171771
0.10280482
0.0954728
0.10107516
0.09920599
0.09793832
0.101659745
0.09499699
0.09637056
0.100666635
0.09827896
0.09803756
0.101025894
0.101175904
0.10161138
0.09177747
0.09045327
0.096163146
0.10008265
0.09881243
0.09717679
0.093265645
0.09573173
0.09355664
0.099317886
0.100556426
0.09763422
0.09558444
0.10081385
0.10284015
0.09983552
0.1020234
0.09590379
0.09811556
0.09705717
0.10215612
0.10158522
0.09732052
0.10160993
0.102053896
0.10657189
0.09976064
0.10190025
0.09988606
0.10165587
0.098709874
0.09642962
0.10211252
0.10149852
0.10306585
0.097724624
0.10700999
0.099709086
0.10163904
0.10852048
0.098756395
0.10403073
0.10154689
0.09933847
0.09978013
0.10032784
0.10181324
0.10531786
0.10230933
0.10180549
0.10319275
0.10643364
0.09982837
0.10700007
0.099866375
0.09872625
0.09748593
0.10029424
0.10073676
0.09967806
0.096589275
0.101555526
0.103708915
0.09688805
0.104441844
0.09789771
0.10390667
0.10037955
0.098571606
0.10117695
0.10725193
0.10045437
0.103012
0.10603986
0.10140418
0.0971074
0.10151769
0.10435721
0.10481863
0.09532984
0.09882871
0.09966944
0.091666065
0.093634896
0.09906564
0.10076228
0.09569529
0.09758267
0.09499898
0.09705941
0.09958586
0.09280811
0.09017728
0.09741506
0.0891465
0.09251493
0.09464258
0.09856297
0.097125016
0.09222871
0.09466271
0.09731821
0.09889364
0.09788812
0.09623836
0.09642393
0.09308577
0.094639204
0.09005224
0.09370569
0.09030118
0.09771051
0.09467675
0.09251058
0.09773481
0.1005611
0.0908116
0.08814463
0.09611891
0.09173374
0.09642519
0.09821486
0.089174375
0.09477867
0.094305746
0.095446244
0.09351377
0.091057554
0.09040927
0.09526249
0.09803647
0.1028744
0.0949215
0.09569144
0.092442036
0.09416963
0.09470151
0.09353335
0.08996004
0.09245156
0.09044963
0.09874653
0.095669426
0.08635849
0.095777
0.0933232
0.09375063
0.098432414
0.0998676
0.10131866
0.093324825
0.0911715
0.09855852
0.09595704
0.098261215
0.092920296
0.09502002
0.09401288
0.096055485
0.09623719
0.092294455
0.09732393
0.098252706
0.09912703
0.092182875
0.09938594
0.088005126
0.09148844
0.09332669
0.10007923
0.09963039
0.097806536
0.10363742
0.090958014
0.09480102
0.09175863
0.09403353
0.08957654
0.09121612
0.09805271
0.095385544
0.09155014
0.09120101
0.09125688
0.09018948
0.087923236
0.09709446
0.08891837
0.09577917
0.10051474
0.090635516
0.09280314
0.09527796
0.0911191
0.09054971
0.09201214
0.09758024
0.08619114
0.093062334
0.095691554
0.09558371
0.09032967
0.08999516
0.09557154
0.10000408
0.09124957
0.09141343
0.09380169
0.09516731
0.09983659
0.09193815
0.09212954
0.09148366
0.09867939
0.09525492
0.09992107
0.091209434
0.09078651
0.092979796
0.09365514
0.093944214
0.09102662
0.093168005
0.09324208
0.09306381
0.08896978
0.09318685
0.09387209
0.08890153
0.09665627
0.095199585
0.089447156
0.09480339
0.09096856
0.09404335
0.087268166
0.09674253
0.09413631
0.08478413
0.0888905
0.09304805
0.0943936
0.091347635
0.0891425
0.09163044
0.0870458
0.09123096
0.09158878
0.09366077
0.09072034
0.08927311
0.091604225
0.09320457
0.09023631
0.09142613
0.088763714
0.0930201
0.09117343
0.087028466
0.08980583
0.08851318
0.09269955
0.095250495
0.08973616
0.099011265
0.09708298
0.09057184
0.09604463
0.09098078
0.09755441
0.09989998
0.097789034
0.0906586
0.09261031
0.08722487
0.088570505
0.09736881
0.09192998
0.08752471
0.098617464
0.087201655
0.09731189
0.09660522
0.099006236
0.09213111
0.08657007
0.091560654
0.08752315
0.094638936
0.096597664
0.09372226
0.094080664
0.09286453
0.09154022
0.090921834
0.09126263
0.09849757
0.08778499
0.09368396
0.09205538
0.09241303
0.09570357
0.09265737
0.088657744
0.09125374
0.08750585
0.08727424
0.09135005
0.09539724
0.095582314
0.09205708
0.09435312
0.09139104
0.09623982
0.09942638
0.08772025
0.089118436
0.09308004
0.088420965
0.091663174
0.08948668
0.09680194
0.088572666
0.08441142
0.089999415
0.08604993
0.08564725
0.09464786
0.092205666
0.092773944
0.08903475
0.09305621
0.09346936
0.08904135
0.08613626
0.09305551
0.08881772
0.09560118
0.09062239
0.0998463
0.0816556
0.09124079
0.0955731
0.08912586
0.08931568
0.08513903
0.08503529
0.09393768
0.09213941
0.09430066
0.08753982
0.08907606
0.084567614
0.095222756
0.08448183
0.0871049
0.08717593
0.08889226
0.090509504
0.08692684
0.085838124
0.08555955
0.08833272
0.086335935
0.080849506
0.0841102
0.087626584
0.09823667
0.08481369
0.087659806
0.08701253
0.08442168
0.08672496
0.08495632
0.08469367
0.08647786
0.08010447
0.08224788
0.08455736
0.08119483
0.08637095
0.085624516
0.08802284
0.08392621
0.08127959
0.07942963
0.08052135
0.08607993
0.08846485
0.0792883
0.08342588
0.08677545
0.08140687
0.08365252
0.08521153
0.076211885
0.08496741
0.082954176
0.08862707
0.07901306
0.08726194
0.07645114
0.08794091
0.0818489
0.082213156
0.08229995
0.09101855
0.09347389
0.07680154
0.08358423
0.08643754
0.07641881
0.082688354
0.074461386
0.07833503
0.07811962
0.07813271
0.08642531
0.07972852
0.08094301
0.07773118
0.08075056
0.0824412
0.0775128
0.07651238
0.077042095
0.081678696
0.080813676
0.0771595
0.07862083
0.07719748
0.07806127
0.07940547
0.07618649
0.081946276
0.08013294
0.07377075
0.082857154
0.081239946
0.078719266
0.082159236
0.07943666
0.07765777
0.082476266
0.07889885
0.07863297
0.08240904
0.079882115
0.073403396
0.07675562
0.081383765
0.087234624
0.0789656
0.07147902
0.07678821
0.07512838
0.074217655
0.08508986
0.07485433
0.07675247
0.07110822
0.07913191
0.079190865
0.07436182
0.07509093
0.07661922
0.07181256
0.071658805
0.080526255
0.081707805
0.073489934
0.074136354
0.08358966
0.07796695
0.075911365
0.0729669
0.07929325
0.07422841
0.0784789
0.072642915
0.07837046
0.07832102
0.071604125
0.07496383
0.082326464
0.08643654
0.078684516
0.0736439
0.078889914
0.08213119
0.08016801
0.08392833
0.076496154
0.07857045
0.07489214
0.078056045
0.08071341
0.08049527
0.079985835
0.07984878
0.07758292
0.07913701
0.07713498
0.08052201
0.0806864
0.08000261
0.07790209
0.07577263
0.07469673
0.0857831
0.07827188
0.07422058
0.08111451
0.07690292
0.08261554
0.08110679
0.07650066
0.07075261
0.07336348
0.07459638
0.07808178
0.07520074
0.07620335
0.08277466
0.08079148
0.079791434
0.0726405
0.07768585
0.07238464
0.07444962
0.0718258
0.07499854
0.07376986
0.077552125
0.07156374
0.0721839
0.07136635
0.0746194
0.0690121
0.082885034
0.082992345
0.07115676
0.07442793
0.06991003
0.071540736
0.078230344
0.06751836
0.07818574
0.07289401
0.073573574
0.074265055
0.073500715
0.07680622
0.08036963
0.07567959
0.079241484
0.07775019
0.07779348
0.07891568
0.072408125
0.07632743
0.082320705
0.08031807
0.08142408
0.07806499
0.07510777
0.078848585
0.07662095
0.07375571
0.075553745
0.077921405
0.07643357
0.073665306
0.07860854
0.073737726
0.07458771
0.07428508
0.07504781
0.07388386
0.07809914
0.08373747
0.07714685
0.077054374
0.077187166
0.08309539
0.0752425
0.077779904
0.07104743
0.07903703
0.08327731
0.07320164
0.07749736
0.072943375
0.074213065
0.08000264
0.07720926
0.0753259
0.07596558
0.07105758
0.06506164
0.0766039
0.0738812
0.07139768
0.07277839
0.071932316
0.07072827
0.073568106
0.071365476
0.07428277
0.07528752
0.078260176
0.072378986
0.07509392
0.07794949
0.07145647
0.07100126
0.07659258
0.079210386
0.07364463
0.07639016
0.07273397
0.07230573
0.07984497
0.082550965
0.07643196
0.070389666
0.07495341
0.07783721
0.07084222
0.07698013
0.07802363
0.08018486
0.07022196
0.081507474
0.07475788
0.077325165
0.07414401
0.08043581
0.075789094
0.07767585
0.07813122
0.07556364
0.078995585
0.076834254
0.07637515
0.08135323
0.07492856
0.08159911
0.0759785
0.07635232
0.077366434
0.073058404
0.08504292
0.07891689
0.08249058
0.08053388
0.07720776
0.07694974
0.0824378
0.07496512
0.075797446
0.07705786
0.07311267
0.08073513
0.076871306
0.0707933
0.072701424
0.076658174
0.075484306
0.07634951
0.076197416
0.07298306
0.07557443
0.07188872
0.08879395
0.08061501
0.072194494
0.07512895
0.084174864
0.074798204
0.07261403
0.07434109
0.0743519
0.07709687
0.088061035
0.065403946
0.071459495
0.09118291
0.078071065
0.08236199
0.06969166
0.07688332
0.07873859
0.07469281
0.07751339
0.07316055
0.08139191
0.07649915
0.07405964
0.077578925
0.07425571
0.07266773
0.075316265
0.07448289
0.06639271
0.06732177
0.07851421
0.06749049
0.07396618
0.07264801
0.076447144
0.07240517
0.06881481
0.0670163
0.06431001
0.07545047
0.069015674
0.0678512
0.077931345
0.07277834
0.06934426
0.07685754
0.077140085
0.07603869
0.075923644
0.070617035
0.06618257
0.076182455
0.074239485
0.0715847
0.07316843
0.07541138
0.06932784
0.07479436
0.076806314
0.07340431
0.06547923
0.07719837
0.07075461
0.075806655
0.07105706
0.06519567
0.06678774
0.067605026
0.07110876
0.06907189
0.07446509
0.07650252
0.074487954
0.067574866
0.080828294
0.07211523
0.06911953
0.06697873
0.07941668
0.07260927
0.07122231
0.068942025
0.070809826
0.07346418
0.06910901
0.07000609
0.06766088
0.073970854
0.06492584
0.069005385
0.07695688
0.06907292
0.06763449
0.070420384
0.074551165
0.06968456
0.08781107
0.06443226
0.07098715
0.069127396
0.072123595
0.06737645
0.065381765
0.074913114
0.06663863
0.06560294
0.06984697
0.06552392
0.07581318
0.06555882
0.068107516
0.06762169
0.07559397
0.06460826
0.072120406
0.07395688
0.06659007
0.07065703
0.07282128
0.068332896
0.068699904
0.06567111
0.06522482
0.07302684
0.07245675
0.06872308
0.07108998
0.067720376
0.07135032
0.06412153
0.06324769
0.06509751
0.06924742
0.063398086
0.061063103
0.062731564
0.066056326
0.06386484
0.06446173
0.06785767
0.06548592
0.07011943
0.06608817
0.066639245
0.06626195
0.06400358
0.06290138
0.0619423
0.060893167
0.062733725
0.06849665
0.062013414
0.060551126
0.061475873
0.06261077
0.06356442
0.06700002
0.06395698
0.062139742
0.06109627
0.060316157
0.059779197
0.05996163
0.061554857
0.063287266
0.063727
0.06282121
0.06220612
0.060166594
0.05967858
0.057471596
0.059281696
0.059233762
0.060573403
0.061818045
0.063368
0.06176853
0.060350623
0.0592291
0.061088346
0.06110759
0.0617893
0.06135542
0.060536027
0.058469057
0.060194854
0.06096314
0.06481253
0.06374764
0.06414308
0.05948417
0.059787195
0.059913848
0.06324184
0.063641146
0.063480824
0.06294335
0.06414586
0.06301828
0.065231636
0.06597088
0.070112884
0.066733785
0.066084005
0.06484521
0.0653599
0.06272301
0.06272371
0.06316482
0.064816855
0.0655264
0.0660998
0.06620043
0.064413585
0.06255034
0.060921922
0.06357061
0.06273802
0.06408477
0.06243218
0.0641895
0.06322929
0.064926125
0.065787196
0.06681969
0.06723767
0.06449177
0.064049214
0.061385818
0.06255352
0.061193306
0.062082842
0.06153548
0.06354245
0.06494756
0.06610468
0.06681303
0.067376114
0.06664823
0.065528534
0.0666439
0.06990819
0.07038518
0.066826515
0.06463365
0.06509604
0.06620062
0.066000685
0.06565744
0.06543425
0.06971447
0.078573845
0.06885075
0.06533408
0.0698397
0.068338454
0.06785214
0.06330532
0.0637183
0.063599914
0.06606801
0.064635366
0.06264598
0.061695606
0.06314018
0.06396296
0.064449824
0.064181246
0.062828295
0.060763866
0.059349574
0.061853662
0.064966984
0.06708003
0.0688808
0.06804713
0.06831715
0.06515953
0.06392059
0.060478013
0.06287907
0.06283465
0.06458911
0.06481254
0.066416115
0.06691985
0.065059274
0.06502373
0.06698211
0.068157285
0.067722656
0.06852761
0.06793144
0.068146184
0.06825109
0.06907535
0.06949156
0.06718214
0.068775184
0.06923654
0.07070695
0.06991823
0.07130779
0.06891853
0.06715412
0.064533606
0.06950816
0.07114723
0.073417485
0.07092636
0.07580395
0.085345306
0.07558156
0.07004039
0.06902467
0.07074496
0.071280085
0.06995118
0.07114259
0.073007315
0.075510964
0.07461357
0.07625357
0.074428
0.07381645
0.07103172
0.070142105
0.07455788
0.08209231
0.07653587
0.076058514
0.079713486
0.081360735
0.0793262
0.07694119
0.07184045
0.074283846
0.07391609
0.082414314
0.09231294
0.077889584
0.07020191
0.070601895
0.07114917
0.07136143
0.07249804
0.07313408
0.073588654
0.07270176
0.07129154
0.0711222
0.070217706
0.06973216
0.0732698
0.073489696
0.073079325
0.071621776
0.07523081
0.075771585
0.07424919
0.0717708
0.07578853
0.07695747
0.074945346
0.07453573
0.0734377
0.07582582
0.07403388
0.07466653
0.07377305
0.07210761
0.07133003
0.07109589
0.073441185
0.07125097
0.070230305
0.0674023
0.06871111
0.069487356
0.069419906
0.07013063
0.07101986
0.07223365
0.0715672
0.07144832
0.07043661
0.06922925
0.06796522
0.06660188
0.06776514
0.06698319
0.071036026
0.066715606
0.06826892
0.06592638
0.06894743
0.06724056
0.06372831
0.066880845
0.069595955
0.0756963
0.07086642
0.06890494
0.06411073
0.066628106
0.06611081
0.06801827
0.06951493
0.07302429
0.074446626
0.07420193
0.07141061
0.07213636
0.07124925
0.07490038
0.07419454
0.07466678
0.07250448
0.07148082
0.072523035
0.069870375
0.067194454
0.06540864
0.0672236
0.06841148
0.07083548
0.07091266
0.07145683
0.06768669
0.066184476
0.06564783
0.069293395
0.06982011
0.07157736
0.06775245
0.07104049
0.06974252
0.072394244
0.07020135
0.07017454
0.06727392
0.0657617
0.06316055
0.06900409
0.070632406
0.073514685
0.06831136
0.06860172
0.06994956
0.06830329
0.06847472
0.06540934
0.06503956
0.063988976
0.06335869
0.06327083
0.06057449
0.061743673
0.06749924
0.0703339
0.07320571
0.0695242
0.0683113
0.06567175
0.065913744
0.0648383
0.062581025
0.060706016
0.058732033
0.061490938
0.0628549
0.06791398
0.06844031
0.068218105
0.06759321
0.06268331
0.06412075
0.06313079
0.064609036
0.065248586
0.065368
0.06715736
0.07536436
0.07370438
0.07575279
0.06701628
0.067502946
0.066688836
0.06641815
0.06616543
0.06551267
0.06330131
0.06452093
0.06505163
0.06595125
0.06269185
0.06455691
0.0666089
0.07117453
0.06851926
0.06436345
0.06430657
0.06453797
0.067807555
0.06573034
0.064382456
0.065118656
0.0662636
0.06920217
0.06716678
0.06519315
0.061857667
0.06346222
0.066113636
0.06803749
0.065629
0.065070465
0.06367125
0.06552334
0.06705435
0.06774852
0.0657194
0.0628017
0.065235406
0.065988176
0.06523009
0.06107816
0.06453139
0.06530792
0.063985474
0.061206784
0.06501906
0.06748061
0.070552744
0.06751373
0.06614959
0.06142826
0.06190239
0.063510574
0.06552814
0.061393805
0.063773185
0.062521935
0.06545448
0.06316593
0.06514697
0.065286554
0.06848203
0.06893687
0.06913992
0.06661945
0.068097055
0.06857787
0.07230184
0.07075311
0.06994185
0.06974048
0.07317512
0.07834828
0.074778035
0.07120819
0.065919705
0.06619738
0.06816052
0.0723329
0.07132049
0.07186393
0.069206364
0.06818562
0.06473522
0.063663654
0.066682026
0.069795944
0.07149137
0.071985334
0.07104574
0.07082078
0.071668856
0.07093319
0.07174196
0.06866998
0.065296866
0.064251915
0.06597048
0.069469616
0.068827875
0.07037848
0.069698885
0.06974872
0.06731525
0.06560935
0.06484008
0.068601266
0.06885987
0.07047596
0.06418765
0.065979496
0.06316117
0.06806535
0.06656841
0.06671988
0.062482543
0.06372526
0.065118045
0.06661743
0.067706704
0.067353874
0.06972359
0.0706095
0.07501887
0.075676806
0.073414154
0.07273923
0.06919285
0.06992973
0.06755703
0.06642509
0.06613309
0.06867678
0.07241831
0.070998125
0.06769867
0.06689994
0.0637525
0.06599955
0.06346766
0.06690895
0.064534046
0.06634249
0.066069975
0.06545969
0.06411573
0.06313158
0.061977167
0.059568208
0.06359665
0.064476855
0.067636065
0.06711579
0.06701914
0.06778478
0.066173784
0.06393876
0.06356314
0.06384706
0.065522395
0.062505245
0.060405444
0.061950274
0.06669556
0.06661577
0.069607094
0.06525701
0.06412242
0.060585458
0.05985412
0.063026264
0.06310161
0.06399197
0.06177004
0.061471134
0.059469555
0.061307456
0.06175276
0.06447803
0.0633524
0.063209
0.064202435
0.06330404
0.06242824
0.060321286
0.058525752
0.055800747
0.0569216
0.05834746
0.060582127
0.057556767
0.055108115
0.053550947
0.055701908
0.059381448
0.064718895
0.06654818
0.065364085
0.060974225
0.060312204
0.06364343
0.06454774
0.064517334
0.05740829
0.054971978
0.05234775
0.053740013
0.058209863
0.06417894
0.06495584
0.062476996
0.058617808
0.061828274
0.06208686
0.06492427
0.06635429
0.06332776
0.06010225
0.062046934
0.06584212
0.06988106
0.065928556
0.06805901
0.06686644
0.066327795
0.062233318
0.06107503
0.06205657
0.06320052
0.0632302
0.06466558
0.06930216
0.07207379
0.07340506
0.070345365
0.06833512
0.06537961
0.06263129
0.05940261
0.059605837
0.065306336
0.06925872
0.111986615
0.19258755
0.12544063
0.083126634
0.06377026
0.06102063
0.064392604
0.069719486
0.0742647
0.06904556
0.064801954
0.065750405
0.066249646
0.06543954
0.061177675
0.063998885
0.06579034
0.06534278
0.061871283
0.06495506
0.0689367
0.069269694
0.06556092
0.06404974
0.06257701
0.061248247
0.06064086
0.060835887
0.064292125
0.062940635
0.06292959
0.060794335
0.056805614
0.060540725
0.062200006
0.06826741
0.06568575
0.06495547
0.06197285
0.06218465
0.05905979
0.06231419
0.060196523
0.06278187
0.05612129
0.0588984
0.058237184
0.06296144
0.058749937
0.056884382
0.05512383
0.059420288
0.060935944
0.060717795
0.05991043
0.0590479
0.0597807
0.058225006
0.059691317
0.062662475
0.06675372
0.06632987
0.06400725
0.062275644
0.0603066
0.05838114
0.05711915
0.057128366
0.055549584
0.059076704
0.060149495
0.062488865
0.060080208
0.06584694
0.06328602
0.062663935
0.058420252
0.060716227
0.06255109
0.05995525
0.064173386
0.06203404
0.06706033
0.06423844
0.06284798
0.061433636
0.060310453
0.0639874
0.06472667
0.06283573
0.060231324
0.057355154
0.06041701
0.05830852
0.055844665
0.056131788
0.059975244
0.06326083
0.06198166
0.061560422
0.06090137
0.060134355
0.05904497
0.059588514
0.057910137
0.054911636
0.05451325
0.05760362
0.061236314
0.060716927
0.05983371
0.05825926
0.057422582
0.05629959
0.056784686
0.059424132
0.06044653
0.059430797
0.05958098
0.0608421
0.05943278
0.058015436
0.057890214
0.06026338
0.06383317
0.062786914
0.07015432
0.06613213
0.06385476
0.056335628
0.056150824
0.056466106
0.05728006
0.057834905
0.055814296
0.05608299
0.055670463
0.058239773
0.060570173
0.06253879
0.06262717
0.06042419
0.056759696
0.052556626
0.050578006
0.05070373
0.05066224
0.051009137
0.052759018
0.053668674
0.052125916
0.05156096
0.04908165
0.050172865
0.05149287
0.05326565
0.058019113
0.059563365
0.06060576
0.06077807
0.05860954
0.056542404
0.052811347
0.053412475
0.053189997
0.05460047
0.053631265
0.054623097
0.052370097
0.05179674
0.05178212
0.05107917
0.052248523
0.05172074
0.05460122
0.054387234
0.054577105
0.053327132
0.056041677
0.053939227
0.053385187
0.05164483
0.05057255
0.049389765
0.04871866
0.04991146
0.054526944
0.05460614
0.055311617
0.055179898
0.056225404
0.052265212
0.053242426
0.050716043
0.049876302
0.048894875
0.04907809
0.048828203
0.050859936
0.0543951
0.053023532
0.053639572
0.0541815
0.053062044
0.05097244
0.050438236
0.049953934
0.04956927
0.04980477
0.050374445
0.049744986
0.050643597
0.04962071
0.05009693
0.047606114
0.046946175
0.04539251
0.044964343
0.043635186
0.04411823
0.04475331
0.04381375
0.044365034
0.046738982
0.046384282
0.049076945
0.048290946
0.04817755
0.049826946
0.048221514
0.04541489
0.046433836
0.046368074
0.04073624
0.042784322
0.042877432
0.04363371
0.044712108
0.045247857
0.043417327
0.04379489
0.044311866
0.0420592
0.042890854
0.044145998
0.043961633
0.044245634
0.045117665
0.044268653
0.043933656
0.0444046
0.042640716
0.043056156
0.042380083
0.043785736
0.042198814
0.042202648
0.042107537
0.04311316
0.042636134
0.04404583
0.044247437
0.04341195
0.04485482
0.0474793
0.047564268
0.047256183
0.0474645
0.049308337
0.046216015
0.04679957
0.049062952
0.049944006
0.050208747
0.053542867
0.052026752
0.052866332
0.054094486
0.050779853
0.048040994
0.049628478
0.046784885
0.0463209
0.044879083
0.04520111
0.044935934
0.046234492
0.04363058
0.044438694
0.04355841
0.04392649
0.044643246
0.048246153
0.050553568
0.05320452
0.0524183
0.05071827
0.049093697
0.04840066
0.04576222
0.04760461
0.047583837
0.047415465
0.04926561
0.051951285
0.05256394
0.055414952
0.055820934
0.056679655
0.056983862
0.055595588
0.055268403
0.056108095
0.05255523
0.05352938
0.054502737
0.053167783
0.052099075
0.055928916
0.05157116
0.04969436
0.049760215
0.049969617
0.048862547
0.051346198
0.053492475
0.05468919
0.054761555
0.053904813
0.05398932
0.052864935
0.05261526
0.050964627
0.05406944
0.054533184
0.054033875
0.054200854
0.054857463
0.05162967
0.050513465
0.0499757
0.050753627
0.052311115
0.051457856
0.050468344
0.048944037
0.046727385
0.04768341
0.04588883
0.04525501
0.046839498
0.046131566
0.045865584
0.04401896
0.045246862
0.046964955
0.04981199
0.052820344
0.053573154
0.05351483
0.051395793
0.04751481
0.046119247
0.047112275
0.046127085
0.048566736
0.049940392
0.052052498
0.051636122
0.048057657
0.04819776
0.046834078
0.04674429
0.04880682
0.049565535
0.05135567
0.051242806
0.05061325
0.05107751
0.053707574
0.053452577
0.05265019
0.05503558
0.056799497
0.05602095
0.055317715
0.05413889
0.057015207
0.05317205
0.054833274
0.055688083
0.058639847
0.056122128
0.0567327
0.054422904
0.053511254
0.050536525
0.05168671
0.053627595
0.05189055
0.052925203
0.055757876
0.057259977
0.054749787
0.060334295
0.05981915
0.060199756
0.056716885
0.05863195
0.055908903
0.05828599
0.056082737
0.056597855
0.05802617
0.06016502
0.058913894
0.060651064
0.060768776
0.059282053
0.05607026
0.05525509
0.05515505
0.057197448
0.058974817
0.058296084
0.059187572
0.05726119
0.05427302
0.05344569
0.0505924
0.052342094
0.052912176
0.05582807
0.06006688
0.061112735
0.0637389
0.06363435
0.063501716
0.0628085
0.063918665
0.06519895
0.06528825
0.06751857
0.06675613
0.0645643
0.06437136
0.063062936
0.061461795
0.06281596
0.06326922
0.06105909
0.062016077
0.061087854
0.058266915
0.058630913
0.05940991
0.05899261
0.058640618
0.062182892
0.06279315
0.063624635
0.06480437
0.06285374
0.06043201
0.062295847
0.06371741
0.062031828
0.064175025
0.0641413
0.061479583
0.061609417
0.06435995
0.06480536
0.06589454
0.06652029
0.06517125
0.0643175
0.06238505
0.06172671
0.062146787
0.06179169
0.06194137
0.06298676
0.061915204
0.06268489
0.062055133
0.06044781
0.05938365
0.061473906
0.060096167
0.06030706
0.05693746
0.05601696
0.05485168
0.052421957
0.050988913
0.050675344
0.053727113
0.053643536
0.05287866
0.05367362
0.053892117
0.055110693
0.05468327
0.05866357
0.061799772
0.06054927
0.061159957
0.059706718
0.055427656
0.054847054
0.049269218
0.050306547
0.04930194
0.048275173
0.048514057
0.04905116
0.05160529
0.052468568
0.052464034
0.051606853
0.05311212
0.054455977
0.054667875
0.051977124
0.04906353
0.04755568
0.047931053
0.048081677
0.04690389
0.047105506
0.048619248
0.05029502
0.051821936
0.05104198
0.04956621
0.051656183
0.05025961
0.049293302
0.04989333
0.049211137
0.049856614
0.050328445
0.052028846
0.053307835
0.052921012
0.054272242
0.05328836
0.05345248
0.05701939
0.054135706
0.054121513
0.054459166
0.051682636
0.05228564
0.05112287
0.04576159
0.046780247
0.047263376
0.045919415
0.04478306
0.0468773
0.048210047
0.048902992
0.047600098
0.047280822
0.046388555
0.04869414
0.04998474
0.04687052
0.049796954
0.049694978
0.049506545
0.048474807
0.047651198
0.049744647
0.050813917
0.050815977
0.053694468
0.053261805
0.05450495
0.054506455
0.0538715
0.054137416
0.051994395
0.04923552
0.050667893
0.049440473
0.04817785
0.047454856
0.047069352
0.04747811
0.04904015
0.04851156
0.04932935
0.05080505
0.05508358
0.054510362
0.054719854
0.053325776
0.05653214
0.056231886
0.05453542
0.054042302
0.053285383
0.05255784
0.055052612
0.05301065
0.05271423
0.052077193
0.050853945
0.05115392
0.051708296
0.05003505
0.048834696
0.047152676
0.047089715
0.04730445
0.049133446
0.04942453
0.051189143
0.050924584
0.04982948
0.052672103
0.052635994
0.05216604
0.050489485
0.048277702
0.048076138
0.049507353
0.04988395
0.048813272
0.05078141
0.053512197
0.054739244
0.053828992
0.05509782
0.052974492
0.05308079
0.0553714
0.052860305
0.053267468
0.053953316
0.052404154
0.052521825
0.05410231
0.05330088
0.05402417
0.054514993
0.0552465
0.05785494
0.056629
0.056847665
0.055920105
0.054383118
0.054281153
0.05522299
0.05457686
0.05604794
0.054650817
0.055778045
0.056081273
0.056599747
0.058048878
0.055899613
0.054222226
0.051567618
0.052439798
0.051674705
0.051501885
0.0522676
0.050361563
0.050558798
0.05132585
0.05126302
0.05456741
0.054404568
0.056903213
0.05502983
0.05471091
0.056303207
0.057357844
0.055298433
0.054019783
0.05337817
0.05316173
0.055415682
0.05528494
0.05576806
0.05442779
0.05537855
0.05668383
0.058394954
0.058480345
0.05935937
0.059765723
0.06018938
0.060027212
0.061425183
0.06104774
0.060792215
0.059461035
0.05845106
0.056734916
0.056946702
0.05690466
0.055607785
0.05350626
0.051998135
0.05241171
0.05278453
0.051926225
0.05231
0.048741568
0.04951511
0.049096078
0.051359773
0.051753532
0.051448997
0.051106658
0.048997868
0.04596824
0.046035916
0.04609718
0.04490329
0.04358774
0.041868217
0.04113526
0.04007004
0.041387316
0.042332705
0.04298316
0.044614702
0.04320706
0.044348285
0.044861022
0.046075214
0.046113495
0.046633676
0.047460884
0.04516273
0.046275325
0.045126718
0.046874616
0.04791468
0.047073267
0.047296118
0.047793888
0.048346866
0.048105255
0.047258303
0.046679042
0.04484763
0.046286132
0.04482548
0.044826232
0.04496285
0.044001512
0.042892005
0.041549157
0.04122891
0.04129948
0.041124478
0.041342255
0.04161632
0.04091591
0.039602637
0.03901454
0.038341373
0.03865931
0.039734516
0.03998987
0.040313084
0.039891753
0.039320882
0.040029284
0.03976697
0.04037631
0.04113962
0.04186215
0.041577242
0.043314446
0.044036407
0.043595243
0.04360192
0.045041792
0.046597164
0.047736008
0.04838341
0.04732807
0.049024906
0.04844605
0.049700763
0.04756478
0.046978
0.0467553
0.04752722
0.046746477
0.044305027
0.04299109
0.04356311
0.04505778
0.04347862
0.04517679
0.04467097
0.045580838
0.045367867
0.046342053
0.0466754
0.046190757
0.04866222
0.049829513
0.050738584
0.050122917
0.049707994
0.048955362
0.047795683
0.047226846
0.047144238
0.048881233
0.051165707
0.051764607
0.053348362
0.05190248
0.052876387
0.053617984
0.054656148
0.055366207
0.055180192
0.055805042
0.057092134
0.055440363
0.053092603
0.05287822
0.053784832
0.05317647
0.054680362
0.055947073
0.055077925
0.055870976
0.055306528
0.052911215
0.05266117
0.053213347
0.052714486
0.05257043
0.051972
0.05096767
0.04968479
0.048358146
0.050721265
0.051495925
0.052441057
0.055595864
0.056343786
0.05743614
0.06009563
0.059319947
0.059161015
0.05992861
0.06019758
0.06100768
0.05866319
0.05762059
0.059547704
0.05831941
0.059112225
0.057070997
0.054896295
0.056783035
0.05814591
0.059768885
0.058897547
0.05961045
0.061274022
0.059544362
0.058185533
0.05944702
0.05762883
0.059860352
0.06144112
0.061954774
0.06117722
0.06164122
0.06122345
0.06276983
0.064168
0.066321336
0.067867935
0.06699649
0.069892704
0.06992723
0.06885249
0.07121975
0.07170104
0.074171536
0.075033285
0.074739665
0.07340156
0.07267794
0.07373479
0.07035358
0.07021725
0.068575226
0.06648774
0.067028284
0.06563607
0.0658179
0.06549713
0.061647993
0.061014764
0.059596397
0.05817043
0.058601547
0.05881297
0.059409842
0.058574457
0.058908623
0.056847665
0.05828197
0.05731718
0.05727518
0.058821924
0.059254676
0.059887607
0.060763594
0.06141011
0.060887996
0.060957894
0.060310338
0.05827732
0.058669455
0.061082717
0.061739255
0.062090967
0.061106965
0.06083001
0.061722238
0.061161585
0.060822
0.060347077
0.061357543
0.06284385
0.064223886
0.06490759
0.06299063
0.06107692
0.059211787
0.059977345
0.059995487
0.060847245
0.061241895
0.062024463
0.06230901
0.062010415
0.060708568
0.060113393
0.06171516
0.0613428
0.06152568
0.06044322
0.060613625
0.061767016
0.060278486
0.060277753
0.06050565
0.060088962
0.058514986
0.05848549
0.05952325
0.05811775
0.056576
0.056898613
0.05701623
0.0569762
0.056659747
0.057324342
0.057404645
0.058633987
0.05842051
0.056660097
0.05578935
0.054571446
0.053948753
0.053652022
0.05264588
0.053628776
0.054710645
0.053286705
0.053437993
0.051445644
0.049823277
0.049727164
0.04914717
0.04788802
0.04692789
0.045240026
0.044183593
0.045215603
0.044869088
0.04385973
0.04472003
0.045254275
0.04450252
0.046041083
0.04502706
0.04398567
0.04351361
0.043266747
0.04343764
0.043590467
0.04380991
0.044122875
0.045117218
0.045962576
0.0455492
0.04653497
0.04858265
0.04810235
0.047375556
0.047158744
0.04877788
0.04851986
0.048302606
0.04879024
0.047514636
0.04844036
0.049797956
0.049347006
0.050289955
0.0519418
0.05209121
0.051236577
0.050614446
0.048887014
0.047538348
0.04807653
0.048202068
0.047887072
0.04644423
0.045705803
0.04424453
0.0441162
0.044018585
0.04246113
0.041197054
0.040852714
0.04046053
0.040346865
0.040008884
0.039076034
0.038325086
0.038763523
0.038943704
0.03760927
0.03802391
0.038153313
0.038092982
0.03913433
0.039950054
0.03980333
0.03886251
0.039753985
0.040292636
0.04054126
0.040188115
0.041739505
0.041996
0.04189206
0.041721366
0.04262642
0.042724203
0.042672448
0.04184437
0.042402584
0.042597365
0.043191712
0.042117707
0.042080704
0.04182335
0.043030597
0.0427487
0.042652935
0.04220381
0.041846763
0.040707458
0.04042416
0.039897054
0.040049084
0.040320847
0.039946176
0.03936552
0.03955898
0.03938007
0.03866698
0.03837034
0.038514175
0.039151885
0.038567025
0.037815347
0.037012406
0.037124705
0.036436748
0.03614388
0.036059447
0.036116496
0.03591168
0.036701206
0.037087005
0.03632935
0.03664647
0.036089957
0.035847537
0.036082987
0.036154386
0.0368887
0.03659061
0.03774751
0.03789662
0.037361395
0.037793163
0.03740813
0.038398772
0.038480807
0.039340544
0.040605277
0.03975794
0.039228193
0.03879706
0.039024208
0.039153352
0.040527266
0.041088343
0.04194268
0.04225013
0.04186222
0.041394733
0.040679887
0.040719945
0.04210644
0.040955197
0.040354963
0.040550135
0.039697975
0.040007144
0.04051699
0.040716525
0.04020567
0.04024267
0.040232692
0.040832605
0.03999423
0.040505894
0.040410236
0.040825717
0.040968306
0.041380536
0.04196761
0.0420661
0.042336024
0.0429456
0.04229308
0.041931484
0.041235313
0.041061882
0.041425563
0.042284254
0.042948414
0.042162016
0.04207446
0.04241075
0.04285734
0.0425179
0.041941136
0.042379223
0.042963803
0.042937197
0.043717273
0.043443013
0.043372035
0.043451786
0.043584727
0.04230968
0.04122744
0.041549757
0.04072288
0.04006586
0.0400323
0.040094294
0.03967974
0.039866865
0.040427875
0.040085938
0.039880455
0.039662596
0.039123382
0.03857924
0.038794894
0.03940889
0.03899228
0.039639734
0.039600737
0.03985002
0.04027661
0.040765185
0.04040838
0.040497266
0.040640235
0.040917635
0.04123651
0.041807916
0.042202875
0.042825513
0.04223207
0.04260946
0.041977566
0.042206716
0.042153336
0.042566143
0.043137044
0.044519853
0.04532777
0.045275535
0.045610067
0.045986358
0.046784505
0.04754728
0.047810677
0.048194464
0.048677865
0.0483915
0.047775157
0.047001507
0.045403637
0.045096736
0.044342738
0.04388019
0.043470908
0.043723326
0.042578284
0.04182923
0.04096539
0.040921483
0.041067496
0.040124953
0.03993676
0.03982009
0.03892225
0.038625263
0.037911717
0.037979208
0.03768035
0.03684371
0.036729116
0.03603781
0.036089856
0.035573915
0.035174575
0.03511577
0.03501055
0.034942355
0.034583934
0.034095533
0.034052536
0.033438276
0.033443794
0.03322868
0.0331637
0.03289606
0.032573234
0.031982284
0.031596087
0.031316765
0.031020006
0.030578496
0.030179989
0.029714512
0.029188728
0.028848317
0.028315911
0.028086733
0.027680835
0.027203579
0.026844252
0.026410544
0.02599732
0.025603322
0.02522739
0.024868464
0.024525566
0.024197794
0.023884317
0.023584368
0.023297235
0.023022259
0.022758828
0.022506377
0.022264373
0.022032324
0.021809775
0.021596298
0.02139149
0.021194981
0.02100642
0.02082548
0.020651853
0.020485256
0.020325417
0.020172082
0.020025015
0.019883994
0.019748809
0.01961926
0.019495167
0.01937635
0.01926265
0.019153908
0.019049983
0.018950736
0.01885604
0.018765774
0.018679824
0.018598083
0.018520452
0.018446838
0.018377151
0.01831131
0.018249238
0.018190863
0.018136118
0.018084941
0.018037274
0.017993065
0.017952265
0.017914828
0.017880714
0.017849885
0.017822308
0.017797954
0.017776797
0.017758813
0.017743986
0.017732296
0.017723734
0.017718289
0.017715957
0.017715957
0.017715957
0.017715957
0.017715957
0.017715957
0.017715957
0.017715957
0.017715957
0.017715957
0.017715957
0.017715957
0.017715957
0.017715957
0.017715957
0.017715957
0.017715957
0.017715957
0.017715957
0.017715957
0.017715957
0.017715957
0.017715957
0.017715957
0.017715957
0.017715957
0.017715957
0.017715957
0.017715957
0.017715957
0.017715957
0.017715957
0.017715957
0.017715957
0.017715957
0.017715957
0.017715957
0.017715957
0.017715957
0.017715957
0.017715957
0.017715957
0.017715957
0.017715957
0.017715957
0.017715957
0.017715957
0.017715957
0.017715957
0.017715957
0.017715957
0.017715957
0.017715957
0.017715957
0.017715957
0.017715957
0.017715957
0.017715957
0.017715957
0.017715957
0.017715957
0.017715957
0.017715957
0.017715957
0.017715957
0.017715957
0.017715957
0.017715957
0.017715957
0.017715957
0.017715957
0.017715957
0.017715957
0.017715957
0.017715957
0.017715957
0.017715957
0.017715957
0.017715957
0.017715957
0.017715957
0.017715957
0.017715957
0.017715957
0.017715957
0.017715957
0.017715957
0.017715957
0.017715957
0.017715957
0.017715957
0.017715957
0.017715957
0.017715957
0.017715957
0.017715957
0.017715957
0.017715957
0.017715957
0.017715957
0.017715957
0.017715957
0.017715957
0.017715957
0.017715957
0.017715957
0.017715957
