915.4292
309.56897
143.01479
101.442116
79.9302
66.32055
56.726852
49.375957
43.695274
39.116207
35.354885
32.18402
29.578724
27.21083
25.18338
23.48021
21.936968
20.45723
19.206781
18.074823
17.105516
16.129524
15.302472
14.510503
13.7783375
13.14629
12.619974
11.984989
11.6031275
11.169158
10.596267
10.208584
9.83945
9.372661
9.036831
8.690919
8.377258
8.095739
7.920652
7.5982747
7.287453
7.1121454
6.847887
6.6627684
6.4486947
6.265778
6.1571913
5.9589343
5.740281
5.565473
5.42379
5.283567
5.1457715
5.0812926
4.9582906
4.748963
4.617076
4.527783
4.4296446
4.3331814
4.2271695
4.1976514
4.0623765
3.9392934
3.8559182
3.7685149
3.6951473
3.6557255
3.564234
3.4887152
3.3979967
3.3641763
3.2885842
3.2001026
3.1362548
3.089669
3.0356302
2.99614
2.925498
2.86754
2.82886
2.7647812
2.7041276
2.6640055
2.6277125
2.589773
2.5470755
2.5153687
2.4658024
2.4697993
2.4034002
2.3468502
2.3142943
2.2907553
2.2648997
2.219862
2.1785805
2.1612
2.1302075
2.098957
2.0651636
2.0473022
2.0132098
1.9929556
1.9702786
1.9668128
1.9297965
1.8911853
1.8692071
1.8423262
1.8301721
1.8057761
1.8040504
1.7559199
1.7500559
1.7335916
1.7043221
1.6713604
1.6689663
1.6431319
1.6132077
1.6165907
1.5751295
1.5743519
1.591031
1.5352925
1.5166957
1.5145319
1.4995271
1.4775951
1.4592519
1.4613762
1.436549
1.4268153
1.4159588
1.4004736
1.3918567
1.3783146
1.3729457
1.3598144
1.3387897
1.3169773
1.3102146
1.3052111
1.2916459
1.2747002
1.2675264
1.2551744
1.247261
1.2393808
1.2307372
1.213959
1.210481
1.1971574
1.1887478
1.1835783
1.1729946
1.1597728
1.1543733
1.1482844
1.1342607
1.1347021
1.1138973
1.1084388
1.1255596
1.101141
1.0987875
1.088511
1.0902942
1.0762343
1.0621958
1.0530039
1.0430393
1.0480059
1.0445122
1.0340436
1.0399021
1.0196311
1.0471151
1.0355208
1.0009648
0.99697894
0.99544805
0.9856672
0.9882054
0.97255576
0.9606138
0.96119034
0.9577433
0.9490981
0.94212633
0.9357092
0.9255101
0.9180811
0.9110843
0.9131443
0.9031433
0.89767045
0.8917059
0.8886221
0.88348186
0.8771088
0.86978596
0.87083215
0.8624378
0.86122763
0.8548986
0.84685874
0.8450331
0.8465208
0.8351036
0.8310896
0.826386
0.82743025
0.82389015
0.8164212
0.8113125
0.8122611
0.81027704
0.8079762
0.7976063
0.79635006
0.7972604
0.7888566
0.7830663
0.78093755
0.7794421
0.7736385
0.777051
0.7857606
0.7716766
0.76327646
0.7619152
0.7575927
0.75597525
0.75062925
0.75467706
0.7462383
0.74636936
0.74171257
0.73953503
0.7402427
0.737298
0.73548156
0.733577
0.7251692
0.7279832
0.7285187
0.7276629
0.7127886
0.7157396
0.71468896
0.7086184
0.70716184
0.7054196
0.7021555
0.7016367
0.70217144
0.6972407
0.6948464
0.6971328
0.69242203
0.68702006
0.68918234
0.6864829
0.6952232
0.6828814
0.6807738
0.6761625
0.6793795
0.6759726
0.6766825
0.67952496
0.6696005
0.67127997
0.66744334
0.6720947
0.6662168
0.6700236
0.6690667
0.67573166
0.659471
0.66188365
0.66675013
0.66080534
0.665415
0.660719
0.66317713
0.6591423
0.65846264
0.65303904
0.6558113
0.6508611
0.64825386
0.6510563
0.6440273
0.64521503
0.64582527
0.64566845
0.63816917
0.6456157
0.63421595
0.63736415
0.63338685
0.63787985
0.63192433
0.62594396
0.62515086
0.623322
0.62216556
0.6280491
0.619407
0.6174882
0.6172581
0.6174848
0.6178651
0.61891836
0.61499184
0.6162546
0.61948085
0.6109446
0.6113643
0.6124957
0.6134465
0.6099421
0.60432965
0.60828847
0.6103566
0.6049253
0.60859406
0.6060383
0.6034636
0.6013165
0.5953225
0.5937589
0.593835
0.5934774
0.59170556
0.5953481
0.5947076
0.58953446
0.5878353
0.5928941
0.5908714
0.5881051
0.593926
0.5886088
0.58699256
0.5858219
0.58395386
0.58226776
0.58263946
0.5776089
0.58240217
0.57855684
0.5812597
0.57690203
0.57841253
0.57034945
0.5700789
0.575629
0.56955826
0.56668663
0.5708178
0.5681847
0.5676018
0.56359416
0.5675837
0.5684966
0.562235
0.5642864
0.5613811
0.56029147
0.5570064
0.5534262
0.55723464
0.55622715
0.55955493
0.5538047
0.5544418
0.5559353
0.55514354
0.55065846
0.55210996
0.5568253
0.5515586
0.55410826
0.55410045
0.5520763
0.55289644
0.54772365
0.54609853
0.55003583
0.545334
0.5446071
0.5466169
0.54094446
0.546293
0.5366744
0.5402886
0.5377819
0.5395056
0.5401429
0.5360459
0.53291845
0.5364836
0.5332202
0.534193
0.5310131
0.5334464
0.53435856
0.52749914
0.52627087
0.5293234
0.52197963
0.52670556
0.5291164
0.5247466
0.5267042
0.521878
0.52078086
0.52008295
0.51868683
0.51941276
0.51455176
0.51596045
0.5185442
0.52123
0.5137119
0.51553893
0.51145035
0.51281875
0.51382214
0.50819445
0.5057676
0.5074723
0.50685173
0.5031653
0.50726974
0.50439286
0.50832695
0.5041444
0.5055447
0.50496334
0.503461
0.5017993
0.4997105
0.4991887
0.5013438
0.5017613
0.49430162
0.49829435
0.49809262
0.4957006
0.49043354
0.4962883
0.49454522
0.49435687
0.49204385
0.49116987
0.4941145
0.49190488
0.48623204
0.4923638
0.48887053
0.48657387
0.4882032
0.48486993
0.48749438
0.4873615
0.48444897
0.48893756
0.48529837
0.48063257
0.48298362
0.48222488
0.48127407
0.48172125
0.47758308
0.4789552
0.48190996
0.48394498
0.4864432
0.49083102
0.48281965
0.47913802
0.481267
0.48150188
0.48060602
0.48086146
0.48538545
0.47751296
0.47629845
0.47631475
0.4794222
0.4806224
0.4741197
0.47963658
0.478761
0.47827253
0.47445446
0.47587264
0.47913688
0.47687727
0.480574
0.47967073
0.47948083
0.47242486
0.47584203
0.47453436
0.47071433
0.4728915
0.4735727
0.49495202
0.47615293
0.4775082
0.47408345
0.47386146
0.476549
0.47602803
0.47557113
0.47334617
0.47371417
0.47511202
0.47245464
0.46810699
0.4821784
0.47052398
0.4699655
0.46589908
0.4711819
0.46670485
0.4717474
0.46330813
0.4689474
0.46824047
0.46970585
0.46577263
0.46530423
0.46606517
0.4678902
0.46405244
0.46523884
0.4626294
0.46541557
0.46267542
0.46696153
0.46796477
0.46774268
0.46254805
0.4617508
0.46810248
0.46056566
0.4621795
0.46376348
0.46602204
0.4643396
0.4680211
0.46508154
0.46341175
0.4657023
0.4670895
0.4662634
0.4630858
0.46340573
0.46565494
0.46716118
0.46740445
0.4672895
0.4689055
0.46457857
0.46378955
0.46320388
0.46756637
0.4648134
0.46547422
0.466686
0.46529597
0.46843162
0.4637005
0.46566778
0.46680135
0.4625771
0.46033356
0.46387032
0.4666114
0.4629551
0.4667912
0.46047455
0.46274418
0.4570845
0.4619234
0.45924896
0.46146712
0.45910546
0.46076465
0.46180618
0.4621123
0.4563893
0.45690417
0.4594598
0.45917097
0.46213087
0.45941266
0.4596273
0.4615157
0.45557466
0.4567129
0.4589806
0.4571149
0.45907497
0.4568672
0.45311734
0.455427
0.45350227
0.4569873
0.4486973
0.45278817
0.455734
0.45299834
0.45541883
0.4494279
0.45103815
0.46024758
0.45175037
0.45007953
0.4559129
0.45673907
0.44751307
0.4488772
0.44788823
0.45224106
0.44990057
0.44920218
0.44815773
0.4466998
0.4493323
0.44610265
0.44538707
0.45042711
0.4478124
0.44284788
0.4441415
0.44262618
0.440272
0.44425353
0.44160575
0.44037423
0.44165444
0.4439588
0.4423908
0.44416952
0.44635573
0.43994138
0.44278023
0.44513455
0.4402064
0.4432957
0.4400997
0.43958312
0.44062865
0.4419473
0.4418399
0.4400896
0.43921217
0.44152567
0.4433002
0.4439547
0.4395545
0.44054863
0.4407649
0.44134933
0.4410556
0.4435157
0.43711427
0.44555593
0.43986258
0.44139567
0.43971032
0.44054055
0.439222
0.43916133
0.4382748
0.4368783
0.44390517
0.43779385
0.438769
0.44142133
0.43802968
0.44004625
0.43791792
0.44031745
0.4411369
0.43445364
0.43371263
0.43888098
0.4373201
0.43605056
0.43621248
0.43721017
0.43784305
0.44101673
0.4378387
0.43544924
0.434986
0.4331748
0.43458003
0.4393289
0.44061434
0.438312
0.43682075
0.4413122
0.4401932
0.43725786
0.43378857
0.43184963
0.4345517
0.43676555
0.43250874
0.43481657
0.4348798
0.4382346
0.42683053
0.4341073
0.42802867
0.4343526
0.4307268
0.43212357
0.43116775
0.4315608
0.43216637
0.4271073
0.4278297
0.43079516
0.43345693
0.42716122
0.42959347
0.43015975
0.42916653
0.42705944
0.4261851
0.42544872
0.42717084
0.42554885
0.4270367
0.4243648
0.42999366
0.42523593
0.42569655
0.4244973
0.42461023
0.4234174
0.42412823
0.421177
0.42293972
0.42151973
0.4173374
0.41854542
0.42208493
0.42155516
0.41871747
0.4185772
0.42184913
0.4220331
0.4224317
0.419638
0.41482404
0.41889805
0.41863063
0.4173524
0.41569734
0.41866726
0.41599056
0.4160106
0.4158532
0.41777655
0.41118956
0.4156355
0.41720507
0.41345647
0.40878168
0.41532108
0.416515
0.4139154
0.41239828
0.4152431
0.4147654
0.41421726
0.41872165
0.4167798
0.41249716
0.4185617
0.41643924
0.4155231
0.41323322
0.41111103
0.41339046
0.41303298
0.41335833
0.41500208
0.41109613
0.41039976
0.41364062
0.41225487
0.41078624
0.41284254
0.41418958
0.41205052
0.41331825
0.4123883
0.4155563
0.4137984
0.4120355
0.41126347
0.41036505
0.41461125
0.41225982
0.410094
0.41083348
0.4108442
0.41259745
0.41584376
0.41148457
0.4157759
0.41123348
0.41217375
0.4152512
0.4108265
0.41329262
0.4099115
0.4069889
0.41127867
0.40967473
0.4080061
0.4097225
0.40958175
0.4061526
0.40853795
0.4111067
0.4087192
0.40993318
0.40769377
0.40671954
0.405498
0.40567338
0.40451807
0.40971822
0.40788376
0.40242818
0.403608
0.40101498
0.40287372
0.40128517
0.40291044
0.4028518
0.40072963
0.401414
0.40189227
0.4015406
0.40212667
0.39848247
0.39852685
0.40041628
0.39977708
0.40025684
0.39666578
0.39942175
0.40086332
0.3940601
0.39925313
0.39956465
0.40080422
0.39832127
0.39314178
0.39292887
0.39611652
0.39420757
0.39268854
0.39411476
0.39739472
0.39167473
0.39003196
0.39027303
0.3947644
0.39221004
0.39597055
0.38771942
0.38982788
0.3903332
0.391727
0.38971055
0.38576615
0.3887022
0.38955992
0.39062336
0.38665104
0.38685802
0.3841669
0.38593993
0.3859871
0.38969818
0.3873388
0.3890418
0.3838763
0.3820611
0.3882175
0.38190424
0.38588378
0.38790986
0.38979897
0.38442972
0.3849737
0.38479042
0.38491803
0.3854947
0.38610983
0.38040632
0.38044295
0.38361815
0.3822102
0.38510972
0.38243303
0.38160232
0.3831759
0.38352945
0.38232303
0.3800574
0.38565457
0.38501212
0.38139763
0.3818187
0.38038567
0.3838342
0.37834758
0.38212982
0.3814936
0.37666208
0.38100287
0.38147023
0.37820944
0.38357148
0.3816811
0.37676844
0.3780029
0.3764017
0.38055357
0.37859035
0.3808908
0.3810062
0.37450826
0.3782799
0.37604538
0.37367374
0.3749017
0.37651464
0.37807244
0.37538275
0.37932056
0.3779001
0.37548944
0.37159058
0.3755984
0.36810845
0.3740495
0.3702768
0.36875287
0.3688169
0.3739314
0.37153766
0.36960045
0.368034
0.370502
0.37214616
0.37139833
0.37190786
0.37051627
0.3698008
0.3746522
0.36811462
0.37665027
0.37361595
0.368933
0.3692665
0.3719736
0.3723346
0.37315637
0.37645245
0.37195465
0.37112686
0.3679406
0.37265444
0.37353015
0.37278986
0.3678967
0.37134477
0.3736164
0.37083566
0.37494987
0.37285656
0.36700195
0.369359
0.37132907
0.36927116
0.3687108
0.3706929
0.37020653
0.3699539
0.37020016
0.36984095
0.3736336
0.37132233
0.3745337
0.36766064
0.37121513
0.36886832
0.37270018
0.36957067
0.37129825
0.37230465
0.3718243
0.3700383
0.37051788
0.37234852
0.37155917
0.36766723
0.36956018
0.36428255
0.36926013
0.373629
0.36749956
0.3695119
0.37019402
0.3695686
0.3691193
0.36807927
0.3712493
0.36929843
0.36913812
0.3714918
0.3698213
0.37205523
0.3702577
0.36971042
0.3705129
0.36752257
0.36175254
0.37068057
0.36114243
0.36753947
0.36663258
0.3662743
0.36640924
0.3692773
0.37035182
0.36307946
0.36583993
0.36444116
0.36186764
0.36466405
0.36369565
0.36312565
0.36452925
0.36522493
0.3629302
0.3633953
0.36198878
0.3619055
0.3647651
0.36430928
0.36217993
0.36208457
0.36180696
0.3598184
0.3609457
0.36175746
0.3544572
0.35594124
0.36422783
0.35563335
0.35578296
0.35731906
0.35518226
0.35461766
0.35920426
0.354504
0.3593776
0.3558351
0.35508502
0.3544189
0.35766312
0.35433024
0.35602647
0.35452518
0.3586795
0.35388732
0.35785598
0.357565
0.3581857
0.35584518
0.35655475
0.35525358
0.3547728
0.354773
0.3552696
0.36028185
0.35647663
0.35314947
0.35748267
0.3564777
0.3571577
0.35471475
0.35494116
0.3548347
0.3542756
0.3548898
0.35595608
0.3578456
0.35448334
0.35341048
0.3558652
0.35410878
0.35304874
0.35533774
0.35308948
0.35141128
0.35159722
0.35639414
0.35363218
0.35448205
0.35369846
0.34930646
0.35337812
0.35368833
0.35423696
0.34842607
0.34944174
0.35125077
0.35434616
0.3563415
0.35835743
0.35414547
0.35269868
0.3468989
0.3504327
0.35554862
0.34958637
0.35122135
0.34859297
0.3550114
0.35055384
0.35315618
0.35150728
0.35135436
0.35330427
0.35482
0.3521782
0.35189795
0.35679775
0.3537803
0.35290632
0.35370386
0.3516586
0.3546476
0.3564136
0.35271898
0.35338706
0.35167116
0.34998536
0.3513348
0.35209358
0.35312158
0.34857115
0.35181516
0.34857476
0.35068637
0.35343295
0.34774393
0.34517044
0.34439713
0.34790796
0.3494192
0.34672228
0.34394205
0.34165382
0.34366846
0.34442738
0.34640428
0.34273618
0.34021118
0.34184596
0.34590122
0.3416784
0.34151956
0.34353617
0.3419128
0.34194928
0.33968478
0.34372717
0.339694
0.3407184
0.34041548
0.34061328
0.34051153
0.33938596
0.3348345
0.33809483
0.3404503
0.337918
0.3365785
0.3390121
0.33876038
0.3343336
0.3349891
0.33516008
0.33474508
0.33814886
0.342226
0.3360672
0.3344516
0.33477414
0.33463845
0.33306608
0.33405176
0.33408144
0.32944193
0.32898933
0.32983506
0.33166364
0.33241475
0.32951495
0.33010304
0.32741037
0.32678023
0.32671887
0.3273541
0.32685906
0.32593578
0.32565802
0.3290222
0.32618332
0.32772425
0.32776323
0.32505634
0.3259747
0.32484567
0.32437176
0.32634762
0.3249347
0.32458964
0.32712865
0.32302228
0.32512376
0.32213467
0.32537514
0.3268416
0.3264483
0.32847086
0.32514647
0.32142168
0.32752454
0.32519388
0.32423753
0.3287845
0.32410508
0.32333902
0.3249483
0.3231573
0.3207509
0.3212263
0.32659924
0.32748982
0.32432473
0.32588354
0.32707322
0.32105055
0.32391396
0.32396248
0.32590628
0.32647225
0.3257611
0.3244907
0.32876122
0.32628906
0.3254477
0.32651985
0.3245816
0.32617152
0.32459572
0.32397062
0.33092612
0.32832727
0.33394924
0.33179367
0.32609847
0.32544422
0.3263661
0.32866147
0.32575366
0.3239062
0.32784018
0.3288276
0.3254113
0.3256369
0.3238346
0.32870498
0.3269227
0.32746965
0.32483768
0.32857436
0.3305228
0.3270072
0.32826933
0.32523653
0.32824153
0.32244527
0.3257278
0.32344556
0.3281093
0.32422704
0.3226182
0.32407284
0.32164904
0.32328686
0.32564324
0.3240116
0.325099
0.32314545
0.32015812
0.325124
0.32562327
0.32498053
0.32392845
0.3242419
0.3260039
0.32234642
0.3202333
0.32134262
0.32019854
0.3201087
0.32319984
0.32071224
0.3207496
0.3219829
0.31927228
0.32053104
0.32137126
0.31913096
0.3195059
0.31931335
0.3219918
0.3202163
0.31929618
0.32169122
0.31523126
0.31712922
0.3196427
0.31694973
0.31757495
0.32052976
0.318847
0.31979522
0.31663683
0.32108638
0.3171451
0.31817383
0.31885406
0.3176183
0.31918633
0.31610715
0.31846893
0.31712785
0.3155688
0.31560707
0.31921133
0.31709117
0.32103518
0.31540653
0.31743747
0.31812528
0.3170326
0.3127773
0.31376195
0.31488284
0.31729266
0.31216648
0.3146143
0.31746387
0.3156115
0.31807318
0.3163072
0.3193571
0.31512362
0.3128931
0.3152206
0.3215715
0.3115634
0.31612474
0.31400445
0.31703213
0.3141882
0.31382695
0.31399828
0.31752107
0.31785646
0.31374717
0.30826262
0.31745568
0.31614584
0.317681
0.31905866
0.31445435
0.31710896
0.31676933
0.3121444
0.3174878
0.3198701
0.3148525
0.31542858
0.31406847
0.31642497
0.31694114
0.31654817
0.3193009
0.31478146
0.31543607
0.3167534
0.31656256
0.31363377
0.31623587
0.3137034
0.31879768
0.31506354
0.31384358
0.3126649
0.3153726
0.3171403
0.31018654
0.31342512
0.3154932
0.3175784
0.31523427
0.31754294
0.3147426
0.31437728
0.31521112
0.31256062
0.3142476
0.3133491
0.31502035
0.31288755
0.31351706
0.31206873
0.31112552
0.31260422
0.30944777
0.3086566
0.3120713
0.3128929
0.31072265
0.30770653
0.30854127
0.31202772
0.30897072
0.31310108
0.30953735
0.30708095
0.30724308
0.31141737
0.30603027
0.30923086
0.30631632
0.30531874
0.31391364
0.30991298
0.30522332
0.30610195
0.30287957
0.30544275
0.30033416
0.3028051
0.30324352
0.30427
0.30463094
0.2997988
0.3038136
0.30177012
0.30011365
0.29949537
0.30134875
0.29859322
0.29892907
0.2993325
0.300508
0.2966163
0.29933405
0.2989261
0.30001432
0.29710048
0.29891506
0.2970423
0.29819188
0.29652235
0.29769933
0.29632226
0.29461923
0.2934457
0.2968336
0.29852855
0.29732344
0.2928047
0.29535052
0.29255605
0.2981608
0.29320076
0.2928662
0.29355446
0.29682288
0.29485372
0.29141733
0.29357836
0.2915554
0.28874227
0.2917874
0.28900653
0.29013613
0.2911317
0.29124022
0.29097697
0.291487
0.2903609
0.29170483
0.29057306
0.29118535
0.28781033
0.2868964
0.28906086
0.28891608
0.28906545
0.29144672
0.29095155
0.29130873
0.29061362
0.29025313
0.28766558
0.2912771
0.2892941
0.28759408
0.29044855
0.28650233
0.2834364
0.28712755
0.28650346
0.28831062
0.28915614
0.28815332
0.28737155
0.28589705
0.2866889
0.28591904
0.28559297
0.28546992
0.28579023
0.28159901
0.286539
0.28298232
0.28629765
0.2836698
0.284754
0.28294683
0.29049748
0.2861449
0.28498194
0.28448564
0.28413254
0.281775
0.2846317
0.28470606
0.29002506
0.28360987
0.28459522
0.2852831
0.28531143
0.28650594
0.28701705
0.28405428
0.28823647
0.28422302
0.28498396
0.28652897
0.28606972
0.28926152
0.28716245
0.28736213
0.28595012
0.2845848
0.28167814
0.28833872
0.2869217
0.28734794
0.28882462
0.28859797
0.28611353
0.28477246
0.28589636
0.28729707
0.28956994
0.28737924
0.28824854
0.28964502
0.28694457
0.2875655
0.288783
0.2865766
0.29055536
0.28522792
0.28754538
0.28348815
0.2835435
0.2881393
0.28132787
0.28963396
0.28870642
0.28581882
0.28395435
0.2888117
0.28557593
0.2858196
0.284706
0.28514287
0.28329772
0.28411254
0.2863739
0.2826828
0.2770526
0.28185558
0.2842429
0.28204396
0.28170067
0.27866474
0.28278485
0.28320235
0.28181478
0.2808306
0.28044933
0.2798177
0.27903897
0.2798584
0.28154486
0.28250724
0.28273368
0.28262594
0.27853084
0.2811331
0.27931568
0.28125715
0.27933377
0.28344023
0.2792651
0.27656162
0.27777198
0.27679622
0.27537236
0.2782771
0.27819118
0.27469963
0.2750729
0.27848858
0.2767156
0.27069062
0.27488908
0.27125555
0.27365497
0.2725026
0.2775938
0.27508733
0.27746725
0.2706092
0.27470666
0.27624372
0.2751371
0.27481577
0.27072194
0.2742928
0.27354485
0.27201664
0.27570152
0.2700911
0.27318802
0.27123964
0.2722897
0.27582532
0.27131796
0.2742086
0.27190208
0.2734788
0.27225995
0.27220204
0.27388406
0.27715683
0.27273315
0.27417672
0.26778612
0.269243
0.26755247
0.27274597
0.27096906
0.26775172
0.27578682
0.27170894
0.2720422
0.26923543
0.27146265
0.26889968
0.2733697
0.271316
0.27175274
0.27100816
0.2727943
0.26696303
0.26899236
0.26660684
0.26885292
0.26665822
0.269753
0.2726205
0.27088457
0.27022967
0.27079675
0.26788005
0.27179623
0.26903024
0.26702055
0.26571378
0.27183065
0.26994878
0.2657088
0.26819098
0.26840183
0.26770315
0.26851726
0.26389197
0.2705946
0.26431698
0.26261348
0.27039564
0.2696116
0.26990652
0.26956645
0.26552123
0.2638069
0.26945552
0.26847833
0.26611432
0.261937
0.2655906
0.26645067
0.26495376
0.26507005
0.26330552
0.26325175
0.26262486
0.2666935
0.26517546
0.25951102
0.2661706
0.2654234
0.2630517
0.26628977
0.26490644
0.2619157
0.26659948
0.26239446
0.26441416
0.26484096
0.2651897
0.26481944
0.26619026
0.26469252
0.2615135
0.26570937
0.26602712
0.2646644
0.26678565
0.2641955
0.264301
0.26430473
0.266056
0.26704222
0.2666694
0.26759636
0.2626599
0.26600564
0.2682699
0.26682255
0.26423988
0.2632454
0.26684028
0.2657554
0.26469657
0.2618482
0.26288986
0.2585161
0.26176643
0.2670043
0.26214114
0.26160195
0.259095
0.2609381
0.26098993
0.2633523
0.2599673
0.26304945
0.26127428
0.2614597
0.26088676
0.26456356
0.25690037
0.26091805
0.25656703
0.26124993
0.25991473
0.2589832
0.255501
0.26134405
0.2586613
0.2600762
0.2612066
0.2566892
0.25865585
0.25930828
0.2611291
0.25973213
0.26350006
0.25841105
0.25901157
0.25929716
0.26226935
0.2598418
0.25819725
0.25687099
0.2560162
0.25561035
0.25925002
0.260231
0.26003474
0.25843313
0.25588882
0.25466746
0.25996307
0.25668678
0.2598582
0.25721103
0.25653875
0.25729516
0.2577314
0.25822675
0.25671563
0.25766537
0.2576737
0.25820443
0.25590092
0.25870836
0.25738734
0.2568579
0.2546991
0.25559905
0.2556692
0.2562922
0.25426835
0.2559119
0.25603008
0.25811872
0.2570888
0.2536742
0.25696915
0.25370842
0.25497675
0.2571719
0.25261587
0.25550243
0.25567117
0.25738946
0.2573501
0.25436848
0.25429326
0.25366467
0.25708723
0.25670972
0.25529775
0.25268728
0.2539547
0.25428253
0.25596288
0.25731882
0.25362387
0.2570808
0.25408903
0.25710252
0.25318235
0.25086555
0.25424096
0.2506976
0.25539643
0.250227
0.25191632
0.25023818
0.25453877
0.25336656
0.24886887
0.2521162
0.24967626
0.2514497
0.25356814
0.2501483
0.2534359
0.24878469
0.24980411
0.25083417
0.2502391
0.25248027
0.25047535
0.2563181
0.25268906
0.2528806
0.25082654
0.24922992
0.2517316
0.25151402
0.24901219
0.2540759
0.25358286
0.25243786
0.2519252
0.25558466
0.25264207
0.25398976
0.24783398
0.25193036
0.25231835
0.25005686
0.25135455
0.25093973
0.25109443
0.2546613
0.25324318
0.25348437
0.2549803
0.25260592
0.25075445
0.24967457
0.2513989
0.24998334
0.25417832
0.25541905
0.25072524
0.24770643
0.24900407
0.24650455
0.24945469
0.24760903
0.2495877
0.25086188
0.25004447
0.24797863
0.24806374
0.25067258
0.2510308
0.25196552
0.24971321
0.24769588
0.24608694
0.24831009
0.2453154
0.24648713
0.24641706
0.2477035
0.2464135
0.24620654
0.24864574
0.24709626
0.24598084
0.24918802
0.24627377
0.25021666
0.24524954
0.2475396
0.24526487
0.24781288
0.25021157
0.24691948
0.24474648
0.24545325
0.24609518
0.2469164
0.24764068
0.24906284
0.24350631
0.24680984
0.24478567
0.24393815
0.24770679
0.24516346
0.24472125
0.241503
0.24512224
0.24248531
0.24227849
0.2406723
0.24138586
0.24274695
0.24144095
0.23896979
0.24120592
0.24251366
0.2415442
0.24120261
0.23916464
0.24231218
0.24025556
0.2358099
0.24170846
0.23715997
0.23633876
0.2402789
0.24171145
0.24409765
0.24115266
0.2370425
0.24013747
0.23783119
0.24173899
0.24091837
0.23831902
0.24180843
0.23583303
0.23906232
0.24066506
0.2413497
0.24191509
0.23860359
0.24438156
0.24020599
0.23676223
0.23922458
0.2400649
0.23909855
0.2391032
0.23969536
0.2380933
0.23771966
0.23731443
0.23894276
0.24096702
0.2364516
0.23559967
0.23466316
0.23994406
0.23740524
0.23764879
0.23635335
0.235682
0.23356396
0.24145064
0.23677942
0.24051827
0.23678668
0.23911992
0.23579188
0.23953153
0.24270159
0.23530874
0.24043135
0.23962675
0.23871015
0.23637578
0.2379754
0.23925358
0.23982164
0.2385264
0.24057412
0.24036331
0.24043427
0.23814765
0.2382746
0.23629482
0.23779689
0.23623641
0.23594956
0.23523277
0.23750208
0.23621485
0.23652485
0.23714902
0.23198637
0.2385563
0.23511828
0.23234925
0.23809437
0.2305137
0.23524964
0.2349606
0.2343798
0.23658277
0.23373154
0.23326106
0.235806
0.2341105
0.23400508
0.23395963
0.23312712
0.23524788
0.23340452
0.23598005
0.23332612
0.23058753
0.23301342
0.23432302
0.23579092
0.23219624
0.23642215
0.23220062
0.23390408
0.23331335
0.230617
0.23475963
0.23122674
0.23249
0.23377243
0.23311153
0.23156902
0.23361805
0.2330439
0.23228672
0.23342657
0.23052803
0.23303017
0.23054892
0.23323593
0.23271655
0.23062406
0.23005359
0.23039624
0.23271748
0.22915885
0.23042789
0.22971584
0.23180765
0.22773513
0.23028322
0.2307535
0.23128127
0.22618324
0.23106037
0.22850776
0.22778635
0.22866073
0.2313717
0.22796571
0.22725369
0.22699074
0.22493355
0.22683215
0.23010337
0.23026545
0.22907946
0.22600019
0.2283293
0.23448157
0.22820446
0.22793618
0.23051058
0.22849339
0.22923793
0.22952108
0.22991177
0.22662733
0.22951104
0.22470663
0.22662069
0.2275513
0.22498547
0.22830077
0.22378056
0.22297105
0.22390503
0.22750582
0.22378309
0.22647233
0.22426869
0.22536589
0.22511008
0.22312635
0.22493646
0.22222275
0.22436777
0.22652178
0.22560155
0.22668283
0.2253287
0.22479026
0.22186883
0.22657609
0.2212412
0.22495909
0.22237872
0.22718845
0.22560716
0.22093697
0.22577123
0.22501574
0.22446367
0.22847803
0.22928002
0.22754252
0.22856587
0.2241021
0.22543204
0.22385432
0.22586523
0.22583035
0.22692308
0.22697991
0.2266607
0.2250543
0.22743407
0.22235022
0.22350453
0.22291419
0.2222768
0.22446781
0.22428928
0.2224009
0.2231363
0.22561432
0.22132872
0.22660558
0.22328457
0.22331682
0.22425842
0.22545661
0.22219107
0.22623047
0.22270592
0.22072206
0.22107996
0.22035514
0.22254
0.22343415
0.22103235
0.2250374
0.22089928
0.21980093
0.21662816
0.21992688
0.21817751
0.2170894
0.21604101
0.22016633
0.21884559
0.21897587
0.21747975
0.21854705
0.21828645
0.21429048
0.21543552
0.21361673
0.21488093
0.21736538
0.2177528
0.21752015
0.21433768
0.21632591
0.21371634
0.21541773
0.21325797
0.21481949
0.21647316
0.21274027
0.21436867
0.20986286
0.21299058
0.21163197
0.21244672
0.21349683
0.21852276
0.2114539
0.21494149
0.2155774
0.21183504
0.21230507
0.21383572
0.21465243
0.21064357
0.2147565
0.21182017
0.21141581
0.21511927
0.21344613
0.20997982
0.21090347
0.20988931
0.21376576
0.21123643
0.21133325
0.21510507
0.21119995
0.21378562
0.20980689
0.21122721
0.20957844
0.20944306
0.21128623
0.21273482
0.21032146
0.2085582
0.2082236
0.20900716
0.2102924
0.20883384
0.21022567
0.21108273
0.21040384
0.20982414
0.21379885
0.20965178
0.21305646
0.21289353
0.20883167
0.2091871
0.20878857
0.21354343
0.21050143
0.21107402
0.21024331
0.20835939
0.21089387
0.21043526
0.20872258
0.2127622
0.21184987
0.21212779
0.21336293
0.21067287
0.20913146
0.21147853
0.20678498
0.20865335
0.2064443
0.20956165
0.2095355
0.2111373
0.21193066
0.2130075
0.20725982
0.20740582
0.20962676
0.21049131
0.21088074
0.20943844
0.21055669
0.21327095
0.20781474
0.21182261
0.20848358
0.2132206
0.20947921
0.21085297
0.21189637
0.21108158
0.21302524
0.21071982
0.20794266
0.2160282
0.21349293
0.21140917
0.21488807
0.21396418
0.21049039
0.20919861
0.21141177
0.21311602
0.20830967
0.21204753
0.21421576
0.2142292
0.21163087
0.20794822
0.2117156
0.20829275
0.2121474
0.20977822
0.21556021
0.21314451
0.20983376
0.21271011
0.21120021
0.21140446
0.2084329
0.21392623
0.20771225
0.20975493
0.21029437
0.21280733
0.21185273
0.21000478
0.21138117
0.21247119
0.21046408
0.21231778
0.21005163
0.21030234
0.20753728
0.2104198
0.20976205
0.20747115
0.20843196
0.20890678
0.21243826
0.20893088
0.21026693
0.21055584
0.20866375
0.2091421
0.20701255
0.2097859
0.20884472
0.20813394
0.20829558
0.20502654
0.20962511
0.20782486
0.20679061
0.20690158
0.20743568
0.20817809
0.2081256
0.21068819
0.20672505
0.20849523
0.20924334
0.20882699
0.20753618
0.20463021
0.20767842
0.20705964
0.20818992
0.20686871
0.20618296
0.21014434
0.2116832
0.20991227
0.20943879
0.2074351
0.20599705
0.20561612
0.20995925
0.20612486
0.20746176
0.20858356
0.20735918
0.20880787
0.20998426
0.20353904
0.20720488
0.20813121
0.20838371
0.2088588
0.2078574
0.20739485
0.20884144
0.20552321
0.20676905
0.20481442
0.20739715
0.20721035
0.20884869
0.20735063
0.20453802
0.20300348
0.20557703
0.20395279
0.20519443
0.20519343
0.20386866
0.20271361
0.20444539
0.20233326
0.20124829
0.20244873
0.20317681
0.20332862
0.20242356
0.19956487
0.20374013
0.19830999
0.2003766
0.19868694
0.20278966
0.2017547
0.19669168
0.19966134
0.19930114
0.20099148
0.19740118
0.19943658
0.2014836
0.19761702
0.20264864
0.19944715
0.1966275
0.20066701
0.19881
0.1987349
0.2021399
0.19927819
0.19557855
0.19915602
0.20184147
0.2010365
0.19835463
0.1995013
0.20460516
0.2028345
0.20007311
0.20152588
0.19798943
0.19825348
0.19768022
0.20088762
0.19512908
0.20085768
0.20129934
0.19760081
0.19820194
0.19651265
0.19775406
0.20082287
0.1998348
0.19639912
0.20298456
0.19804168
0.20328891
0.19839059
0.19940062
0.19892855
0.20125501
0.20109558
0.19922093
0.19704552
0.19504797
0.2024764
0.19928858
0.1986357
0.19885354
0.20006596
0.19907254
0.20409541
0.20183247
0.20113511
0.19879016
0.19679877
0.19649246
0.20205091
0.20097804
0.19982381
0.19994292
0.19959776
0.19952163
0.19921891
0.19992945
0.20000575
0.19866571
0.20012835
0.20188278
0.19867492
0.20468722
0.20269834
0.20409414
0.19968018
0.20118518
0.19942255
0.20090711
0.20167762
0.19724925
0.1975169
0.19808197
0.20290743
0.20042372
0.19956596
0.19823979
0.20077643
0.20128477
0.20089133
0.19659165
0.19918504
0.19710119
0.19869104
0.19667567
0.19711342
0.2001098
0.19644286
0.1964856
0.19428065
0.19953993
0.19497475
0.19706267
0.19753559
0.19912781
0.19951564
0.19646762
0.20126691
0.19782163
0.19994272
0.20206188
0.20211783
0.19670644
0.19842741
0.19790031
0.198836
0.19892274
0.19743572
0.20110968
0.20243192
0.20016636
0.20097905
0.19935739
0.19763054
0.19730869
0.19871475
0.20223767
0.19654302
0.2000263
0.20023547
0.19953845
0.20048662
0.19699845
0.1991593
0.19370574
0.19619374
0.1958884
0.19677635
0.1972525
0.19462174
0.19653742
0.1945253
0.19394776
0.1913486
0.19318666
0.19453566
0.1916708
0.19314618
0.19392677
0.19412844
0.1913244
0.19241692
0.19310527
0.19308381
0.1916733
0.18931407
0.19339004
0.19173323
0.19033062
0.18998493
0.19180407
0.19126493
0.19149652
0.18857162
0.19210732
0.19166137
0.19118762
0.18916322
0.18773489
0.1913616
0.1905292
0.1915478
0.18924205
0.18938619
0.18951786
0.19209547
0.18849625
0.1883718
0.18961434
0.18843994
0.1894335
0.18654394
0.18877469
0.18932109
0.19283035
0.19064343
0.189769
0.18915392
0.18758766
0.18746649
0.18858324
0.18834993
0.18887904
0.18833503
0.18647002
0.19045185
0.18618415
0.1881437
0.18621756
0.1918153
0.1893374
0.18909757
0.18951926
0.18762384
0.18990573
0.18801107
0.19033976
0.19066054
0.1859808
0.18727885
0.18368752
0.18762511
0.18540417
0.18687876
0.18832788
0.18375972
0.18733214
0.1903905
0.18691687
0.18587029
0.18581764
0.18371019
0.18255357
0.1847104
0.18514569
0.18349744
0.18772884
0.1841571
0.18554197
0.18331842
0.18570168
0.18071471
0.18403383
0.18324153
0.18109877
0.18093896
0.18134412
0.18288559
0.18350759
0.18257473
0.18465342
0.18126193
0.1830603
0.18029061
0.18086852
0.1828666
0.1793298
0.18239759
0.18213756
0.18405324
0.1824143
0.17828561
0.18261656
0.18215233
0.18046765
0.18049933
0.18044795
0.18000597
0.17890148
0.18117248
0.1825579
0.181661
0.17903489
0.18317227
0.17793258
0.17866318
0.17955752
0.18214633
0.17971836
0.17982419
0.17919812
0.17866331
0.18016239
0.17817652
0.18067755
0.18017973
0.18007092
0.18068932
0.17953837
0.18003924
0.1791689
0.17801154
0.1784963
0.18011081
0.18144588
0.17760625
0.17813955
0.1856374
0.18047318
0.18326929
0.17960812
0.18219233
0.1808711
0.17772372
0.17936993
0.17981279
0.1816208
0.18293278
0.17962399
0.17746936
0.17845225
0.18089288
0.17741485
0.18119101
0.17931207
0.18097761
0.17802638
0.1813239
0.1811615
0.17842403
0.180423
0.17844199
0.18065096
0.18001428
0.18195747
0.18080342
0.18246563
0.1852968
0.1798663
0.17993543
0.18110262
0.18082683
0.18141474
0.17958926
0.18398075
0.18122779
0.17908055
0.17894745
0.18058866
0.18083172
0.18183231
0.18014617
0.1826579
0.18031044
0.18194039
0.1792617
0.18103346
0.18046191
0.18030076
0.18336868
0.17830569
0.18035343
0.1812068
0.18338472
0.1817043
0.18735045
0.18509714
0.18195403
0.18076865
0.18398628
0.1840841
0.18499646
0.18108982
0.18319744
0.18404719
0.18562065
0.18277152
0.18063715
0.18222186
0.1855794
0.18302973
0.18792212
0.181
0.18273444
0.18105525
0.17939451
0.18394205
0.18407458
0.17900789
0.18224117
0.1799727
0.17922665
0.17898133
0.18035199
0.17996278
0.18266103
0.17818567
0.17863898
0.18236624
0.18279624
0.1788843
0.18369465
0.18173845
0.18391393
0.18029305
0.17953785
0.18215483
0.18333283
0.18040949
0.17723468
0.1815932
0.17948869
0.18080959
0.17826071
0.17908786
0.1789721
0.1799289
0.18061799
0.1792949
0.18173678
0.178625
0.17479247
0.17948803
0.17714575
0.180977
0.17782858
0.18075557
0.18512505
0.18042345
0.17916545
0.17797957
0.18195525
0.17918164
0.18138666
0.18125856
0.1772482
0.18088455
0.17942052
0.18106079
0.17967927
0.18134178
0.17966962
0.18278652
0.18193398
0.17624593
0.18117933
0.17944835
0.17991757
0.17885375
0.18689995
0.18066323
0.17824668
0.17973462
0.18052499
0.17896019
0.17813598
0.18040495
0.18165262
0.18175772
0.1806512
0.17966583
0.17726584
0.1841317
0.17686705
0.18308617
0.18068413
0.18101916
0.18021378
0.1812632
0.18005939
0.1803394
0.18036012
0.17966494
0.17918716
0.17865403
0.1788334
0.1759868
0.17285009
0.17697115
0.17616886
0.17856593
0.17847788
0.18069081
0.17925474
0.17888674
0.17661348
0.17888841
0.17824335
0.17525387
0.17408194
0.17741072
0.17479213
0.1790099
0.17353286
0.17453372
0.17899463
0.17916791
0.17528628
0.17532599
0.17604586
0.1736523
0.17642064
0.17899597
0.17871177
0.17468716
0.17558406
0.1750036
0.18005969
0.1750517
0.17744192
0.1794937
0.17664675
0.17968649
0.1757752
0.1759328
0.17601387
0.17766449
0.1761089
0.17507438
0.17412755
0.1784069
0.1746803
0.17422241
0.17464593
0.17535938
0.17803916
0.17496416
0.17356761
0.17246284
0.1733733
0.17119636
0.17275773
0.17257133
0.17003508
0.17230916
0.16967024
0.17234379
0.17327072
0.16915046
0.17290169
0.1715561
0.1706468
0.16967696
0.16910735
0.17016883
0.17265871
0.16730577
0.17066619
0.17073101
0.17111029
0.17068683
0.17216557
0.1695547
0.16741504
0.1661942
0.1703297
0.1668311
0.1661009
0.16543168
0.16890423
0.16815825
0.16888994
0.16650382
0.16761063
0.16815433
0.16745895
0.1687389
0.16625105
0.16624327
0.16878086
0.16833502
0.16636033
0.16690712
0.1653062
0.16719423
0.16298999
0.1662877
0.16856745
0.1649714
0.16367836
0.16797228
0.16360885
0.1679045
0.16665477
0.16765417
0.17098989
0.16476826
0.16583523
0.16623512
0.16836451
0.16614114
0.16828667
0.16759187
0.16780733
0.16788179
0.1687631
0.17200133
0.16714428
0.16835165
0.16653655
0.16543156
0.16863249
0.16584376
0.1664314
0.16396442
0.16679981
0.16905513
0.16579793
0.16788156
0.1672821
0.16745444
0.1673618
0.16774015
0.16473986
0.16628419
0.16812146
0.16920917
0.16476211
0.1631496
0.16528566
0.1671297
0.16660844
0.16584961
0.16358022
0.16516422
0.16446878
0.16297445
0.16590366
0.16187793
0.16224095
0.16050053
0.16019933
0.16206114
0.16257092
0.16452123
0.16250886
0.16116248
0.1607396
0.15778923
0.15892497
0.15971737
0.15769239
0.16075726
0.16083463
0.15703343
0.15924184
0.1580271
0.15810661
0.15670551
0.15843445
0.15926109
0.15629975
0.1571724
0.15546696
0.1570095
0.16082637
0.1547361
0.16268958
0.15854354
0.15882538
0.15970646
0.15666266
0.15802895
0.1581907
0.15836558
0.15726992
0.15797599
0.15945162
0.15932809
0.15794437
0.1576038
0.1590231
0.15608369
0.15656218
0.15822211
0.16057035
0.15577273
0.1586415
0.15822576
0.16286945
0.15410258
0.15453024
0.15649337
0.15774524
0.15199499
0.15519114
0.15661074
0.15477535
0.15368503
0.15986276
0.1549226
0.15322292
0.15599777
0.1571228
0.1577317
0.15394327
0.15046768
0.15530704
0.15267971
0.15360388
0.1558199
0.1534808
0.15486681
0.1546275
0.15747751
0.1575563
0.15084286
0.15319271
0.15692922
0.15542641
0.15897903
0.1560694
0.15649998
0.15810712
0.15505594
0.15485246
0.15494792
0.15449965
0.15708922
0.1546952
0.15272737
0.15231493
0.15746956
0.15232307
0.15636568
0.15368119
0.15235291
0.15540858
0.15529042
0.15360402
0.15585412
0.15342532
0.15573114
0.15023278
0.15469158
0.15481907
0.15266722
0.15183505
0.15692334
0.15607025
0.15589671
0.15355207
0.15321149
0.15544343
0.15405923
0.1586014
0.15538102
0.15400372
0.15865262
0.15781938
0.15726544
0.15773943
0.15148176
0.157266
0.15673731
0.15536886
0.15720786
0.1533099
0.15206449
0.15528633
0.15589626
0.15572304
0.1540591
0.15145314
0.15569715
0.15620801
0.15602745
0.15745202
0.15511803
0.15507352
0.15459126
0.1561734
0.15099147
0.1508442
0.15307942
0.15376025
0.15799738
0.15851444
0.15524344
0.1561607
0.15575814
0.15133224
0.15682127
0.15207574
0.15440689
0.15444939
0.15540226
0.15313843
0.1531409
0.15596195
0.15430792
0.15696579
0.1515071
0.15398355
0.15597063
0.15457661
0.14953685
0.1548265
0.15393408
0.1503498
0.15298812
0.1519154
0.15131275
0.15062039
0.1500409
0.14892584
0.15443128
0.15289462
0.15375315
0.15495679
0.15282199
0.15205061
0.14968264
0.1501737
0.15033913
0.1477455
0.15065216
0.1481177
0.14833927
0.15329668
0.14693372
0.15153034
0.14699876
0.14608075
0.14915384
0.14433122
0.14954458
0.1467146
0.14737557
0.14493063
0.14655267
0.14546756
0.14434317
0.14522001
0.14558463
0.14561094
0.14412716
0.15000714
0.14412387
0.1466122
0.1474904
0.14271495
0.1419259
0.14464042
0.14505811
0.1437894
0.14331107
0.1469146
0.14425077
0.14229241
0.14637323
0.1450435
0.14515615
0.14394934
0.14028507
0.1424429
0.14350408
0.14274918
0.14129606
0.14469956
0.1414736
0.14145502
0.14120513
0.14007024
0.1424393
0.14038455
0.14345859
0.14012398
0.1414961
0.14123571
0.14350119
0.14304097
0.14061944
0.14224012
0.146997
0.14148176
0.14411338
0.13969213
0.13746735
0.13978185
0.14544857
0.1407534
0.14313844
0.14193408
0.14422867
0.14153066
0.13866924
0.14327605
0.14083025
0.14004374
0.14237486
0.14050631
0.13897984
0.13845608
0.1415447
0.14271526
0.13860205
0.1431347
0.1428989
0.14238535
0.14086063
0.13864443
0.13731983
0.14031965
0.14202556
0.14297795
0.14108145
0.1416414
0.14435875
0.14311981
0.14479764
0.13874471
0.13953646
0.14256941
0.14636551
0.13954484
0.1415948
0.14083746
0.14348948
0.14264606
0.14414892
0.1430086
0.1446702
0.14439511
0.14414701
0.14406858
0.14338869
0.14224361
0.1431321
0.14433852
0.14265433
0.14076868
0.14195135
0.14522238
0.14205123
0.14036995
0.14464495
0.14262845
0.14670819
0.14561501
0.14678277
0.14227259
0.14298365
0.14395827
0.1446533
0.14494498
0.14190964
0.14810437
0.14612888
0.14485326
0.14478922
0.14428204
0.14400356
0.14186195
0.14593706
0.14077781
0.14208546
0.13901855
0.14772145
0.14120968
0.142735
0.14020641
0.13950011
0.14341909
0.1408188
0.13703635
0.13638887
0.14123073
0.14041726
0.14096954
0.13885865
0.14295039
0.14173754
0.14052428
0.140925
0.13917749
0.13829544
0.13694666
0.13887335
0.14366618
0.1416248
0.14559251
0.14477707
0.13882793
0.14178135
0.14475201
0.13925406
0.13908821
0.14174937
0.13874224
0.14151163
0.14138606
0.14013824
0.14252165
0.14213817
0.13558075
0.14265454
0.13904217
0.13910636
0.13664179
0.14030173
0.14002416
0.14102843
0.13749221
0.13537265
0.1351277
0.13774948
0.13703679
0.13591246
0.13955714
0.13585187
0.13696933
0.13309188
0.13448136
0.13091958
0.13316375
0.1330103
0.13446335
0.13358049
0.13384375
0.13217929
0.13733034
0.13570647
0.137283
0.13527524
0.13363335
0.13421048
0.13433933
0.13775262
0.13554351
0.13313112
0.13373409
0.13611037
0.13456738
0.1319687
0.13448597
0.13542047
0.13455161
0.1365023
0.13823698
0.13473703
0.13695802
0.135641
0.13367228
0.13333172
0.13604043
0.13531892
0.13642041
0.13522078
0.1376719
0.13896246
0.13283752
0.13501363
0.13799752
0.13946357
0.13494709
0.13938421
0.13359357
0.13677905
0.138819
0.13561237
0.13692075
0.14040501
0.14119193
0.13682319
0.13735597
0.13558571
0.1334323
0.13446203
0.13381103
0.14034797
0.14036556
0.1364316
0.13949457
0.13749057
0.13799384
0.13644506
0.13567618
0.13926794
0.14041327
0.13422398
0.13575274
0.14015825
0.13893919
0.13845639
0.13889395
0.13577451
0.13674389
0.1381562
0.14077865
0.1376979
0.1368132
0.1364423
0.13850078
0.14013693
0.13581684
0.1349901
0.13683772
0.13891974
0.13693465
0.13667086
0.13995187
0.13791385
0.13708611
0.13457032
0.1379386
0.13637762
0.13252804
0.13600646
0.13558981
0.13582213
0.1330341
0.13948752
0.13588527
0.13570556
0.13485543
0.13449962
0.13412996
0.13881613
0.1330497
0.13529603
0.1337989
0.13471812
0.13783884
0.13566728
0.1328994
0.13690795
0.13579294
0.13530715
0.13661133
0.13570876
0.13618113
0.13429475
0.13727352
0.13911772
0.13704576
0.14047658
0.13134497
0.13520083
0.1356802
0.13683006
0.13539208
0.13780546
0.13506472
0.13370603
0.13071346
0.13535762
0.134387
0.13496935
0.13447016
0.13424212
0.13507208
0.13574648
0.13381374
0.13519683
0.13301954
0.13446963
0.1328223
0.1358064
0.13378432
0.1349299
0.13622905
0.13558185
0.13746746
0.13420789
0.13723339
0.1412687
0.13820893
0.13809787
0.13584556
0.13325801
0.13201758
0.1326013
0.13374399
0.13627154
0.13581371
0.13692524
0.13163513
0.13537924
0.13821821
0.1356426
0.13969246
0.13627759
0.13421883
0.13358349
0.13157955
0.13167305
0.13470958
0.13403416
0.13466467
0.13140535
0.12805524
0.13142768
0.13248353
0.13386646
0.13300852
0.129578
0.13129821
0.12894915
0.13282691
0.13100502
0.12867567
0.1294989
0.12886241
0.12972124
0.13129723
0.12871948
0.13018286
0.13381201
0.12955795
0.12870501
0.12616737
0.1295437
0.13300535
0.12690358
0.13426822
0.13117772
0.13329926
0.1301875
0.12851092
0.12908258
0.13066809
0.13606666
0.13167825
0.12954925
0.13172287
0.1346332
0.12779377
0.12840053
0.13127989
0.13046013
0.13126414
0.13285317
0.12912486
0.13384837
0.13322647
0.13142487
0.13201028
0.12927766
0.13067439
0.12991107
0.13533522
0.12881942
0.13132058
0.12786995
0.12938729
0.13036717
0.12856683
0.12544501
0.12688787
0.1290966
0.12780091
0.12801176
0.12810306
0.12820359
0.13530335
0.12744334
0.13000186
0.12838688
0.12779777
0.13042852
0.13087864
0.12900493
0.12906583
0.13199921
0.13089499
0.12936212
0.1239823
0.12963744
0.12659027
0.12838762
0.13286437
0.12561108
0.12739724
0.13026692
0.12720735
0.12396911
0.1264865
0.13135132
0.12603658
0.13051622
0.12840109
0.12759712
0.12912787
0.12748104
0.12836453
0.12931415
0.124736995
0.12314488
0.12659675
0.12871711
0.1279417
0.12963301
0.12921953
0.12865219
0.12831256
0.12889944
0.12934907
0.1253028
0.13033049
0.12744911
0.12784724
0.12802684
0.12488016
0.12773709
0.1304602
0.1269446
0.12550354
0.12202373
0.12604345
0.12693399
0.12358506
0.1267271
0.12405114
0.12522864
0.12542953
0.12729028
0.12833348
0.12596956
0.12448147
0.12684532
0.1271789
0.127557
0.124764055
0.12626576
0.12593308
0.13171376
0.12705693
0.126337
0.12500004
0.12622932
0.12641859
0.1272663
0.12737212
0.12395882
0.12804434
0.12329269
0.12780939
0.12600745
0.12614846
0.1282069
0.12518255
0.12787469
0.12933686
0.12702568
0.12995474
0.12571628
0.12631865
0.12991676
0.1261836
0.12929724
0.12521143
0.1254199
0.12481649
0.12711221
0.12770836
0.12640217
0.12734623
0.12654807
0.12944032
0.13025
0.12547043
0.125484
0.12936223
0.12628332
0.12400534
0.12624077
0.1244848
0.12159524
0.12392909
0.12484698
0.12492577
0.12755352
0.12409
0.12274774
0.13058619
0.124803685
0.12630126
0.12390974
0.12588792
0.120185465
0.1260033
0.12216355
0.12300629
0.12347244
0.123170674
0.12768756
0.12224511
0.12516299
0.12124931
0.12549952
0.11879272
0.12837465
0.117855005
0.12090456
0.1227896
0.12100959
0.12421992
0.12435546
0.12391767
0.12077182
0.1223157
0.119106576
0.123142615
0.12094331
0.123975396
0.1248429
0.12021967
0.123204
0.12110379
0.11831807
0.12240665
0.12237326
0.12195456
0.11770003
0.12060933
0.12299073
0.12336951
0.123511896
0.118567646
0.12284963
0.12017546
0.11883308
0.122334294
0.12244904
0.12005225
0.119954616
0.12188333
0.121325664
0.12036547
0.12096513
0.121340975
0.11952061
0.12042947
0.12073962
0.11931714
0.12091176
0.1174858
0.11970672
0.118785165
0.121214174
0.12242147
0.11991409
0.12026558
0.118114635
0.11714278
0.12014919
0.120435916
0.11486435
0.11726169
0.11769195
0.1175861
0.11842113
0.11979199
0.120355636
0.12038447
0.11776641
0.12159374
0.11633434
0.11803249
0.12300871
0.118178576
0.11809814
0.11939261
0.119130895
0.11983739
0.11695265
0.12155573
0.11835928
0.11748379
0.116847746
0.120904386
0.1142843
0.11694177
0.11777925
0.1184703
0.11799653
0.11579994
0.11533985
0.11591779
0.11408162
0.11654361
0.11496922
0.114514105
0.11412043
0.11748595
0.11695074
0.11692811
0.118032396
0.11475757
0.11558223
0.11400659
0.116796784
0.11643195
0.11774085
0.1131337
0.11748418
0.11147337
0.112711236
0.11615787
0.11735609
0.110848665
0.11518158
0.11715601
0.11706715
0.11674336
0.11690501
0.114178725
0.115104385
0.114740886
0.11479889
0.1130737
0.116226204
0.11561975
0.11286473
0.11702639
0.113922015
0.11724276
0.11253216
0.11631359
0.11650157
0.116868846
0.114525355
0.11477475
0.1136192
0.1194926
0.11329837
0.110947855
0.11161757
0.114537716
0.113645636
0.11185802
0.11433234
0.115882665
0.11450316
0.11582891
0.11515668
0.11479245
0.11663798
0.11635214
0.11158226
0.1125826
0.11451316
0.11111934
0.11241682
0.112549976
0.11313921
0.115442015
0.11204221
0.115686394
0.11405013
0.11313722
0.11719964
0.11485805
0.11105717
0.11231725
0.110217065
0.110689566
0.11060362
0.11284981
0.11369765
0.11360004
0.11615698
0.112249464
0.11412403
0.11232555
0.11150831
0.1155869
0.11320063
0.11075418
0.11020551
0.10923511
0.111117385
0.112448215
0.11322609
0.112955235
0.11095615
0.110480025
0.11007515
0.10952948
0.1059097
0.11049667
0.10943012
0.110630594
0.1085755
0.11251835
0.1086792
0.106897846
0.11420511
0.11033027
0.10756607
0.10842246
0.10916515
0.104949385
0.107481
0.110492565
0.10692917
0.10699875
0.106326915
0.108886704
0.106791824
0.108511835
0.109937035
0.106158234
0.1080066
0.10816351
0.10402062
0.107726306
0.10858706
0.10926313
0.1076027
0.1089712
0.10656741
0.105119035
0.10620235
0.10391694
0.10716249
0.107618436
0.106055625
0.10800966
0.10934339
0.10456589
0.108465806
0.10544941
0.1061919
0.105844356
0.10797006
0.106907375
0.10672921
0.1103955
0.103388846
0.10770299
0.10285893
0.1062122
0.108135805
0.10539419
0.11123251
0.10541298
0.104190655
0.104923904
0.1035428
0.104155086
0.107400954
0.106661536
0.10722822
0.10529208
0.10667394
0.10543569
0.11080457
0.10596924
0.10262634
0.10597966
0.103538744
0.10738782
0.10202238
0.10096342
0.103692554
0.10577867
0.10610165
0.106560946
0.104209
0.10233655
0.100865744
0.104493454
0.10435017
0.10410556
0.10674828
0.11032627
0.103345655
0.10467285
0.10713088
0.10192834
0.10734914
0.10602695
0.10665464
0.10578271
0.10156383
0.10308497
0.10340271
0.105173774
0.106296316
0.10609059
0.107421435
0.10782847
0.11047
0.10718409
0.10337195
0.1071997
0.1071491
0.10525663
0.1052526
0.10575902
0.10430415
0.10711091
0.10352307
0.10184778
0.107228294
0.106188506
0.101328075
0.105011895
0.10359552
0.10586934
0.103735514
0.10306802
0.10696323
0.10115869
0.101931855
0.10406802
0.10333769
0.108635135
0.10706596
0.102589376
0.106507756
0.10322851
0.10315333
0.10091053
0.10224277
0.102173984
0.10579106
0.09752139
0.103662245
0.10156132
0.10264398
0.10217451
0.098462775
0.098185286
0.103233896
0.098799095
0.10266295
0.101359606
0.103216216
0.09949695
0.10011196
0.10125383
0.099293366
0.10175974
0.09698305
0.09755119
0.09979097
0.09944394
0.100054316
0.10137125
0.09899477
0.09764437
0.10224774
0.10041969
0.1009599
0.10015886
0.099808894
0.09979
0.09726223
0.10095301
0.098155856
0.10086572
0.09597944
0.10229485
0.097
0.09744518
0.09736683
0.09740058
0.10165737
0.09979853
0.10013442
0.10206681
0.09748176
0.09531104
0.09519427
0.097179376
0.099011295
0.09736743
0.09748184
0.096488796
0.09985375
0.09686708
0.09536232
0.098485135
0.10076483
0.09669154
0.09672757
0.09976914
0.099030025
0.09720481
0.0982284
0.09692806
0.101163656
0.095459424
0.10057767
0.10188792
0.09678041
0.09780897
0.10085679
0.09753909
0.096785486
0.09575524
0.09494597
0.09937749
0.09975705
0.09710202
0.096439585
0.096545346
0.100269504
0.09409968
0.09766528
0.0978667
0.1010391
0.097240865
0.09252161
0.094468206
0.09860311
0.09323977
0.09191376
0.09644982
0.09143568
0.09570878
0.0942042
0.093925595
0.095622204
0.096898675
0.09618474
0.09255964
0.09310556
0.095398635
0.094548404
0.095293984
0.09637953
0.09198199
0.095035814
0.09324982
0.09117036
0.09286935
0.09084389
0.09673111
0.09048704
0.088326484
0.08948285
0.09488742
0.08775226
0.09417436
0.0947207
0.09560079
0.090779394
0.08976753
0.0894408
0.09280904
0.092951216
0.093138665
0.0940686
0.090865046
0.091355324
0.09009991
0.09140487
0.09231345
0.08870693
0.09113365
0.09357522
0.095298156
0.089168094
0.094875045
0.091935776
0.09234495
0.08874817
0.090375274
0.09183433
0.08821848
0.09434224
0.09209495
0.092540905
0.09700147
0.0899785
0.094388664
0.09274534
0.091374464
0.09046009
0.0926325
0.092632525
0.093208015
0.09339325
0.093066186
0.09502725
0.09381123
0.09417158
0.093247816
0.0953434
0.093415424
0.09328419
0.0937546
0.09125069
0.09104614
0.09801946
0.08985397
0.09141529
0.09317573
0.0930324
0.09142678
0.0917279
0.09220587
0.09374318
0.08985557
0.09193979
0.0903283
0.09388847
0.08705151
0.08900314
0.08738834
0.09209129
0.089858234
0.09286901
0.08472499
0.08822235
0.09424758
0.08765493
0.08775628
0.08559394
0.085175425
0.08483541
0.09362176
0.08694378
0.088074304
0.08926442
0.08806517
0.09020106
0.09062057
0.090082146
0.09116059
0.09163839
0.08575371
0.08933503
0.08881917
0.08807494
0.09332478
0.08977011
0.09233025
0.09171525
0.09155549
0.091041856
0.08938061
0.089358024
0.091859676
0.08853201
0.0931993
0.09102922
0.088910416
0.08978615
0.09046756
0.08930353
0.08935537
0.08900846
0.09370154
0.08728873
0.09070852
0.09104844
0.08986846
0.08939847
0.0880009
0.08944637
0.09024288
0.09308605
0.0900203
0.08992739
0.09499057
0.09504768
0.09285458
0.09298515
0.08693855
0.09462575
0.08987094
0.09017297
0.0927572
0.089529544
0.09165253
0.08939455
0.09568397
0.09295479
0.08825512
0.09021844
0.09073747
0.09333741
0.0918457
0.09030485
0.089050755
0.09447494
0.09008143
0.09446405
0.08954046
0.09036467
0.091738336
0.08775731
0.09068421
0.09160247
0.0906655
0.09369306
0.08434339
0.08888325
0.090308644
0.0879014
0.08887554
0.087702505
0.086631574
0.08845114
0.08995481
0.08719036
0.08923231
0.08894405
0.087212436
0.09017665
0.087858565
0.08953992
0.08880785
0.088178545
0.09294767
0.091561876
0.09003367
0.087235644
0.087200694
0.08363712
0.08658152
0.09464883
0.09319905
0.08946859
0.09349726
0.089440726
0.08781143
0.08825553
0.08526497
0.088097185
0.088306785
0.08610235
0.08366046
0.08743156
0.08524137
0.08634942
0.08895601
0.08628836
0.085463114
0.08728982
0.08888704
0.0899904
0.08642972
0.08617894
0.089846656
0.08909237
0.08400412
0.08756618
0.08658046
0.08968718
0.08745544
0.08770398
0.08731521
0.087179236
0.08557384
0.090131566
0.0865942
0.08802903
0.09069205
0.087312415
0.08404909
0.086262636
0.08854123
0.08186822
0.08675796
0.09264221
0.08494312
0.085404724
0.09075876
0.08774129
0.086728014
0.08703768
0.08821145
0.08839695
0.08262764
0.08434697
0.08876183
0.08586818
0.08838853
0.086523786
0.084577195
0.08333625
0.08832156
0.08608091
0.08475242
0.08503241
0.084253326
0.08418755
0.0869716
0.084391825
0.08376641
0.085199416
0.083582856
0.08727731
0.082498066
0.090252675
0.08939672
0.0877458
0.08831835
0.087905824
0.08418817
0.084445015
0.08585829
0.0879978
0.08547939
0.08160079
0.08719966
0.084321186
0.08581244
0.08553486
0.08709249
0.08075299
0.08576157
0.086608954
0.084392846
0.08471684
0.08632962
0.086195946
0.08885432
0.08561369
0.08547542
0.082064874
0.08384486
0.086701296
0.08517105
0.085728295
0.08584006
0.08511997
0.09040738
0.087941326
0.08277026
0.08574629
0.0854056
0.080845244
0.081891656
0.082556926
0.08461907
0.08586297
0.084630296
0.08424729
0.08762387
0.08547489
0.083111964
0.08381387
0.08235387
0.08603431
0.087161005
0.08304531
0.08767736
0.08765979
0.08662209
0.085025735
0.08361527
0.08638191
0.085990585
0.08339387
0.088507295
0.08536845
0.08945337
0.08631245
0.08884496
0.08632784
0.084834374
0.084241845
0.08606495
0.08039641
0.080050066
0.084744446
0.08070886
0.08287281
0.08156636
0.08665319
0.08334655
0.08599864
0.083315894
0.07964775
0.08676302
0.08723378
0.082210556
0.08690594
0.08571865
0.07814123
0.08561397
0.08762252
0.08311431
0.0810563
0.084696196
0.084208496
0.081179716
0.07722087
0.08234215
0.07906226
0.08015169
0.080561385
0.08236787
0.080282256
0.08399729
0.08204658
0.07994014
0.0824084
0.08104936
0.07931509
0.08244818
0.08084889
0.08452575
0.08039273
0.08207381
0.08308159
0.08404662
0.08034345
0.08333544
0.08041527
0.08517637
0.08574547
0.07852834
0.0802456
0.07731445
0.07896295
0.07832111
0.07602204
0.0807481
0.077620134
0.08025003
0.078432344
0.07811112
0.07432292
0.078055725
0.07788176
0.074890606
0.07937683
0.075330876
0.076098114
0.07562712
0.07386915
0.07814081
0.07172381
0.07126425
0.07310718
0.07964823
0.07579716
0.0765157
0.07541019
0.07249947
0.076187
0.07553507
0.075549625
0.07506668
0.071144484
0.07230974
0.070929945
0.076397866
0.07416094
0.07502329
0.07476109
0.07647958
0.0696033
0.070946
0.07109264
0.07216438
0.07323208
0.07596546
0.074500486
0.07066006
0.07291071
0.07573815
0.07109543
0.0715715
0.07232011
0.07240029
0.07235831
0.072866574
0.075545184
0.07587388
0.07138202
0.07839759
0.07346182
0.07482052
0.07155954
0.07163624
0.0728719
0.07574496
0.07247712
0.07678144
0.0746261
0.07761935
0.07286705
0.06977911
0.07331906
0.07313568
0.07494115
0.07211912
0.071420185
0.07468218
0.073172666
0.07343723
0.07309643
0.07219174
0.07408972
0.074575596
0.07255474
0.070963636
0.075157434
0.06880622
0.07494051
0.06771334
0.07284063
0.07312943
0.068361916
0.0735453
0.07107396
0.071579844
0.07443751
0.07182613
0.06911011
0.07306609
0.07358644
0.073793106
0.07070791
0.075442605
0.07131791
0.07551033
0.069527075
0.06997781
0.07261953
0.0703488
0.070506334
0.071481764
0.07286328
0.073638804
0.07162147
0.07416907
0.06720482
0.07241038
0.0731237
0.072950035
0.07091864
0.06994511
0.07184587
0.07121691
0.0742122
0.06925981
0.07379097
0.071303695
0.074160255
0.07109108
0.07337308
0.068796374
0.0744269
0.070210256
0.07250913
0.06988803
0.073509075
0.076719426
0.07124032
0.072330296
0.07026086
0.073785886
0.072048865
0.07804263
0.071766466
0.072679505
0.07692088
0.072149165
0.072512135
0.07853811
0.0768468
0.079986006
0.07542676
0.07282433
0.0750824
0.07549547
0.080368415
0.076878466
0.0740709
0.074175
0.0739071
0.07427199
0.075969666
0.07977596
0.07597913
0.073143736
0.074149996
0.074809045
0.07177043
0.077013075
0.07822616
0.07413569
0.07566366
0.07652348
0.07415609
0.077135526
0.08003732
0.07294698
0.07463831
0.07168886
0.07013637
0.07894288
0.07471908
0.07437687
0.07702545
0.077294745
0.074327454
0.07128492
0.07477575
0.077489324
0.072923504
0.07676317
0.07621084
0.070544854
0.07610866
0.071844466
0.07585623
0.07494208
0.073573954
0.07398846
0.07234453
0.07539402
0.0715971
0.07669053
0.08056193
0.08149489
0.077251375
0.07647756
0.072423466
0.076621905
0.07430129
0.074367754
0.07252953
0.07649554
0.07920261
0.07391694
0.072120525
0.07180248
0.07295601
0.07492399
0.07593237
0.07699902
0.07289128
0.073389895
0.07043865
0.07693697
0.07582798
0.069396555
0.075074695
0.077377975
0.07283983
0.0747039
0.07451133
0.073277235
0.073397405
0.07050669
0.0761657
0.07186549
0.07105947
0.073490866
0.0708504
0.06990977
0.06845904
0.06746944
0.07235458
0.076378204
0.070469715
0.069096945
0.06862503
0.06935349
0.069791675
0.06884338
0.06592128
0.07193646
0.07011577
0.07086513
0.065811045
0.069672845
0.0683844
0.06751057
0.07007581
0.065483056
0.06642988
0.06939124
0.06774538
0.06757898
0.069638886
0.06974229
0.070042476
0.06326379
0.062350992
0.066286914
0.068988696
0.06811311
0.06698564
0.064289615
0.06598953
0.06449021
0.06846153
0.06931527
0.067300946
0.065887995
0.06949272
0.07088948
0.06881834
0.070326485
0.06610814
0.06763274
0.06690318
0.07041797
0.07002444
0.06708471
0.07004147
0.0703475
0.07346184
0.06876673
0.07024159
0.06885318
0.07007314
0.06804242
0.0664706
0.070387915
0.06996468
0.07104506
0.06736326
0.07376383
0.06873119
0.070061535
0.07480503
0.06807448
0.07171017
0.06999802
0.068475716
0.068780154
0.069157705
0.07018162
0.072597414
0.07052358
0.07017627
0.07113253
0.07336654
0.06881341
0.073756985
0.06883961
0.06805371
0.06719872
0.06913454
0.06943958
0.068709806
0.06658065
0.07000397
0.071488336
0.0667866
0.07199356
0.067482576
0.07162465
0.06919335
0.067947105
0.06974301
0.0739306
0.06924492
0.071007945
0.0730951
0.06989965
0.066937804
0.069977894
0.07193522
0.07225329
0.065712504
0.06812433
0.06870386
0.063186996
0.06454414
0.06828765
0.06945717
0.06596441
0.06726541
0.06548443
0.06690472
0.068646245
0.06397423
0.062160753
0.06714988
0.061450217
0.063772134
0.06523876
0.06794115
0.06694994
0.063574836
0.06525264
0.06708311
0.06816909
0.06747597
0.066338755
0.066466674
0.06416563
0.065236434
0.062074557
0.06459294
0.062246155
0.06735354
0.06526231
0.06376913
0.06737028
0.069318496
0.062598
0.06075961
0.06625642
0.063233644
0.06646754
0.06770119
0.06146943
0.06533257
0.06500658
0.06579274
0.06446065
0.06276754
0.062320665
0.06566607
0.06757822
0.07091309
0.06543102
0.065961756
0.06372189
0.064912744
0.06527938
0.06447415
0.062011003
0.063728444
0.06234849
0.06806768
0.06594658
0.05952839
0.066020735
0.06432929
0.06462392
0.067851156
0.06884045
0.06984069
0.06433041
0.06284609
0.06793809
0.06614484
0.067733146
0.06405155
0.06549893
0.064804696
0.0662127
0.06633795
0.06362016
0.067087054
0.06772728
0.06832997
0.06354324
0.06850844
0.060663447
0.06306455
0.06433169
0.068986334
0.06867694
0.06741972
0.07143906
0.06269892
0.06534798
0.0632508
0.06481893
0.06174665
0.06287684
0.06758942
0.0657509
0.06310709
0.06286642
0.06290493
0.062169157
0.060606997
0.06692888
0.06129296
0.06602223
0.06928654
0.06247662
0.063970804
0.065676734
0.06280997
0.06241747
0.06342555
0.06726374
0.05941304
0.06414947
0.06596184
0.065887496
0.06226579
0.06203521
0.06587911
0.06893453
0.0628999
0.063012846
0.06465912
0.06560046
0.068819076
0.06337455
0.06350648
0.06306126
0.0680214
0.06566086
0.06887732
0.06287223
0.0625807
0.06409257
0.064558096
0.06475736
0.06274621
0.064222306
0.064273365
0.06415048
0.061328404
0.06423529
0.064707644
0.061281353
0.06662683
0.06562271
0.061657466
0.06534961
0.06270619
0.0648257
0.060155448
0.066686295
0.06488978
0.058443155
0.06127375
0.06413963
0.065067135
0.062967494
0.06144746
0.06316244
0.06000217
0.06288707
0.06313372
0.06456198
0.06253509
0.06153749
0.06314436
0.06424752
0.062201444
0.0630216
0.06118635
0.06412035
0.06284741
0.05999022
0.061904702
0.061013658
0.0638994
0.06565781
0.06185668
0.06825017
0.066920966
0.06243273
0.06620521
0.06271462
0.06724593
0.06886277
0.06740767
0.06249253
0.06383788
0.060125604
0.06105317
0.06711799
0.06336892
0.060332287
0.06797871
0.060109604
0.06707876
0.06659164
0.0682467
0.06350756
0.059674237
0.06311434
0.060331214
0.06523624
0.06658643
0.06460437
0.06485142
0.064013116
0.06310025
0.062673986
0.0629089
0.06789607
0.0605117
0.06457796
0.06345536
0.06370189
0.065970115
0.06387032
0.06111331
0.06290278
0.060319286
0.060159635
0.06296916
0.06575896
0.065886535
0.06345653
0.065039225
0.062997416
0.06633977
0.06853632
0.060467076
0.061430868
0.064161666
0.06095009
0.063185
0.061684705
0.06672724
0.061054662
0.058186244
0.062038146
0.059315696
0.05903812
0.065242395
0.06355895
0.06395067
0.061373185
0.064145245
0.064430036
0.061377734
0.059375204
0.06414476
0.061223585
0.065899536
0.06246757
0.068825774
0.056286607
0.062893845
0.06588018
0.061435986
0.061566833
0.058687795
0.058616284
0.064752854
0.06351328
0.06500307
0.060342707
0.061401658
0.058293913
0.065638684
0.058234777
0.060042907
0.060091868
0.061274964
0.06238976
0.059920162
0.059169695
0.058977667
0.060889263
0.059512846
0.055730958
0.057978608
0.06040251
0.067716226
0.05846354
0.060425412
0.05997923
0.058193315
0.059781007
0.05856185
0.058380805
0.059610676
0.05521739
0.05669488
0.058286842
0.055968996
0.059536982
0.05902245
0.06067566
0.057851776
0.056027416
0.05475221
0.055504754
0.05933638
0.06098034
0.05465479
0.057506893
0.059815813
0.056115158
0.05766312
0.058737773
0.052534163
0.0585695
0.057181742
0.06109216
0.05446506
0.060151156
0.052699085
0.06061918
0.056419853
0.05667094
0.05673077
0.062740654
0.06443316
0.052940622
0.057616044
0.05958288
0.0526768
0.056998502
0.051327515
0.053997684
0.0538492
0.05385822
0.059574455
0.05495824
0.05579541
0.053581435
0.05566275
0.05682814
0.053430907
0.0527413
0.053106442
0.05630253
0.055706255
0.05318737
0.05419469
0.05321355
0.053808976
0.05473556
0.05251666
0.056486975
0.055237014
0.050851442
0.057114862
0.05600009
0.054262545
0.056633774
0.05475706
0.05353083
0.056852307
0.054386333
0.05420306
0.05680597
0.055064112
0.050598223
0.052908972
0.05609923
0.06013233
0.054432347
0.049271718
0.05293143
0.051787283
0.05115951
0.058653906
0.051598378
0.0529068
0.049016118
0.054546982
0.054587625
0.05125888
0.05176147
0.052814946
0.049501635
0.049395647
0.05550813
0.056322597
0.050657872
0.051103465
0.05761979
0.053743962
0.05232701
0.050297342
0.0546582
0.05116692
0.054096855
0.05007401
0.054022107
0.053988025
0.049357954
0.051673856
0.056749046
0.059582196
0.05423859
0.050764006
0.054380175
0.056614444
0.055261187
0.057853244
0.052730117
0.054159958
0.05162444
0.053805374
0.055637147
0.055486772
0.055135608
0.055041138
0.05347924
0.054550506
0.05317047
0.055505205
0.055618525
0.05514718
0.053699255
0.05223138
0.051489737
0.059131764
0.053954154
0.051161524
0.055913627
0.053010505
0.05694831
0.055908304
0.052733224
0.048770994
0.05057071
0.05142057
0.053823113
0.05183716
0.05252828
0.057058
0.05569096
0.055001605
0.050072346
0.05355019
0.049895976
0.051319405
0.04951076
0.051697787
0.050850835
0.053458016
0.049330123
0.049757604
0.04919405
0.05143643
0.047571227
0.057134077
0.05720805
0.04904958
0.051304452
0.048190184
0.04931426
0.053925518
0.046541568
0.053894773
0.050247096
0.05071553
0.05119218
0.050665308
0.052943848
0.055400167
0.052167248
0.05462252
0.05359454
0.053624384
0.054397933
0.049912166
0.05261381
0.05674508
0.055364627
0.05612702
0.053811543
0.05177308
0.054351687
0.05281614
0.050841082
0.052080493
0.053712565
0.052686974
0.050778765
0.05418622
0.050828684
0.05141459
0.051205985
0.051731747
0.050929416
0.053835083
0.05772168
0.053178653
0.053114906
0.05320644
0.05727908
0.05186595
0.053615022
0.048974216
0.05448159
0.05740448
0.050459146
0.053420264
0.050281122
0.05115634
0.0551472
0.053221665
0.051923435
0.052364387
0.048981216
0.04484811
0.052804384
0.050927583
0.049215645
0.050167397
0.049584184
0.048754215
0.050711762
0.049193453
0.051204395
0.051896986
0.053946085
0.04989208
0.051763527
0.053731922
0.049256176
0.048942387
0.052796584
0.054601084
0.050764512
0.052657053
0.05013678
0.049841583
0.055038508
0.0569038
0.052685864
0.048520807
0.051666673
0.053654525
0.048832763
0.053063728
0.05378303
0.055272803
0.048405208
0.056184504
0.051531892
0.053301565
0.051108744
0.055445787
0.052242726
0.0535433
0.053857192
0.05208732
0.054453015
0.05296317
0.052646708
0.056078184
0.05164954
0.05624767
0.05237329
0.052630965
0.05333001
0.050360415
0.058621548
0.05439877
0.056862175
0.05551339
0.053220633
0.05304278
0.056825794
0.051674746
0.05224848
0.053117312
0.050397817
0.055652115
0.05298871
0.04879904
0.05011434
0.052841797
0.052032627
0.05262903
0.05252419
0.050308473
0.05209475
0.049554132
0.061207194
0.05556931
0.04976491
0.05178768
0.058023185
0.05155969
0.050054096
0.05124459
0.05125204
0.053144198
0.06070199
0.045084063
0.049258254
0.06285395
0.05381573
0.056773536
0.048039656
0.052996997
0.054275867
0.051487036
0.053431313
0.050430827
0.056104843
0.05273218
0.05105059
0.053476486
0.051185742
0.050091118
0.051916797
0.05134234
0.04576564
0.046406053
0.054121193
0.046522357
0.050986163
0.050077524
0.05269633
0.049910128
0.047435228
0.04619549
0.044329993
0.052009307
0.047573693
0.046771
0.053719416
0.05016736
0.04780019
0.05297922
0.05317399
0.05241478
0.052335475
0.048677538
0.045620784
0.052513875
0.05117455
0.04934457
0.050436255
0.05198236
0.047788873
0.051557038
0.052943915
0.050598856
0.045135956
0.053214163
0.048772372
0.05225483
0.04898085
0.044940498
0.04603794
0.046601307
0.04901649
0.04761244
0.051330067
0.052734498
0.05134583
0.046580516
0.055716336
0.049710266
0.04764528
0.04616959
0.054743282
0.050050817
0.049094766
0.047522925
0.048810434
0.050640125
0.047638025
0.0482564
0.04663981
0.050989382
0.044754498
0.047566596
0.053047705
0.047613148
0.04662162
0.04854198
0.0513894
0.048034765
0.06052968
0.044414267
0.04893266
0.047650702
0.049716037
0.046443745
0.045068774
0.051638898
0.045935158
0.045221236
0.04814672
0.045166768
0.052259326
0.045190822
0.04694768
0.046612795
0.05210822
0.044535585
0.049713835
0.05097975
0.04590168
0.048705105
0.050196964
0.047103036
0.047356024
0.045268223
0.04496059
0.05033866
0.049945682
0.047372002
0.04900355
0.04668082
0.049183
0.044200074
0.04359772
0.044872835
0.047733434
0.04370139
0.04209185
0.043241948
0.045533765
0.044023138
0.04443458
0.046775457
0.04514057
0.04833453
0.045555715
0.04593558
0.0456755
0.044118766
0.043359
0.04269789
0.04197471
0.043243434
0.04721592
0.042746913
0.04173893
0.042376377
0.043158676
0.04381605
0.046184264
0.044086646
0.042833995
0.04211471
0.041576963
0.04120683
0.04133258
0.04243082
0.043624997
0.043928117
0.043303743
0.04287975
0.04147387
0.04113747
0.03961616
0.04086389
0.04083085
0.04175429
0.04261224
0.043680653
0.042578112
0.041600723
0.040827636
0.042109247
0.042122513
0.04259243
0.042293344
0.041728523
0.040303726
0.04149335
0.04202294
0.044676393
0.04394234
0.044214927
0.041003462
0.041212343
0.041299645
0.043593686
0.043868937
0.043758426
0.04338793
0.044216845
0.04343958
0.04496529
0.045474865
0.048330016
0.04600075
0.045552842
0.04469892
0.0450537
0.043236047
0.04323653
0.043540597
0.044679374
0.045168474
0.04556373
0.045633093
0.044401392
0.04311703
0.041994527
0.043820314
0.0432464
0.044174735
0.043035574
0.044246927
0.04358504
0.044754695
0.045348242
0.046059962
0.04634808
0.044455286
0.044150222
0.0423143
0.043119214
0.042181596
0.04279477
0.042417463
0.0438009
0.04476947
0.04556709
0.046055373
0.04644351
0.04594177
0.045169946
0.04593879
0.048188914
0.048517715
0.046064664
0.044553086
0.044871822
0.045633227
0.045495406
0.0452588
0.04510495
0.048055384
0.054162305
0.047460005
0.045035902
0.048141707
0.04710687
0.046771646
0.043637447
0.043922115
0.043840516
0.045541815
0.044554267
0.04318295
0.042527843
0.043523613
0.04409077
0.044426374
0.044241235
0.043308623
0.041885577
0.040910684
0.042636793
0.04478286
0.046239417
0.04748072
0.046906054
0.04709219
0.044915583
0.04406156
0.041688535
0.043343626
0.043313004
0.04452239
0.044676397
0.045781773
0.046129003
0.04484648
0.044821974
0.046171922
0.04698199
0.046682395
0.047237262
0.046826314
0.04697434
0.04704665
0.04761483
0.047901724
0.046309803
0.047407914
0.047725935
0.048739515
0.04819584
0.04915369
0.04750673
0.046290487
0.044484124
0.047913168
0.04904301
0.050607935
0.04889076
0.052252967
0.058829986
0.052099667
0.04828005
0.04757989
0.048765715
0.04913459
0.048218552
0.04903981
0.0503252
0.052051008
0.05143242
0.052562896
0.051304497
0.05088295
0.048963387
0.048350155
0.05139403
0.05658764
0.052757494
0.052428443
0.05494788
0.05608335
0.054680914
0.053036883
0.049520858
0.051205132
0.05095163
0.056809608
0.06363289
0.05369063
0.048391383
0.048667103
0.049044345
0.04919066
0.049974147
0.050412577
0.050725926
0.050114572
0.049142487
0.04902575
0.048402272
0.048067577
0.050506134
0.050657712
0.050374836
0.04937012
0.05185789
0.052230656
0.051181246
0.04947285
0.052242335
0.053048108
0.05166112
0.05137876
0.050621867
0.05226804
0.051032826
0.051468924
0.050853033
0.049705017
0.049169015
0.049007617
0.050624274
0.049114518
0.04841096
0.046461567
0.047363747
0.04789883
0.047852334
0.048342247
0.04895521
0.049791895
0.049332503
0.049250554
0.048553165
0.047720913
0.046849594
0.045909822
0.046711676
0.046172667
0.048966352
0.045988217
0.047058936
0.045444187
0.047526646
0.046350077
0.043929018
0.046102114
0.04797369
0.05217876
0.048849445
0.04749736
0.044192635
0.045927897
0.04557132
0.046886165
0.04791784
0.050336897
0.05131734
0.051148664
0.04922456
0.04972483
0.04911333
0.05163012
0.051143575
0.051469095
0.049978588
0.04927296
0.049991373
0.048162848
0.046318293
0.045087304
0.046338383
0.04715721
0.048828114
0.048881315
0.04925642
0.0466576
0.045622095
0.04525218
0.04776513
0.048128203
0.049339507
0.04670293
0.04896943
0.04807472
0.0499026
0.048391
0.048372515
0.04637307
0.04533067
0.043537654
0.047565706
0.048688132
0.050674938
0.0470882
0.047288347
0.048217434
0.04708263
0.0472008
0.04508778
0.044832885
0.044108704
0.043674234
0.043613672
0.04175504
0.042560976
0.046528388
0.04848237
0.050461955
0.047924224
0.047088154
0.045268666
0.045435477
0.044694155
0.043138176
0.0418457
0.040485002
0.042386763
0.043326963
0.046814278
0.047177084
0.047023915
0.046593163
0.04320868
0.044199534
0.043517135
0.04453612
0.044976972
0.045059286
0.046292722
0.051949948
0.050805695
0.0522177
0.046195474
0.04653094
0.045969762
0.045783173
0.045608968
0.045159012
0.04363468
0.044475388
0.04484121
0.04546133
0.04321457
0.044500187
0.04591466
0.04906183
0.047231503
0.044366833
0.044327624
0.044487137
0.046740916
0.045309056
0.044379935
0.044887412
0.04567664
0.047702245
0.04629922
0.044938754
0.042639554
0.0437456
0.045573268
0.046899408
0.0452392
0.044854194
0.04388969
0.045166366
0.046221722
0.04670022
0.045301516
0.043290287
0.044967886
0.045486785
0.044964224
0.042102225
0.0444826
0.045017872
0.04410629
0.042190887
0.04481876
0.046515543
0.048633218
0.046538375
0.04559805
0.042343557
0.042670384
0.043778934
0.04516967
0.042319804
0.043959953
0.043097444
0.0451189
0.043541364
0.044906925
0.045003146
0.04720584
0.047519367
0.047659338
0.04592193
0.04694047
0.047271907
0.0498389
0.048771337
0.04821212
0.048073314
0.050440867
0.054006815
0.051545784
0.04908503
0.045439582
0.04563099
0.046984218
0.04986031
0.04916244
0.04953704
0.04770514
0.047001522
0.0446231
0.043884452
0.045965064
0.048111547
0.04928023
0.04962073
0.048973054
0.048817977
0.049402572
0.048895467
0.049452968
0.0473354
0.045010254
0.04428995
0.045474585
0.0478866
0.047444236
0.048513096
0.04804464
0.04807899
0.04640156
0.045225658
0.044695377
0.04728803
0.04746629
0.04858029
0.04424565
0.045480803
0.043538082
0.046918616
0.04588675
0.04599116
0.04307029
0.04392692
0.044886988
0.045920536
0.046671394
0.046428185
0.04806167
0.04867234
0.051711798
0.052165322
0.050605636
0.0501404
0.047695823
0.048203763
0.046568226
0.04578796
0.045586675
0.047340088
0.049919188
0.048940226
0.04666586
0.046115283
0.043945696
0.045494627
0.043749347
0.04612149
0.044484425
0.045731016
0.04554317
0.045122493
0.044196077
0.043517686
0.042721927
0.04106139
0.043838266
0.044445008
0.046622705
0.046264067
0.046197448
0.046725214
0.04561473
0.04407409
0.043815166
0.044010874
0.045165714
0.04308594
0.041638512
0.04270339
0.0459744
0.045919396
0.04798137
0.04498278
0.04420069
0.041762598
0.041258473
0.043445088
0.043497026
0.044110768
0.04257915
0.04237311
0.040993385
0.04226028
0.04256724
0.044445816
0.043669898
0.043571047
0.044255845
0.04363656
0.04303286
0.041580502
0.040342808
0.038464412
0.03923704
0.040219907
0.041760303
0.03967487
0.03798697
0.03691359
0.038396284
0.04093265
0.04461185
0.045872808
0.045056585
0.042030584
0.04157424
0.043870512
0.044493865
0.04447291
0.039572522
0.03789313
0.0360842
0.037043914
0.040125057
0.04423965
0.044775177
0.043066468
0.04040626
0.04261929
0.04279754
0.044753414
0.04573915
0.04365291
0.041429512
0.042770017
0.045386106
0.048170216
0.045445684
0.046914246
0.046092186
0.04572089
0.042898495
0.04210007
0.042776663
0.043565206
0.04358566
0.0445751
0.047771167
0.0496817
0.05059937
0.048490267
0.047104575
0.04506729
0.04317282
0.040947244
0.04108733
0.04501678
0.047741227
0.0771943
0.13275391
0.086468376
0.057300616
0.043957938
0.04206257
0.04438693
0.04805884
0.051191933
0.047594294
0.0446691
0.045322884
0.04566702
0.0451086
0.042170823
0.04411553
0.045350414
0.0450419
0.042648938
0.044774644
0.047519255
0.047748793
0.04519227
0.04415059
0.04313541
0.04221947
0.04180079
0.041935224
0.044317666
0.04338606
0.04337845
0.04190658
0.039157085
0.04173176
0.042875532
0.0470579
0.045278315
0.044774927
0.04271895
0.04286495
0.04071093
0.042954244
0.041494496
0.043276623
0.03868537
0.04059968
0.040143892
0.043400403
0.04049734
0.039211385
0.037997805
0.040959425
0.042004194
0.04185382
0.04129729
0.040702734
0.04120786
0.0401355
0.041146252
0.043194324
0.046014488
0.045722317
0.044121303
0.042927675
0.041570377
0.040243123
0.03937321
0.039379567
0.038291283
0.04072259
0.04146208
0.04307465
0.04141432
0.04538943
0.043624144
0.04319533
0.040270086
0.04185274
0.04311754
0.041328184
0.04423582
0.04276113
0.04622584
0.044280656
0.043322194
0.04234726
0.041573033
0.044107612
0.04461721
0.04331375
0.041518487
0.039535895
0.041646484
0.040193066
0.038494688
0.03869261
0.041341964
0.04360678
0.042725023
0.04243466
0.041980363
0.041451644
0.04070071
0.04107539
0.039918453
0.037851535
0.03757692
0.039707165
0.042211246
0.041853223
0.041244403
0.04015911
0.039582375
0.038808275
0.03914266
0.040962078
0.04166683
0.04096667
0.041070197
0.041939504
0.040968034
0.039991036
0.03990472
0.041540585
0.044001304
0.0432801
0.04835858
0.045586016
0.044016186
0.03883312
0.03870573
0.03892306
0.039484132
0.039866593
0.038473755
0.03865897
0.03837461
0.040145677
0.041752063
0.043109063
0.043169983
0.041651435
0.039125435
0.036228187
0.034864288
0.034950953
0.034922354
0.035161477
0.0363677
0.03699474
0.03593129
0.03554186
0.033832826
0.034585018
0.03549492
0.036716927
0.039993573
0.041058052
0.041776594
0.04189537
0.040400565
0.038975652
0.036403768
0.03681814
0.03666478
0.03763704
0.036968954
0.03765264
0.03609961
0.035704385
0.03569431
0.035209753
0.036015805
0.035651997
0.03763756
0.037490055
0.03762094
0.03675931
0.038630493
0.037181236
0.036799327
0.035599668
0.03486053
0.034045216
0.033582613
0.03440483
0.03758636
0.03764095
0.03812725
0.038036454
0.038757138
0.03602731
0.03670092
0.03495944
0.034380592
0.033704076
0.03383037
0.03365812
0.03505863
0.037495475
0.03655003
0.03697468
0.03734824
0.03657658
0.03513618
0.034767944
0.034434106
0.03416895
0.034331284
0.03472397
0.034290075
0.0349095
0.03420441
0.034532674
0.032815713
0.032360807
0.03128984
0.030994697
0.030078486
0.030411454
0.030849226
0.030201571
0.030581582
0.032217987
0.03197348
0.03382958
0.03328778
0.033209614
0.03434657
0.03323992
0.031305265
0.032007642
0.03196231
0.028080191
0.02949197
0.029556151
0.030077469
0.030820824
0.031190125
0.02992831
0.03018857
0.030544931
0.02899213
0.029565405
0.030430596
0.03030351
0.030499276
0.031100381
0.030515144
0.030284226
0.030608855
0.029392978
0.029679349
0.029213319
0.03018226
0.029088369
0.02909101
0.029025448
0.029718643
0.02938982
0.030361548
0.03050052
0.029924603
0.030919198
0.0327283
0.03278687
0.0325745
0.032718096
0.033989087
0.031857494
0.032259747
0.033819936
0.034427263
0.034609754
0.03690802
0.035862938
0.036441673
0.03728826
0.035003427
0.033115484
0.034209765
0.032249626
0.031929795
0.030935925
0.031157905
0.030975113
0.03187023
0.030075312
0.030632356
0.030025562
0.030279284
0.030773358
0.033256903
0.034847446
0.03667479
0.036132835
0.034960974
0.03384113
0.033363406
0.031544685
0.032814674
0.032800358
0.032684293
0.03395963
0.035810914
0.036233228
0.03819848
0.03847833
0.039070264
0.039279956
0.038322996
0.03809746
0.038676273
0.036227226
0.036898725
0.037569672
0.03664947
0.03591279
0.038552765
0.03554889
0.034255177
0.034300573
0.034444917
0.033681795
0.03539382
0.036873285
0.0376982
0.037748083
0.037157517
0.03721577
0.03644071
0.036268603
0.035130795
0.037270997
0.03759066
0.03724648
0.03736158
0.037814192
0.035589222
0.0348198
0.03444911
0.03498535
0.03605895
0.035470784
0.034788698
0.03373797
0.03220999
0.032868996
0.03163196
0.031195056
0.03228727
0.031799283
0.03161594
0.030343026
0.031189442
0.03237375
0.03433626
0.03640997
0.036928896
0.036888693
0.035428006
0.03275278
0.03179079
0.0324753
0.031796195
0.033477888
0.034424774
0.03588068
0.035593666
0.03312697
0.033223543
0.032283533
0.032221645
0.03364338
0.034166377
0.035400346
0.035322547
0.034888584
0.03520861
0.037021555
0.03684578
0.036292683
0.037936974
0.03915287
0.038616203
0.03813145
0.03731887
0.039301563
0.03665241
0.037797518
0.038386755
0.040421452
0.038685948
0.039106827
0.037514642
0.03688623
0.034835696
0.03562854
0.03696642
0.035769045
0.036482252
0.038434863
0.039470285
0.03773997
0.04158947
0.04123437
0.041496728
0.039095923
0.04041601
0.038538966
0.040177535
0.038658794
0.039013874
0.039998434
0.041472785
0.04061036
0.04180782
0.041888963
0.04086414
0.038650192
0.038088284
0.038019326
0.039427184
0.040652357
0.040184494
0.04079901
0.039471123
0.037411325
0.03684103
0.034874212
0.036080305
0.036473274
0.038483247
0.04140513
0.04212606
0.04393632
0.043864254
0.043772828
0.043294977
0.044060234
0.04494276
0.045004316
0.046541713
0.04601615
0.044505283
0.044372287
0.043470364
0.042366672
0.04330012
0.043612562
0.042089082
0.04274875
0.04210891
0.040164385
0.0404153
0.040952273
0.04066462
0.04042199
0.042863734
0.043284398
0.043857552
0.044670768
0.043326166
0.041656822
0.0429416
0.043921504
0.042759605
0.04423695
0.044213705
0.042378932
0.042468432
0.04436442
0.044671446
0.04542224
0.04585358
0.044923663
0.04433516
0.04300309
0.042549282
0.04283885
0.04259407
0.04269725
0.04341786
0.042679217
0.043209773
0.042775672
0.04166771
0.04093417
0.04237502
0.04142532
0.041570693
0.03924797
0.038613454
0.037810206
0.036135357
0.035147537
0.034931384
0.037035022
0.03697741
0.03645017
0.03699815
0.037148762
0.03798875
0.03769412
0.040437806
0.042599645
0.041737653
0.04215861
0.041156866
0.038207237
0.037807018
0.03396212
0.034677166
0.033984676
0.033276908
0.033441573
0.033811808
0.035572417
0.036167488
0.036164362
0.035573494
0.0366111
0.03753744
0.037683506
0.035828725
0.033820335
0.03278095
0.0330397
0.033143528
0.032331657
0.032470636
0.033514082
0.034669224
0.035721753
0.035184115
0.03416684
0.0356075
0.034644812
0.033978723
0.03439233
0.033922084
0.03436702
0.03469226
0.03586438
0.036746006
0.036479365
0.03741079
0.036732584
0.036845714
0.039304446
0.037316673
0.03730689
0.03753964
0.03562573
0.03604139
0.035239875
0.03154425
0.03224643
0.03257946
0.031653043
0.030869734
0.03231333
0.033232015
0.033709675
0.032811567
0.032591484
0.031976428
0.03356571
0.03445534
0.032308653
0.034325898
0.0342556
0.034125715
0.03341452
0.03284679
0.03428984
0.035026908
0.035028327
0.03701252
0.03671428
0.0375712
0.037572235
0.03713455
0.037317853
0.03584063
0.03393889
0.03492625
0.03408017
0.03320982
0.03271145
0.032445714
0.032727476
0.03380422
0.033439852
0.03400357
0.035020795
0.03797006
0.03757493
0.037719335
0.036758374
0.038968574
0.03876161
0.037592202
0.03725229
0.03673053
0.036229026
0.037948713
0.036541153
0.036336824
0.035897702
0.035054497
0.035261277
0.035643417
0.03449002
0.033662595
0.03250315
0.03245975
0.03260777
0.03386853
0.034069177
0.03528556
0.03510319
0.034348316
0.036307786
0.036282897
0.03595895
0.03480327
0.03327865
0.03313971
0.03412627
0.034385864
0.033647828
0.035004497
0.03688688
0.0377327
0.03710525
0.037979875
0.036516227
0.0365895
0.03816846
0.036437515
0.036718182
0.03719095
0.036123086
0.036204197
0.037293654
0.036741212
0.03723979
0.037578125
0.03808236
0.039880406
0.039035343
0.039186075
0.03854669
0.03748722
0.03741693
0.03806616
0.037620768
0.038634807
0.03767175
0.038448766
0.038657784
0.03901518
0.04001409
0.038532563
0.037376314
0.035546444
0.036147654
0.03562026
0.035501134
0.036028955
0.03471509
0.03485105
0.03537979
0.03533648
0.037614256
0.037502006
0.039224364
0.03793301
0.03771317
0.03881077
0.039537746
0.03811816
0.037236765
0.03679449
0.036645293
0.038198985
0.03810886
0.03844188
0.037518013
0.03817339
0.03907314
0.040252645
0.040311508
0.040917434
0.041197542
0.041489575
0.04137779
0.042341433
0.04208126
0.04190512
0.040987514
0.04029132
0.03910835
0.03925434
0.039225362
0.038331404
0.036882784
0.03584321
0.03612829
0.036385283
0.03579364
0.036058184
0.0335984
0.034131616
0.033842772
0.035403173
0.0356746
0.035464678
0.0352287
0.033775073
0.031686697
0.03173335
0.03177558
0.03095261
0.03004578
0.028860483
0.02835524
0.027620966
0.028528988
0.029180663
0.029629031
0.030753681
0.02978337
0.030570036
0.030923475
0.03176044
0.031786826
0.032145396
0.032715604
0.031131446
0.03189838
0.031106623
0.032311477
0.033028413
0.03244841
0.032602027
0.03294515
0.033326328
0.033159778
0.03257596
0.032176666
0.030914243
0.031905826
0.030898973
0.030899493
0.030993666
0.030330999
0.029566197
0.02864055
0.028419796
0.028468443
0.02834781
0.028497927
0.028686848
0.02820404
0.027298778
0.026893394
0.026429366
0.026648527
0.027389685
0.027565705
0.027788501
0.027498072
0.02710456
0.027592875
0.027412059
0.027832085
0.028358249
0.028856298
0.028659908
0.029857391
0.030355053
0.03005095
0.03005555
0.031048084
0.032120224
0.03290525
0.03335152
0.03262405
0.03379371
0.033394698
0.03425959
0.032787222
0.032382745
0.03222923
0.032761328
0.03222315
0.030540215
0.029634498
0.0300288
0.031059103
0.029970562
0.031141138
0.030792467
0.031419653
0.03127285
0.03194437
0.032174155
0.031840082
0.033543702
0.03434834
0.034974977
0.03455059
0.034264576
0.033745773
0.032946385
0.032554276
0.032497335
0.033694677
0.035269402
0.035682235
0.036773946
0.03577727
0.0364486
0.036959797
0.03767542
0.03816488
0.038036656
0.038467374
0.039354593
0.038215995
0.036597643
0.03644987
0.03707481
0.036655456
0.037692115
0.038565278
0.037966162
0.038512826
0.03812374
0.03647261
0.03630025
0.036680873
0.036337003
0.0362377
0.035825193
0.035132892
0.03424858
0.033334102
0.03496304
0.03549703
0.036148522
0.038323183
0.03883874
0.03959172
0.041424952
0.04089026
0.040780704
0.041309822
0.041495226
0.04205364
0.040437546
0.039718863
0.041047256
0.040200572
0.040747073
0.03934002
0.03784096
0.03914152
0.040080976
0.04119972
0.040599093
0.041090507
0.042237237
0.041044954
0.040108286
0.040977854
0.039724544
0.041262772
0.04235242
0.04270649
0.04217051
0.042490356
0.04220238
0.043268323
0.044232104
0.045716435
0.04678254
0.046181835
0.048178244
0.04820204
0.047461204
0.049092997
0.049424764
0.051127717
0.051721737
0.051519334
0.05059696
0.050098155
0.050826658
0.048495933
0.048401963
0.047270086
0.04583114
0.046203747
0.04524407
0.04536941
0.0451483
0.04249502
0.042058527
0.04108082
0.040097877
0.040395055
0.040540792
0.040952228
0.04037638
0.040606726
0.03918607
0.040174764
0.039509717
0.03948077
0.040546965
0.040845267
0.041281555
0.04188539
0.042331044
0.041971143
0.042019326
0.041572955
0.04017156
0.040441863
0.042105366
0.04255793
0.04280037
0.04212208
0.04193117
0.0425462
0.042159732
0.04192565
0.04159828
0.04229481
0.04331935
0.04427063
0.044741917
0.043420523
0.042101372
0.040815704
0.041343413
0.041355923
0.04194305
0.042215094
0.042754527
0.042950675
0.042744845
0.04184746
0.041437194
0.04254132
0.042284645
0.04241071
0.041664552
0.041782014
0.042577066
0.041550998
0.04155049
0.041707586
0.041420355
0.040335387
0.040315054
0.0410304
0.040061567
0.03899881
0.039221194
0.03930227
0.039274674
0.03905654
0.039514657
0.03957001
0.040417414
0.04027026
0.039056778
0.03845656
0.037617035
0.037187804
0.03698326
0.03628971
0.03696724
0.037712988
0.036731444
0.036835726
0.03546237
0.03434404
0.03427779
0.03387799
0.033010036
0.032348204
0.031184727
0.030456511
0.031167893
0.030929035
0.030233266
0.030826287
0.031194549
0.030676352
0.03173691
0.031037927
0.030320078
0.02999468
0.029824514
0.029942313
0.030047657
0.030198924
0.030414656
0.031100076
0.031682793
0.031397846
0.032077357
0.033488855
0.033157777
0.032656785
0.032507334
0.03362343
0.033445574
0.033295818
0.03363195
0.032752655
0.03339077
0.034326587
0.034015737
0.03466573
0.035804376
0.035907365
0.03531825
0.034889407
0.03369866
0.032769002
0.033139978
0.033226512
0.03300938
0.032014806
0.031505793
0.030498518
0.030410055
0.030342767
0.029269187
0.028397838
0.028160477
0.02789014
0.027811788
0.02757881
0.026935784
0.02641814
0.026720364
0.026844565
0.025924718
0.026210535
0.026299736
0.026258148
0.026975969
0.02753826
0.02743712
0.026788596
0.027403107
0.027774407
0.027945789
0.02770236
0.02877176
0.028948566
0.028876917
0.028759256
0.029383123
0.029450528
0.029414851
0.028844045
0.02922883
0.029363098
0.02977279
0.029032461
0.029006954
0.028829554
0.029661732
0.029467415
0.029401401
0.029091813
0.028845694
0.02806035
0.027865069
0.027501727
0.027606523
0.027793853
0.027535588
0.02713533
0.027268687
0.027145358
0.026653813
0.026449336
0.026548484
0.026988069
0.026584914
0.02606677
0.02551329
0.025590695
0.025116477
0.024914598
0.024856398
0.02489572
0.02475454
0.025298772
0.02556471
0.025042446
0.02526104
0.024877427
0.024710324
0.024872623
0.02492184
0.025428016
0.025222536
0.026020007
0.026122792
0.025753852
0.026051477
0.025786066
0.026468934
0.02652548
0.027118115
0.027989915
0.027405832
0.027040668
0.02674348
0.026900059
0.02698908
0.02793614
0.028322902
0.02891181
0.029123742
0.028856348
0.028534101
0.028041346
0.028068958
0.029024692
0.028231122
0.02781737
0.027951906
0.027364496
0.027577613
0.027929058
0.0280666
0.02771446
0.027739963
0.027733088
0.028146617
0.02756871
0.02792141
0.02785547
0.02814187
0.028240157
0.028524317
0.028928995
0.028996889
0.029182948
0.02960314
0.029153349
0.028904092
0.02842421
0.02830466
0.028555354
0.029147264
0.029605081
0.029063003
0.029002648
0.02923446
0.029542303
0.029308321
0.028910747
0.029212726
0.029615687
0.029597348
0.030135067
0.029946016
0.02989709
0.029952064
0.030043703
0.02916479
0.028418785
0.028640961
0.028070983
0.027618084
0.027594954
0.027637685
0.027351927
0.027480913
0.027867628
0.027631925
0.027490282
0.027340109
0.026968421
0.026593335
0.026741987
0.027165225
0.026878048
0.027324349
0.027297469
0.027469303
0.027763361
0.028100142
0.027854191
0.027915461
0.028014012
0.028205229
0.028425034
0.028818915
0.029091166
0.02952036
0.02911129
0.029371435
0.028935857
0.029093815
0.02905702
0.029341577
0.029735105
0.0306883
0.031245213
0.031209204
0.031439804
0.031699188
0.032249365
0.03277516
0.032956723
0.03322127
0.03355449
0.033357095
0.032932237
0.032398947
0.03129751
0.031085955
0.030566214
0.03024737
0.029965244
0.03013924
0.029349942
0.028833607
0.028238147
0.028207883
0.028308531
0.02765882
0.027529096
0.027448671
0.026829777
0.026625058
0.026133198
0.026179722
0.025973713
0.025397003
0.025318012
0.024841482
0.024877358
0.024521712
0.02424644
0.024205904
0.024133375
0.024086367
0.0238393
0.023502637
0.023472998
0.02304958
0.023053383
0.022905102
0.022860307
0.02267582
0.022453291
0.02204594
0.021779727
0.021587186
0.021382624
0.021078283
0.020803586
0.020482725
0.020120293
0.01988564
0.019518645
0.019360669
0.019080875
0.018751895
0.018504204
0.018205242
0.017920401
0.01764881
0.017389674
0.01714226
0.016905895
0.016679956
0.01646387
0.016257111
0.016059184
0.01586964
0.015688052
0.015514032
0.015347214
0.015187261
0.015033854
0.0148867
0.014745522
0.014610065
0.014480086
0.0143553605
0.014235678
0.014120839
0.0140106585
0.013904963
0.013803587
0.01370638
0.013613193
0.013523894
0.013438353
0.013356452
0.0132780755
0.013203118
0.013131481
0.0130630685
0.012997793
0.01293557
0.012876323
0.012819978
0.0127664665
0.012715722
0.012667687
0.012622301
0.012579514
0.012539274
0.012501538
0.012466261
0.012433403
0.012402929
0.012374805
0.012348999
0.012325483
0.012304232
0.012285223
0.012268436
0.012253852
0.012241456
0.012231234
0.012223177
0.012217275
0.012213522
0.012211914
0.012211914
0.012211914
0.012211914
0.012211914
0.012211914
0.012211914
0.012211914
0.012211914
0.012211914
0.012211914
0.012211914
0.012211914
0.012211914
0.012211914
0.012211914
0.012211914
0.012211914
0.012211914
0.012211914
0.012211914
0.012211914
0.012211914
0.012211914
0.012211914
0.012211914
0.012211914
0.012211914
0.012211914
0.012211914
0.012211914
0.012211914
0.012211914
0.012211914
0.012211914
0.012211914
0.012211914
0.012211914
0.012211914
0.012211914
0.012211914
0.012211914
0.012211914
0.012211914
0.012211914
0.012211914
0.012211914
0.012211914
0.012211914
0.012211914
0.012211914
0.012211914
0.012211914
0.012211914
0.012211914
0.012211914
0.012211914
0.012211914
0.012211914
0.012211914
0.012211914
0.012211914
0.012211914
0.012211914
0.012211914
0.012211914
0.012211914
0.012211914
0.012211914
0.012211914
0.012211914
0.012211914
0.012211914
0.012211914
0.012211914
0.012211914
0.012211914
0.012211914
0.012211914
0.012211914
0.012211914
0.012211914
0.012211914
0.012211914
0.012211914
0.012211914
0.012211914
0.012211914
0.012211914
0.012211914
0.012211914
0.012211914
0.012211914
0.012211914
0.012211914
0.012211914
0.012211914
0.012211914
0.012211914
0.012211914
0.012211914
0.012211914
0.012211914
0.012211914
0.012211914
0.012211914
0.012211914
