1055.5272
356.94565
164.90187
116.9669
92.16278
76.4703
65.40838
56.93249
50.382435
45.10258
40.765625
37.10949
34.105476
31.375196
29.037464
27.073639
25.29422
23.58802
22.146202
20.841007
19.723358
18.598
17.644375
16.731201
15.886985
15.158208
14.551345
13.8191805
13.37888
12.878494
12.217927
11.770913
11.345287
10.807059
10.419834
10.020984
9.65932
9.334717
9.132834
8.761121
8.402731
8.200594
7.895893
7.6824436
7.4356084
7.2246976
7.0994925
6.8708944
6.618778
6.4172173
6.253851
6.0921683
5.9332843
5.8589377
5.717111
5.4757476
5.323677
5.220718
5.107561
4.9963346
4.874099
4.8400636
4.684086
4.5421658
4.446031
4.3452516
4.2606554
4.2152004
4.1097074
4.0226307
3.9180286
3.8790324
3.7918718
3.689849
3.6162298
3.5625143
3.5002055
3.4546714
3.3732185
3.3063905
3.261791
3.1879053
3.1179693
3.071707
3.0298598
2.9861138
2.9368818
2.900323
2.843171
2.8477793
2.7712185
2.706014
2.6684756
2.6413343
2.611522
2.5595913
2.511992
2.4919517
2.456216
2.420183
2.381218
2.3606231
2.3213131
2.297959
2.2718115
2.2678154
2.2251341
2.1806138
2.155272
2.124277
2.1102629
2.0821335
2.0801437
2.0246472
2.017886
1.9989017
1.9651529
1.9271467
1.9243861
1.894598
1.8600943
1.863995
1.8161886
1.8152919
1.8345237
1.7702549
1.748812
1.746317
1.729016
1.7037275
1.6825769
1.6850263
1.6563995
1.6451762
1.6326582
1.6148032
1.6048675
1.589253
1.5830624
1.5679215
1.5436791
1.5185286
1.5107309
1.5049616
1.4893204
1.4697813
1.4615096
1.4472673
1.4381429
1.4290566
1.4190902
1.3997442
1.395734
1.3803713
1.3706746
1.3647139
1.3525106
1.3372653
1.3310394
1.3240188
1.3078488
1.3083578
1.2843691
1.2780752
1.297816
1.2696605
1.2669468
1.2550976
1.2571536
1.240942
1.224755
1.2141564
1.2026669
1.2083936
1.2043651
1.1922945
1.1990496
1.1756762
1.2073663
1.1939976
1.1541532
1.1495574
1.1477922
1.1365145
1.139441
1.1213964
1.1076269
1.1082916
1.1043171
1.0943488
1.0863101
1.0789108
1.0671508
1.0585849
1.0505173
1.0528926
1.041361
1.0350506
1.0281732
1.0246176
1.0186906
1.0113423
1.0028987
1.004105
0.99442595
0.9930306
0.9857329
0.97646266
0.97435766
0.97607297
0.96290845
0.9582802
0.9528567
0.9540608
0.94997895
0.941367
0.9354764
0.93657017
0.9342824
0.9316295
0.9196726
0.9182241
0.9192738
0.90958387
0.9029074
0.90045285
0.8987285
0.89203674
0.8959715
0.90601397
0.8897746
0.88008887
0.87851936
0.8735353
0.8716703
0.8655062
0.8701734
0.8604432
0.86059433
0.85522485
0.852714
0.85353005
0.8501347
0.8480402
0.8458442
0.83614963
0.8393943
0.84001184
0.839025
0.82187426
0.825277
0.82406557
0.8170659
0.8153865
0.81337756
0.8096139
0.8090157
0.80963236
0.803947
0.80118626
0.8038226
0.79839087
0.7921622
0.7946553
0.79154277
0.8016207
0.7873901
0.7849599
0.77964294
0.7833523
0.77942395
0.7802425
0.78352004
0.7720767
0.77401316
0.76958936
0.7749526
0.7681751
0.7725646
0.77146125
0.7791462
0.76039696
0.7631788
0.76879007
0.76193553
0.7672506
0.76183593
0.7646703
0.760018
0.75923425
0.75298065
0.7561772
0.7504693
0.74746317
0.75069445
0.7425897
0.74395925
0.7446628
0.74448204
0.7358351
0.74442124
0.73127687
0.7349069
0.7303209
0.73550147
0.72863454
0.72173893
0.7208244
0.7187157
0.7173823
0.7241662
0.7142015
0.7119891
0.71172374
0.7119852
0.7124236
0.7136381
0.7091107
0.7105667
0.7142867
0.7044441
0.704928
0.70623255
0.7073288
0.7032881
0.6968167
0.70138144
0.7037661
0.6975035
0.7017337
0.69878685
0.6958181
0.6933425
0.6864311
0.6846282
0.684716
0.6843037
0.68226063
0.6864607
0.6857221
0.67975724
0.6777981
0.68363106
0.6812988
0.6781091
0.6848209
0.67868996
0.67682636
0.6754766
0.6733226
0.6713785
0.67180705
0.66600657
0.67153347
0.66709965
0.6702162
0.6651916
0.66693324
0.65763617
0.6573242
0.6637237
0.65672386
0.6534128
0.65817624
0.6551401
0.65446806
0.64984703
0.65444714
0.65549976
0.64827985
0.65064526
0.6472953
0.64603895
0.64225113
0.638123
0.6425142
0.6413526
0.6451897
0.63855946
0.639294
0.6410161
0.6401031
0.6349317
0.6366053
0.6420423
0.6359696
0.63890946
0.6389004
0.6365665
0.63751215
0.6315477
0.62967384
0.63421375
0.6287923
0.6279542
0.63027155
0.623731
0.62989813
0.61880744
0.6229748
0.62008446
0.6220719
0.6228068
0.61808276
0.61447674
0.61858743
0.6148246
0.6159463
0.6122797
0.6150854
0.61613727
0.608228
0.6068118
0.6103315
0.6018638
0.607313
0.61009276
0.60505426
0.6073114
0.6017466
0.60048157
0.59967685
0.5980671
0.5989041
0.5932992
0.59492344
0.5979026
0.6009994
0.5923308
0.5944374
0.5897231
0.59130096
0.5924579
0.5859689
0.58317065
0.58513623
0.5844207
0.58017015
0.5849027
0.5815855
0.58612174
0.581299
0.5829137
0.5822433
0.5805111
0.57859504
0.5761866
0.5755849
0.5780698
0.57855123
0.5699499
0.5745537
0.5743211
0.571563
0.5654899
0.57224065
0.5702308
0.57001364
0.56734663
0.5663389
0.56973416
0.5671864
0.5606454
0.5677155
0.5636877
0.5610395
0.5629182
0.5590748
0.5621009
0.5619477
0.5585894
0.5637649
0.55956876
0.55418897
0.5568998
0.55602497
0.5549286
0.55544424
0.55067277
0.55225486
0.55566186
0.5580083
0.5608888
0.5659482
0.5567107
0.5524657
0.5549205
0.5551913
0.55415833
0.55445284
0.55966926
0.5505919
0.54919153
0.54921037
0.5527934
0.5541772
0.5466793
0.55304056
0.552031
0.5514677
0.5470653
0.5487006
0.55246437
0.5498589
0.55412143
0.5530799
0.552861
0.5447251
0.5486653
0.54715747
0.5427528
0.5452632
0.54604864
0.5706999
0.54902375
0.5505864
0.54663754
0.5463816
0.54948044
0.54887974
0.5483529
0.54578745
0.5462118
0.54782355
0.54475945
0.5397464
0.5559713
0.54253334
0.54188937
0.5372006
0.5432919
0.53812975
0.543944
0.5342132
0.54071546
0.53990036
0.54159003
0.53705484
0.53651476
0.53739214
0.5394965
0.5350714
0.53643936
0.5334306
0.5366431
0.5334836
0.5384257
0.5395825
0.53932637
0.53333676
0.5324175
0.5397412
0.531051
0.53291184
0.5347382
0.5373424
0.53540254
0.5396474
0.536258
0.53433263
0.5369738
0.5385732
0.5376207
0.5339568
0.5343257
0.5369191
0.5386559
0.5389364
0.5388039
0.5406672
0.535678
0.5347683
0.53409296
0.5391231
0.5359488
0.53671074
0.538108
0.5365052
0.5401208
0.5346656
0.53693396
0.53824097
0.53337026
0.53078336
0.5348614
0.538022
0.5338061
0.5382293
0.5309459
0.5335629
0.5270371
0.5326165
0.5295328
0.53209037
0.5293673
0.53128046
0.5324814
0.53283435
0.5262355
0.5268291
0.5297759
0.52944285
0.53285575
0.52972156
0.52996904
0.53214645
0.52529615
0.5266086
0.5292233
0.52707213
0.52933216
0.5267865
0.5224628
0.5251259
0.5229066
0.52692497
0.5173663
0.5220832
0.5254799
0.5223255
0.5251165
0.5182087
0.52006537
0.53068423
0.5208866
0.51896006
0.52568614
0.52663875
0.5160008
0.5175737
0.51643336
0.5214524
0.5187537
0.51794845
0.51674414
0.5150631
0.5180985
0.51437455
0.51354945
0.51936084
0.516346
0.51062167
0.5121133
0.510366
0.50765157
0.51224244
0.5091894
0.50776947
0.5092456
0.5119026
0.51009464
0.5121456
0.5146664
0.50727034
0.5105437
0.5132583
0.5075759
0.511138
0.5074529
0.5068573
0.5080628
0.5095833
0.50945944
0.5074413
0.50642955
0.5090971
0.5111432
0.5118979
0.50682425
0.5079705
0.5082199
0.5088938
0.5085551
0.5113917
0.50401056
0.5137442
0.5071795
0.5089472
0.5070039
0.5079612
0.5064409
0.5063709
0.5053487
0.5037385
0.51184076
0.5047942
0.50591856
0.5089768
0.5050661
0.5073913
0.50493723
0.50770396
0.5086488
0.50094277
0.50008833
0.50604767
0.50424796
0.5027841
0.50297076
0.5041212
0.50485086
0.5085103
0.5048459
0.50209075
0.5015566
0.49946818
0.5010885
0.50656414
0.5080463
0.5053916
0.5036721
0.50885093
0.50756073
0.50417614
0.5001759
0.49794024
0.50105584
0.50360847
0.49870023
0.50136125
0.50143415
0.50530237
0.49215302
0.5005434
0.49353454
0.5008263
0.49664557
0.4982561
0.497154
0.49760723
0.49830544
0.49247214
0.4933051
0.4967244
0.4997935
0.4925343
0.4953388
0.49599174
0.49484652
0.49241695
0.4914088
0.4905597
0.49254543
0.49067518
0.49239072
0.48930994
0.49580023
0.49031436
0.49084547
0.4894627
0.48959288
0.4882175
0.48903716
0.48563427
0.48766673
0.48602945
0.48120704
0.4825999
0.48668113
0.48607028
0.4827983
0.48263657
0.48640925
0.48662135
0.487081
0.48385975
0.47830904
0.48300654
0.48269817
0.48122436
0.479316
0.4827404
0.4796541
0.47967717
0.4794957
0.48171338
0.47411832
0.47924468
0.48105446
0.47673216
0.47134197
0.47888216
0.48025876
0.47726133
0.47551203
0.47879222
0.47824138
0.4776094
0.48280314
0.4805641
0.47562605
0.4826187
0.4801714
0.47911507
0.47647476
0.47402778
0.47665608
0.47624385
0.476619
0.4785143
0.4740106
0.47320765
0.4769445
0.47534668
0.4736533
0.4760243
0.47757748
0.47511107
0.47657278
0.47550052
0.47915336
0.47712642
0.47509375
0.47420353
0.47316763
0.47806367
0.47535238
0.47285512
0.47370777
0.4737201
0.47574168
0.47948483
0.4744585
0.47940657
0.474169
0.47525313
0.47880158
0.4736997
0.47654325
0.4726447
0.4692748
0.47422108
0.47237167
0.4704477
0.47242674
0.47226447
0.4683105
0.47106093
0.4740228
0.4712699
0.4726697
0.47008756
0.46896422
0.46755573
0.46775797
0.46642584
0.47242182
0.4703066
0.4640161
0.4653765
0.46238664
0.46452984
0.46269816
0.46457216
0.46450454
0.46205762
0.4628467
0.46339816
0.46299267
0.46366844
0.45946655
0.45951772
0.4616963
0.4609593
0.46151248
0.45737183
0.46054956
0.46221173
0.45436737
0.46035513
0.46071434
0.4621436
0.4592807
0.45330852
0.453063
0.4567385
0.4545374
0.4527859
0.4544304
0.45821232
0.45161694
0.44972277
0.45000073
0.45517942
0.45223418
0.4565702
0.4470563
0.44948745
0.4500701
0.4516772
0.44935215
0.44480407
0.4481895
0.4491785
0.45040464
0.44582444
0.44606307
0.4429601
0.44500446
0.44505888
0.4493379
0.44661742
0.44858107
0.44262505
0.44053203
0.4476306
0.4403512
0.44493973
0.44727588
0.44945413
0.44326314
0.4438904
0.44367903
0.44382617
0.44449115
0.44520038
0.43862402
0.43866622
0.44232735
0.44070396
0.44404724
0.44096085
0.44000304
0.44181746
0.4422251
0.44083405
0.4382217
0.44467545
0.44393468
0.43976703
0.44025254
0.43860018
0.4425765
0.43625018
0.44061127
0.43987766
0.43430674
0.43931186
0.43985072
0.43609092
0.44227356
0.4400939
0.43442938
0.4358528
0.4340065
0.4387938
0.4365301
0.4391826
0.43931568
0.43182328
0.43617213
0.43359566
0.43086106
0.43227696
0.43413672
0.43593296
0.43283162
0.43737206
0.4357342
0.43295464
0.42845908
0.4330803
0.42444405
0.43129435
0.4269443
0.4251871
0.42526093
0.43115816
0.42839807
0.4261644
0.42435822
0.42720392
0.4290997
0.4282374
0.42882493
0.42722037
0.42639542
0.43198928
0.42445117
0.43429312
0.43079442
0.4253948
0.42577934
0.42890075
0.42931697
0.4302645
0.434065
0.4288789
0.4279244
0.4242505
0.42968574
0.43069547
0.4298419
0.4241999
0.42817566
0.43079492
0.42758864
0.4323325
0.42991883
0.4231682
0.42588598
0.42815757
0.4257847
0.4251386
0.42742404
0.42686322
0.42657194
0.4268559
0.4264417
0.43081477
0.4281498
0.43185264
0.4239277
0.4280262
0.42532024
0.42973852
0.42613006
0.428122
0.42928243
0.42872858
0.42666927
0.42722222
0.42933303
0.42842287
0.42393532
0.42611796
0.42003265
0.42577198
0.43080947
0.423742
0.4260623
0.4268488
0.42612764
0.42560962
0.4244104
0.42806557
0.42581615
0.42563128
0.42834517
0.42641905
0.42899486
0.42692226
0.42629117
0.4272165
0.42376852
0.41711542
0.4274098
0.41641194
0.42378798
0.42274234
0.42232922
0.4224848
0.42579177
0.42703077
0.4186454
0.42182836
0.42021552
0.41724813
0.42047253
0.4193559
0.41869867
0.4203171
0.42111924
0.41847333
0.4190096
0.41738784
0.4172918
0.42058906
0.42006347
0.41760823
0.4174983
0.41717818
0.41488528
0.41618514
0.4171211
0.4087036
0.41041476
0.41996956
0.41005975
0.41023225
0.41200346
0.40953964
0.4088886
0.41417718
0.40875754
0.414377
0.4102924
0.4094275
0.40865946
0.41240016
0.40855724
0.41051304
0.408782
0.41357207
0.4080465
0.41262254
0.41228703
0.41300273
0.410304
0.41112214
0.40962186
0.40906754
0.40906775
0.40964034
0.4154197
0.41103208
0.40719575
0.4121921
0.41103333
0.4118174
0.40900058
0.40926164
0.4091389
0.40849423
0.40920243
0.41043186
0.41261056
0.40873373
0.4074967
0.4103271
0.4083019
0.40707958
0.4097189
0.40712658
0.40519154
0.40540594
0.41093698
0.40775234
0.40873227
0.40782878
0.40276462
0.40745938
0.40781707
0.40844965
0.40174946
0.40292057
0.40500647
0.4085756
0.4108763
0.41320074
0.40834418
0.40667596
0.39998862
0.4040632
0.40996206
0.40308735
0.40497255
0.40194193
0.40934262
0.40420288
0.4072035
0.40530223
0.40512592
0.40737423
0.40912193
0.4060758
0.4057527
0.41140237
0.4079231
0.4069154
0.40783495
0.40547672
0.40892315
0.41095942
0.40669936
0.4074697
0.40549117
0.40354738
0.40510336
0.40597823
0.40716356
0.40191674
0.40565723
0.4019209
0.40435567
0.4075226
0.40096295
0.3979956
0.39710394
0.40115207
0.4028946
0.39978492
0.3965792
0.39394078
0.39626378
0.3971388
0.39941826
0.3951888
0.39227736
0.39416236
0.39883822
0.39396912
0.39378598
0.39611122
0.3942394
0.39428148
0.39167044
0.39633143
0.39168102
0.3928622
0.39251292
0.392741
0.3926237
0.39132586
0.38607782
0.38983715
0.39255306
0.38963324
0.38808873
0.39089477
0.39060453
0.38550025
0.3862561
0.3864532
0.3859747
0.38989943
0.39460054
0.38749918
0.38563633
0.38600823
0.38585177
0.38403878
0.3851753
0.38520953
0.37985998
0.3793381
0.38031328
0.3824217
0.38328776
0.37994418
0.38062224
0.37751752
0.37679094
0.37672016
0.3774526
0.3768818
0.37581724
0.37549698
0.379376
0.37610266
0.3778794
0.37792438
0.37480322
0.37586212
0.3745603
0.37401387
0.3762921
0.37466294
0.37426507
0.37719268
0.37245786
0.37488094
0.37143442
0.3751708
0.3768617
0.37640822
0.3787403
0.37490714
0.3706123
0.37764916
0.37496182
0.37385908
0.3791019
0.37370637
0.3728231
0.37467867
0.37261358
0.36983886
0.37038702
0.37658224
0.3776091
0.37395963
0.375757
0.37712878
0.3701844
0.37348598
0.37354195
0.37578323
0.37643582
0.37561586
0.374151
0.37907508
0.37622458
0.37525448
0.37649068
0.3742558
0.37608907
0.3742721
0.37355134
0.38157132
0.37857473
0.3850571
0.38257164
0.37600482
0.37525046
0.37631342
0.37896007
0.37560725
0.37347707
0.3780131
0.37915164
0.3752125
0.3754726
0.37339452
0.37901026
0.3769552
0.37758586
0.3745511
0.37885964
0.3811063
0.37705263
0.37850794
0.37501097
0.37847584
0.37179255
0.37557742
0.3729459
0.3783234
0.373847
0.37199193
0.3736692
0.37087446
0.37276295
0.37547994
0.37359858
0.3748524
0.3725999
0.36915538
0.3748812
0.37545693
0.3747158
0.3735027
0.37386414
0.37589583
0.37167856
0.36924204
0.37052113
0.36920196
0.36909842
0.3726626
0.36979428
0.36983737
0.37125942
0.36813393
0.36958537
0.37055415
0.367971
0.36840335
0.3681813
0.37126967
0.36922243
0.36816153
0.3709231
0.3634745
0.36566293
0.36856106
0.36545596
0.36617687
0.36958387
0.3676436
0.36873692
0.3650952
0.3702257
0.36568123
0.36686742
0.36765176
0.36622688
0.36803487
0.36448446
0.36720765
0.36566135
0.3638637
0.3639078
0.3680637
0.36561903
0.37016666
0.36367658
0.36601833
0.36681142
0.36555153
0.360645
0.36178035
0.36307275
0.36585137
0.35994068
0.3627631
0.36604878
0.36391294
0.36675134
0.36471507
0.36823174
0.3633504
0.36077848
0.36346218
0.37078503
0.35924533
0.36450472
0.36205995
0.365551
0.36227182
0.36185527
0.3620528
0.36611474
0.36650145
0.36176327
0.35543936
0.36603934
0.36452904
0.36629918
0.36788765
0.3625787
0.36563957
0.36524796
0.3599152
0.36607638
0.3688233
0.36303777
0.36370203
0.36213377
0.36485088
0.36544606
0.36499295
0.36816695
0.36295587
0.36371064
0.36522958
0.36500955
0.36163253
0.36463284
0.3617128
0.36758673
0.3632811
0.36187446
0.36051536
0.36363748
0.36567572
0.3576577
0.36139196
0.3637765
0.36618087
0.36347798
0.36613995
0.36291105
0.36248982
0.36345124
0.36039513
0.3623403
0.36130428
0.36323133
0.3607721
0.36149797
0.35982797
0.3587404
0.3604454
0.3568059
0.35589364
0.35983095
0.36077827
0.35827586
0.3547982
0.35576066
0.35978067
0.35625586
0.36101833
0.3569092
0.35407686
0.3542638
0.35907695
0.35286537
0.3565558
0.3531952
0.35204497
0.36195523
0.3573423
0.3519349
0.352948
0.3492325
0.35218793
0.34629753
0.34914663
0.3496521
0.3508357
0.3512519
0.3456802
0.35030946
0.34795326
0.34604326
0.3453304
0.3474674
0.34429017
0.34467742
0.34514257
0.34649795
0.34201065
0.34514436
0.34467396
0.34592873
0.34256896
0.34466124
0.3425019
0.34382737
0.34190235
0.34325945
0.34167165
0.339708
0.3383549
0.34226125
0.3442156
0.34282607
0.33761573
0.3405512
0.33732906
0.34379154
0.33807245
0.33768666
0.33848026
0.3422489
0.33997837
0.33601606
0.33850783
0.3361753
0.33293164
0.33644277
0.3332363
0.3345388
0.33568674
0.33581182
0.33550832
0.3360964
0.33479795
0.33634758
0.3350426
0.33574855
0.33185703
0.33080325
0.33329895
0.33313203
0.33330426
0.33604997
0.335479
0.33589086
0.33508936
0.33467367
0.33169016
0.33585438
0.3335679
0.3316077
0.33489904
0.33034888
0.3268137
0.33106977
0.3303502
0.33243388
0.33340883
0.33225253
0.33135113
0.32965094
0.330564
0.32967633
0.32930034
0.32915846
0.3295278
0.32469514
0.33039114
0.32629016
0.33011287
0.32708284
0.328333
0.32624924
0.33495545
0.32993674
0.3285958
0.32802352
0.3276164
0.32489806
0.32819197
0.3282777
0.33441073
0.32701373
0.32814988
0.32894304
0.3289757
0.33035302
0.33094236
0.32752618
0.3323484
0.32772073
0.3285981
0.3303796
0.32985005
0.3335303
0.33111003
0.33134025
0.32971215
0.32813787
0.32478637
0.3324663
0.33083245
0.3313239
0.3330266
0.33276522
0.32990056
0.32835427
0.32965016
0.33126524
0.33388597
0.33135998
0.33236232
0.3339725
0.3308588
0.33157474
0.3329786
0.33043453
0.33502218
0.32887945
0.33155155
0.32687342
0.32693723
0.3322364
0.3243825
0.33395976
0.33289027
0.32956076
0.32741094
0.3330117
0.3292807
0.32956165
0.32827762
0.32878134
0.32665384
0.32759336
0.33020082
0.3259448
0.31945297
0.324991
0.32774365
0.32520822
0.32481235
0.3213118
0.32606247
0.32654384
0.32494393
0.32380912
0.32336953
0.32264122
0.32174328
0.32268816
0.3246327
0.3257424
0.32600346
0.32587922
0.32115743
0.3241579
0.32206237
0.32430097
0.3220832
0.32681817
0.32200408
0.31888682
0.32028243
0.31915733
0.31751558
0.32086483
0.32076576
0.31673986
0.3171703
0.32110867
0.31906438
0.3121173
0.31695834
0.3127687
0.31553534
0.3142066
0.32007694
0.3171869
0.31993106
0.31202343
0.316748
0.31852025
0.3172443
0.3168738
0.31215343
0.3162708
0.31540838
0.3136463
0.3178951
0.31142604
0.31499693
0.31275034
0.31396112
0.31803787
0.31284067
0.3161737
0.31351417
0.31533223
0.31392682
0.31386006
0.31579947
0.31957313
0.31447244
0.31613693
0.30876833
0.31044817
0.30849892
0.31448722
0.3124384
0.30872864
0.31799343
0.3132915
0.31367576
0.31043944
0.3130075
0.31005228
0.3152064
0.31283838
0.313342
0.31248346
0.31454295
0.30781928
0.31015918
0.30740857
0.30999836
0.3074678
0.3110362
0.31434256
0.31234097
0.31158584
0.31223968
0.30887663
0.31339213
0.31020284
0.3078856
0.30637884
0.3134318
0.31126195
0.3063731
0.30923513
0.30947825
0.30867264
0.30961135
0.3042782
0.3120066
0.30476826
0.30280402
0.3117772
0.31087318
0.31121325
0.3108211
0.30615678
0.30418012
0.3106932
0.30956647
0.3068407
0.30202404
0.3062368
0.30722848
0.3055025
0.30563658
0.30360198
0.30354002
0.3028172
0.3075085
0.30575812
0.2992268
0.30690554
0.306044
0.30330935
0.30704296
0.3054479
0.30199948
0.30740008
0.30255154
0.3048803
0.30537242
0.30577457
0.30534762
0.30692822
0.30520126
0.30153576
0.30637375
0.30674013
0.30516887
0.30761474
0.3046282
0.30474985
0.30475414
0.30677342
0.3079106
0.3074807
0.30854952
0.30285758
0.30671537
0.3093261
0.30765727
0.30467936
0.3035327
0.30767772
0.3064268
0.30520594
0.30192167
0.30312273
0.2980796
0.30182737
0.30786684
0.30225945
0.30163774
0.29874712
0.3008723
0.30093202
0.30365595
0.2997529
0.30330673
0.3012599
0.3014737
0.30081305
0.30505255
0.2962166
0.30084914
0.29583225
0.30123183
0.29969227
0.2986182
0.29460308
0.30134034
0.29824704
0.29987848
0.30118188
0.29597312
0.29824075
0.29899302
0.3010925
0.29948175
0.30382633
0.2979585
0.29865092
0.2989802
0.30240726
0.29960817
0.29771197
0.29618272
0.2951971
0.29472917
0.29892585
0.30005693
0.29983065
0.29798394
0.29505026
0.29364195
0.299748
0.29597032
0.2996271
0.2965748
0.29579964
0.2966718
0.29717484
0.29774597
0.29600358
0.29709867
0.2971083
0.29772022
0.2950642
0.29830128
0.2967781
0.29616764
0.29367846
0.29471612
0.29479703
0.29551536
0.29318178
0.29507682
0.29521313
0.2976214
0.29643387
0.2924967
0.2962959
0.29253617
0.2939986
0.2965297
0.2912764
0.29460472
0.29479927
0.29678053
0.29673517
0.29329723
0.2932105
0.2924857
0.29643205
0.2959968
0.2943687
0.29135874
0.29282013
0.2931981
0.29513565
0.29669908
0.29243866
0.29642463
0.292975
0.2964497
0.29192957
0.2892582
0.29315022
0.2890646
0.2944825
0.28852195
0.2904698
0.28853485
0.2934936
0.29214197
0.28695595
0.2907003
0.28788692
0.28993177
0.29237443
0.2884312
0.29222196
0.2868589
0.28803432
0.28922203
0.2885359
0.29112005
0.2888083
0.2955452
0.2913608
0.29158166
0.28921324
0.28737226
0.2902568
0.29000592
0.2871212
0.2929599
0.2923914
0.29107115
0.29048002
0.29469952
0.2913066
0.29286054
0.28576267
0.29048598
0.29093334
0.28832576
0.28982204
0.28934374
0.2895221
0.29363486
0.29199973
0.2922778
0.29400268
0.29126492
0.2891301
0.28788495
0.28987315
0.28824097
0.29307798
0.29450855
0.28909642
0.28561562
0.28711185
0.2842298
0.28763142
0.2855033
0.28778479
0.28925398
0.28831148
0.28592947
0.2860276
0.2890357
0.28944874
0.2905265
0.2879295
0.28560343
0.28374827
0.28631166
0.28285867
0.2842097
0.2841289
0.28561223
0.28412482
0.2838862
0.28669867
0.28491205
0.28362596
0.28732395
0.2839637
0.28851002
0.28278273
0.28542325
0.2828004
0.28573835
0.28850415
0.28470823
0.28220266
0.2830176
0.28375778
0.28470466
0.2855398
0.28717962
0.28077272
0.2845818
0.28224787
0.28127062
0.285616
0.28268346
0.28217357
0.2784628
0.28263593
0.27959546
0.27935696
0.27750498
0.27832773
0.27989712
0.27839127
0.2755419
0.27812025
0.27962813
0.2785103
0.27811643
0.27576658
0.27939582
0.27702445
0.27189845
0.27869973
0.2734551
0.27250823
0.27705136
0.27870315
0.28145453
0.27805886
0.27331966
0.2768883
0.27422905
0.27873492
0.2777887
0.27479157
0.278815
0.27192512
0.27564862
0.27749664
0.27828604
0.27893797
0.27511966
0.2817819
0.2769673
0.27299652
0.2758357
0.27680463
0.27569038
0.27569574
0.27637854
0.27453128
0.27410045
0.2736332
0.27551073
0.2778448
0.27263832
0.27165604
0.2705762
0.2766653
0.2737379
0.27401873
0.27252504
0.27175096
0.26930878
0.27840242
0.27301633
0.27732736
0.27302468
0.27571502
0.27187765
0.27618963
0.27984485
0.27132055
0.27722716
0.27629942
0.27524254
0.2725509
0.27439535
0.27586913
0.27652413
0.27503067
0.2773918
0.2771487
0.27723053
0.27459395
0.27474034
0.27245757
0.2741895
0.27239022
0.27205947
0.27123296
0.2738496
0.27236533
0.2727228
0.27344248
0.26748976
0.27506515
0.27110097
0.26790816
0.27453253
0.26579168
0.27125242
0.27091914
0.27024946
0.27278957
0.26950198
0.26895952
0.27189395
0.26993898
0.26981738
0.269765
0.26880506
0.2712504
0.26912493
0.27209464
0.26903453
0.26587683
0.268674
0.270184
0.27187654
0.26773173
0.27260438
0.2677368
0.26970094
0.2690198
0.2659108
0.27068743
0.26661387
0.26807046
0.26954913
0.2687871
0.26700854
0.26937115
0.26870912
0.26783606
0.26915038
0.26580822
0.26869327
0.2658323
0.26893052
0.26833168
0.26591894
0.26526117
0.26565626
0.26833275
0.2642295
0.26569274
0.26487175
0.26728368
0.2625879
0.26552594
0.2660682
0.26667672
0.26079848
0.26642203
0.26347876
0.26264694
0.26365516
0.266781
0.26285377
0.26203278
0.2617296
0.25935757
0.26154673
0.26531857
0.26550546
0.26413795
0.26058745
0.263273
0.27036682
0.26312906
0.2628197
0.26578808
0.26346222
0.2643207
0.26464716
0.26509765
0.26131058
0.2646356
0.2590959
0.26130292
0.26237592
0.2594174
0.2632401
0.25802812
0.2570947
0.25817162
0.26232347
0.25803104
0.26113185
0.25859094
0.25985608
0.25956112
0.25727376
0.2593609
0.2562319
0.25870517
0.26118883
0.26012778
0.26137456
0.2598132
0.25919235
0.25582382
0.26125148
0.25510013
0.25938702
0.25641173
0.26195756
0.26013425
0.25474933
0.26032344
0.25945234
0.25881577
0.26344448
0.26436922
0.26236582
0.26354578
0.25839886
0.25993234
0.25811315
0.26043183
0.2603916
0.26165158
0.26171708
0.26134902
0.25949678
0.26224074
0.2563789
0.25770983
0.25702915
0.25629422
0.25882056
0.2586147
0.25643733
0.25728527
0.26014253
0.25520104
0.26128548
0.2574562
0.2574934
0.2585791
0.25996065
0.25619537
0.26085296
0.256789
0.25450155
0.2549142
0.25407848
0.2565977
0.25762868
0.25485933
0.2594773
0.25470588
0.25343946
0.2497811
0.25358465
0.25156757
0.25031292
0.2491041
0.25386074
0.2523379
0.2524881
0.25076303
0.25199366
0.2516932
0.24708566
0.24840593
0.24630879
0.24776648
0.25063115
0.25107786
0.2508096
0.24714008
0.2494326
0.24642365
0.24838543
0.24589513
0.24769564
0.24960238
0.2452982
0.24717583
0.24198043
0.24558683
0.2440203
0.24495974
0.24617057
0.25196567
0.24381496
0.24783629
0.24856952
0.24425444
0.2447964
0.2465613
0.24750301
0.24288063
0.24762301
0.2442373
0.24377105
0.24804129
0.24611208
0.2421153
0.2431803
0.24201094
0.24648064
0.24356422
0.24367584
0.24802491
0.24352215
0.24650353
0.2419159
0.24355358
0.24165249
0.2414964
0.24362165
0.24529192
0.24250922
0.24047612
0.24009031
0.24099377
0.2424757
0.24079394
0.24239878
0.243387
0.24260421
0.2419358
0.24651879
0.24173705
0.24566278
0.24547492
0.24079143
0.24120127
0.24074174
0.24622428
0.24271673
0.24337696
0.24241912
0.24024688
0.24316922
0.24264044
0.24066564
0.2453235
0.24427153
0.244592
0.24601616
0.24291441
0.2411371
0.24384336
0.23843151
0.24058582
0.23803869
0.24163313
0.24160297
0.24344991
0.2443647
0.24560633
0.23897903
0.23914737
0.24170822
0.24270506
0.2431541
0.24149108
0.24278045
0.2459101
0.23961887
0.2442401
0.24039006
0.24585204
0.24153808
0.24312207
0.24432516
0.24338567
0.24562678
0.24296856
0.23976637
0.24908932
0.24616607
0.2437634
0.2477747
0.24670942
0.242704
0.24121453
0.24376641
0.24573146
0.24018955
0.24449946
0.2469995
0.247015
0.24401902
0.23977278
0.24411671
0.24017003
0.2446146
0.24188283
0.24854971
0.24576432
0.24194688
0.24526344
0.24352245
0.24375796
0.24033163
0.24666567
0.2395007
0.24185598
0.24247798
0.24537553
0.24427484
0.24214406
0.24373111
0.24498795
0.24267367
0.24481106
0.2421981
0.24248716
0.23929894
0.24262261
0.24186419
0.2392227
0.24033055
0.24087805
0.24494997
0.24090582
0.24244635
0.24277946
0.2405978
0.24114938
0.23869391
0.2418917
0.24080648
0.23998691
0.24017331
0.23640396
0.24170631
0.23963054
0.238438
0.23856597
0.2391818
0.24003783
0.23997732
0.24293207
0.23836242
0.2404035
0.2412661
0.24078605
0.23929767
0.23594698
0.23946169
0.23874821
0.24005148
0.23852806
0.23773736
0.24230498
0.24407937
0.2420374
0.24149145
0.23918113
0.23752299
0.23708376
0.24209158
0.23767038
0.23921187
0.24050537
0.2390936
0.24076399
0.24212041
0.23468882
0.23891568
0.23998377
0.2402749
0.24082272
0.23966806
0.23913473
0.2408027
0.23697664
0.23841316
0.23615937
0.23913737
0.23892197
0.24081105
0.23908372
0.23584068
0.2340713
0.2370387
0.23516588
0.23659754
0.23659639
0.23506887
0.23373707
0.23573387
0.2332985
0.23204748
0.23343164
0.23427115
0.23444618
0.23340261
0.23010644
0.23492068
0.2286595
0.2310424
0.22909415
0.23382474
0.23263142
0.22679353
0.23021767
0.22980234
0.23175137
0.2276116
0.2299585
0.23231882
0.2278605
0.23366214
0.22997071
0.22671953
0.23137724
0.22923604
0.22914943
0.23307554
0.22977588
0.22551003
0.22963502
0.23273145
0.23180328
0.22871098
0.23003314
0.2359181
0.23387645
0.23069246
0.23236756
0.22828989
0.22859435
0.22793336
0.2316316
0.2249918
0.23159711
0.23210636
0.22784178
0.22853492
0.2265871
0.22801848
0.23155695
0.23041767
0.22645621
0.23404948
0.22835013
0.2344004
0.22875245
0.22991703
0.22937274
0.23205523
0.23187141
0.22970985
0.22720152
0.22489828
0.23346354
0.22978786
0.22903506
0.22928624
0.2306842
0.22953875
0.23533033
0.23272106
0.231917
0.22921316
0.22691701
0.22656381
0.23297293
0.23173587
0.230405
0.23054233
0.23014435
0.23005658
0.22970752
0.2305268
0.2306148
0.22906967
0.23075615
0.23277907
0.22908027
0.23601271
0.23371945
0.23532888
0.23023938
0.23197472
0.22994234
0.2316541
0.23254253
0.22743642
0.22774504
0.2283966
0.23396054
0.23109671
0.2301077
0.22857857
0.23150341
0.23208955
0.23163588
0.22667818
0.22966848
0.2272657
0.22909887
0.22677507
0.22727981
0.23073475
0.22650664
0.2265559
0.2240135
0.23007768
0.22481383
0.2272213
0.22776659
0.22960249
0.23004968
0.22653519
0.23206896
0.22809641
0.23054212
0.23298559
0.2330501
0.22681054
0.22879489
0.22818713
0.22926602
0.22936603
0.22765143
0.23188767
0.23341225
0.23079997
0.23173705
0.2298672
0.22787607
0.22750497
0.22912621
0.23318829
0.22662212
0.23063847
0.23087966
0.23007597
0.23116925
0.22714725
0.22963879
0.22335061
0.22621937
0.22586732
0.22689115
0.22744018
0.22440681
0.22661565
0.22429562
0.22362968
0.22063275
0.2227521
0.22430754
0.22100425
0.22270542
0.22360547
0.223838
0.22060484
0.22186455
0.22265825
0.22263351
0.22100712
0.21828684
0.22298661
0.22107624
0.21945897
0.21906038
0.22115791
0.22053626
0.2208033
0.21743076
0.22150758
0.22099338
0.22044712
0.21811292
0.216466
0.22064774
0.21968794
0.22086242
0.2182038
0.21837
0.2185218
0.22149391
0.21734385
0.21720038
0.21863306
0.21727894
0.21842454
0.21509278
0.21766491
0.21829493
0.22234127
0.21981965
0.2188114
0.21810219
0.21629623
0.2161565
0.21744417
0.21717516
0.21778524
0.21715797
0.21500753
0.21959876
0.21467791
0.21693736
0.21471643
0.22117086
0.21831374
0.2180372
0.21852343
0.21633795
0.21896906
0.21678442
0.2194695
0.21983936
0.21444345
0.21594016
0.2117992
0.21633941
0.21377856
0.21547882
0.21714973
0.21188246
0.2160016
0.219528
0.21552278
0.21431603
0.21425532
0.21182534
0.21049172
0.21297862
0.21348053
0.21158004
0.216459
0.21234064
0.21393745
0.21137361
0.21412161
0.20837143
0.21219851
0.21128497
0.20881426
0.20863
0.20909716
0.21087454
0.21159175
0.21051611
0.21291292
0.20900239
0.21107599
0.20788242
0.20854877
0.21085265
0.20677458
0.21031186
0.21001205
0.21222089
0.21033111
0.20557058
0.21056435
0.21002907
0.20808657
0.20812309
0.20806384
0.20755424
0.20628071
0.20889926
0.21049671
0.20946254
0.20643453
0.2112051
0.20516352
0.20600593
0.20703715
0.21002215
0.2072226
0.20734462
0.20662273
0.20600608
0.20773457
0.2054448
0.20832857
0.20775458
0.20762911
0.20834215
0.20701507
0.20759259
0.20658903
0.20525455
0.20581351
0.20767511
0.20921451
0.20478725
0.20540217
0.21404749
0.20809293
0.21131696
0.20709549
0.21007518
0.20855175
0.20492269
0.20682083
0.20733148
0.2094162
0.21092895
0.20711379
0.2046294
0.20576273
0.20857687
0.20456655
0.20892061
0.20675412
0.20867458
0.20527168
0.20907384
0.2088866
0.20573018
0.2080351
0.2057509
0.20829792
0.2075638
0.20980437
0.20847371
0.2103903
0.21365477
0.20739318
0.20747289
0.2088187
0.2085007
0.20917858
0.20707373
0.2121373
0.20896304
0.20648716
0.20633371
0.20822608
0.20850635
0.20966007
0.20771588
0.210612
0.20790529
0.20978469
0.20669605
0.20873897
0.20807995
0.20789413
0.21143158
0.20559372
0.20795485
0.20893882
0.21145007
0.20951247
0.21602271
0.21342455
0.2098004
0.20843363
0.21214367
0.21225648
0.21330847
0.20880395
0.21123411
0.21221392
0.21402818
0.21074301
0.20828201
0.21010923
0.21398062
0.21104074
0.21668187
0.20870039
0.21070027
0.20876408
0.20684919
0.21209268
0.2122455
0.20640339
0.21013151
0.20751585
0.20665565
0.20637278
0.20795318
0.20750444
0.21061562
0.20545533
0.20597804
0.21027571
0.21077153
0.20626089
0.21180743
0.20955186
0.21206026
0.20788524
0.20701447
0.21003196
0.21139023
0.20801951
0.20435882
0.20938435
0.20695777
0.20848083
0.20554188
0.20649561
0.20636213
0.20746535
0.20825991
0.20673433
0.20954993
0.20596191
0.20154284
0.20695703
0.20425627
0.20867386
0.20504361
0.20841855
0.21345674
0.2080356
0.20658506
0.2052177
0.20980182
0.20660374
0.20914622
0.20899852
0.20437439
0.20856726
0.20687917
0.20877047
0.20717753
0.20909446
0.2071664
0.21076033
0.20977731
0.20321874
0.20890716
0.20691127
0.2074523
0.20622566
0.21550326
0.20831208
0.2055257
0.20724134
0.20815267
0.2063484
0.20539804
0.20801425
0.20945288
0.20957407
0.2082982
0.20716204
0.20439474
0.21231136
0.20393492
0.21110582
0.20833617
0.20872247
0.20779385
0.20900385
0.20761582
0.20793867
0.20796257
0.20716101
0.2066101
0.20599538
0.2062022
0.20291995
0.1993032
0.20405495
0.20312989
0.2058938
0.20579228
0.20834388
0.20668803
0.2062637
0.20364255
0.20626564
0.20552187
0.20207486
0.20072357
0.2045618
0.20154244
0.2064057
0.20009047
0.2012445
0.2063881
0.20658791
0.20211223
0.20215802
0.20298806
0.2002282
0.20342019
0.20638965
0.20606196
0.20142141
0.20245558
0.2017863
0.20761617
0.20184176
0.20459777
0.20696354
0.20368092
0.20718583
0.20267598
0.20285767
0.20295116
0.2048544
0.20306073
0.20186791
0.20077616
0.20571043
0.20141351
0.20088553
0.20137388
0.20219651
0.20528641
0.2017408
0.20013054
0.19885668
0.19990648
0.19739638
0.19919671
0.19898179
0.19605738
0.19867949
0.1956367
0.19871943
0.1997882
0.19503738
0.19936271
0.19781119
0.19676273
0.19564445
0.19498767
0.1962116
0.19908252
0.19291037
0.19678508
0.1968598
0.19729714
0.19680886
0.19851394
0.19550347
0.19303636
0.1916287
0.1963971
0.19236305
0.19152111
0.19074947
0.19475347
0.19389333
0.19473699
0.1919857
0.19326189
0.1938888
0.193087
0.19456282
0.19169423
0.19168527
0.1946112
0.19409713
0.19182025
0.1924507
0.19060479
0.19278176
0.18793412
0.1917365
0.19436514
0.19021875
0.18872784
0.1936789
0.18864769
0.19360073
0.19215973
0.1933121
0.19715832
0.18998453
0.19121478
0.19167587
0.19413114
0.19156751
0.19404139
0.19324026
0.19348869
0.19357455
0.19459073
0.19832455
0.19272418
0.19411631
0.19202344
0.19074933
0.19444014
0.1912246
0.19190219
0.18905766
0.19232698
0.19492747
0.19117178
0.1935743
0.1928831
0.1930818
0.19297497
0.19341125
0.18995178
0.19173245
0.19385089
0.19510508
0.18997742
0.18811813
0.19058111
0.19270734
0.19210632
0.19123136
0.18861467
0.19044109
0.18963921
0.18791617
0.19129367
0.18665186
0.18707043
0.18506365
0.18471636
0.18686311
0.18745092
0.18969968
0.18737935
0.18582691
0.18533932
0.18193741
0.18324697
0.18416063
0.18182576
0.18535967
0.18544887
0.18106595
0.18361235
0.18221168
0.18230337
0.18068784
0.18268138
0.18363453
0.18021998
0.18122618
0.17925975
0.18103835
0.18543936
0.17841703
0.18758772
0.18280716
0.18313214
0.18414806
0.18063843
0.18221383
0.18240033
0.18260197
0.18133864
0.18215276
0.1838542
0.18371178
0.1821163
0.18172361
0.18336013
0.17997086
0.18052258
0.18243654
0.18514416
0.17961231
0.18292011
0.18244076
0.18779512
0.17768656
0.17817967
0.18044323
0.1818867
0.17525642
0.17894171
0.18057856
0.17846228
0.17720512
0.18432829
0.17863208
0.17667228
0.1798718
0.181169
0.18187109
0.17750286
0.17349537
0.17907535
0.17604594
0.17711154
0.1796667
0.17696962
0.17856775
0.17829183
0.181578
0.18166883
0.17392798
0.17663744
0.1809458
0.17921299
0.18330932
0.17995438
0.18045087
0.18230397
0.17878582
0.17855121
0.17866127
0.1781444
0.18113028
0.17836986
0.17610088
0.17562532
0.18156882
0.17563471
0.180296
0.17720068
0.17566913
0.17919244
0.17905618
0.1771117
0.17970617
0.17690566
0.17956436
0.17322451
0.17836569
0.1785127
0.17603153
0.175072
0.180939
0.17995536
0.17975526
0.1770518
0.1766591
0.17923261
0.17763656
0.18287389
0.17916065
0.17757256
0.18293294
0.18197218
0.18133347
0.18188
0.17466465
0.18133411
0.18072452
0.17914665
0.18126707
0.17677256
0.17533655
0.17905147
0.17975475
0.17955501
0.17763641
0.17463164
0.17952517
0.18011421
0.17990601
0.1815486
0.17885742
0.1788061
0.17825003
0.18007429
0.17409933
0.17392951
0.17650682
0.17729184
0.18217742
0.1827736
0.17900202
0.18005964
0.17959549
0.17449225
0.18082131
0.17534952
0.17803745
0.17808644
0.17918514
0.17657486
0.1765777
0.17983048
0.17792332
0.18098797
0.17469385
0.17754932
0.1798405
0.17823313
0.17242208
0.17852128
0.17749228
0.17335945
0.17640154
0.17516465
0.17446977
0.17367145
0.17300327
0.17171757
0.17806557
0.17629373
0.17728366
0.1786715
0.17620999
0.17532057
0.1725902
0.1731564
0.17334715
0.17035659
0.17370808
0.17078575
0.17104124
0.17675732
0.16942057
0.17472066
0.16949557
0.16843706
0.17198047
0.16641979
0.172431
0.16916792
0.16993004
0.16711093
0.16898121
0.16773003
0.16643356
0.16744459
0.16786501
0.16789535
0.1661845
0.17296435
0.16618069
0.16904984
0.17006245
0.16455616
0.16364636
0.1667763
0.16725792
0.16579504
0.1652435
0.16939852
0.166327
0.16406895
0.1687743
0.16724107
0.16737096
0.16597947
0.16175441
0.16424246
0.16546606
0.16459562
0.16292012
0.1668445
0.16312483
0.16310342
0.16281527
0.16150671
0.16423832
0.16186911
0.1654136
0.16156866
0.16315079
0.16285053
0.16546273
0.16493207
0.16213995
0.16400868
0.16949356
0.16313423
0.1661686
0.16107073
0.15850547
0.16117416
0.16770813
0.16229442
0.16504446
0.16365579
0.16630153
0.16319062
0.15989129
0.16520314
0.16238302
0.16147614
0.164164
0.1620095
0.16024943
0.1596455
0.16320682
0.16455652
0.15981382
0.16504015
0.16476826
0.1641761
0.16241805
0.15986268
0.15833537
0.16179426
0.16376127
0.16485941
0.16267267
0.1633183
0.16645153
0.16502298
0.16695757
0.15997832
0.16089122
0.16438834
0.16876541
0.1609009
0.16326459
0.16239133
0.16544922
0.16447672
0.16620958
0.16489474
0.16681063
0.16649346
0.16620737
0.16611695
0.165333
0.16401269
0.16503716
0.1664282
0.16448626
0.16231203
0.1636757
0.16744733
0.16379088
0.16185229
0.16678153
0.16445641
0.16916052
0.16790004
0.16924652
0.1640461
0.16486597
0.16598976
0.16679116
0.16712748
0.16362761
0.17077038
0.16849254
0.16702172
0.16694787
0.16636308
0.16604197
0.16357261
0.16827136
0.16232257
0.16383033
0.16029406
0.17032886
0.1628205
0.16457929
0.16166371
0.16084932
0.16536805
0.16236983
0.1580085
0.15726192
0.16284479
0.16190682
0.16254364
0.16010968
0.16482762
0.16342916
0.16203023
0.16249228
0.16047733
0.15946028
0.1579051
0.16012664
0.16565296
0.16329917
0.1678741
0.16693386
0.16007428
0.16347967
0.16690497
0.16056561
0.16037437
0.1634428
0.15997547
0.16316868
0.1630239
0.1615851
0.16433328
0.1638911
0.15633012
0.1644865
0.1603213
0.16039531
0.15755355
0.16177362
0.16145356
0.16261154
0.15853412
0.1560902
0.15580775
0.15883076
0.158009
0.1567126
0.16091506
0.15664275
0.15793122
0.15346037
0.15506248
0.1509556
0.15354322
0.1533663
0.15504172
0.15402375
0.1543273
0.15240811
0.15834749
0.1564751
0.1582929
0.15597787
0.1540847
0.15475017
0.15489872
0.15883438
0.15628721
0.15350561
0.15420087
0.1569408
0.15516168
0.1521653
0.15506782
0.15614532
0.1551435
0.15739273
0.15939288
0.15535729
0.15791818
0.1563996
0.15412958
0.1537369
0.15686017
0.15602824
0.15729831
0.15591507
0.15874131
0.16022938
0.15316708
0.15567622
0.15911676
0.16080718
0.1555995
0.16071567
0.15403883
0.15771183
0.16006395
0.1563666
0.1578752
0.16189271
0.16280006
0.1577627
0.15837704
0.15633586
0.15385288
0.1550402
0.15428956
0.16182692
0.1618472
0.15731122
0.16084293
0.15853225
0.15911253
0.15732673
0.15644017
0.16058162
0.16190223
0.15476573
0.15652844
0.16160817
0.16020255
0.15964586
0.16015038
0.15655355
0.15767127
0.15929975
0.16232352
0.1587713
0.15775119
0.15732354
0.15969706
0.1615836
0.15660235
0.15564908
0.15777947
0.16018012
0.15789124
0.15758707
0.1613702
0.1590203
0.15806589
0.15516506
0.15904884
0.15724896
0.15281023
0.156821
0.15634058
0.15660846
0.15339375
0.1608348
0.15668125
0.15647405
0.15549383
0.15508355
0.1546573
0.16006066
0.15341173
0.15600185
0.15427558
0.15533549
0.1589338
0.15642992
0.15323843
0.15786044
0.1565748
0.15601467
0.15751843
0.15647773
0.1570224
0.15484731
0.15828197
0.16040839
0.15801935
0.16197522
0.15144612
0.15589207
0.1564448
0.15777065
0.1561126
0.15889533
0.15573514
0.1541685
0.15071796
0.15607285
0.15495369
0.15562518
0.15504959
0.15478663
0.15574363
0.15652123
0.15429269
0.15588747
0.15337695
0.15504897
0.15314953
0.15659033
0.15425877
0.15557969
0.15707766
0.1563314
0.15850559
0.15474717
0.1582357
0.16288857
0.15936053
0.15923247
0.15663548
0.15365192
0.15222165
0.1528947
0.15421227
0.15712665
0.15659875
0.15788038
0.15178068
0.15609778
0.15937124
0.15640146
0.16107109
0.15713361
0.15475978
0.15402721
0.15171659
0.1518244
0.15532564
0.15454686
0.15527385
0.15151574
0.14765292
0.15154147
0.1527589
0.1543535
0.15336426
0.14940871
0.15139219
0.14868362
0.15315485
0.15105411
0.1483683
0.14931752
0.1485836
0.14957388
0.15139106
0.1484188
0.15010615
0.1542907
0.1493856
0.14840212
0.14547613
0.14936918
0.1533606
0.146325
0.15481673
0.15125327
0.15369947
0.1501115
0.14817834
0.14883746
0.15066563
0.1568904
0.1518304
0.14937557
0.15188183
0.15523757
0.14735143
0.14805105
0.15137106
0.15042584
0.1513529
0.15318511
0.14888623
0.15433262
0.15361555
0.15153824
0.15221325
0.14906242
0.1506729
0.14979275
0.15604703
0.14853404
0.15141797
0.14743927
0.14918882
0.15031867
0.1482428
0.1446432
0.1463069
0.14885364
0.14735967
0.14760278
0.14770806
0.14782396
0.15601029
0.14694737
0.14989746
0.14803532
0.14735603
0.1503894
0.15090841
0.14874794
0.14881815
0.15220048
0.15092726
0.1491598
0.14295664
0.14947724
0.14596374
0.14803617
0.15319803
0.1448347
0.14689422
0.15020308
0.14667526
0.14294143
0.14584409
0.15145344
0.14532533
0.15049052
0.14805168
0.1471247
0.1488897
0.14699085
0.14800954
0.14910449
0.14382684
0.14199106
0.14597121
0.14841609
0.14752199
0.14947215
0.1489954
0.14834122
0.1479496
0.14862631
0.14914474
0.14447924
0.15027636
0.14695403
0.14741309
0.14762017
0.14399192
0.14728607
0.15042593
0.1463723
0.1447107
0.14069833
0.14533325
0.14636007
0.14249861
0.14612152
0.14303602
0.14439373
0.14462535
0.1467709
0.14797373
0.14524804
0.1435322
0.14625782
0.14664248
0.14707842
0.14385805
0.14558958
0.14520597
0.15187134
0.14650181
0.14567173
0.14413016
0.14554755
0.1457658
0.14674324
0.14686525
0.14292957
0.14764033
0.1421615
0.14736944
0.14529173
0.14545432
0.14782777
0.14434059
0.14744473
0.14913067
0.14646578
0.14984313
0.14495601
0.14565055
0.14979933
0.14549483
0.149085
0.14437388
0.14461426
0.14391851
0.14656556
0.14725296
0.14574686
0.14683539
0.14591508
0.14924999
0.15018357
0.14467253
0.14468817
0.14915992
0.14560983
0.14298321
0.14556076
0.14353605
0.14020427
0.1428953
0.14395367
0.1440445
0.14707442
0.14308083
0.14153315
0.1505712
0.14390373
0.14563051
0.14287299
0.14515391
0.13857874
0.14528695
0.14085956
0.14183128
0.14236875
0.1420208
0.14722896
0.1409536
0.14431803
0.13980539
0.14470606
0.13697284
0.1480212
0.13589163
0.13940789
0.14158142
0.13952899
0.14323063
0.14338692
0.14288212
0.13925484
0.14103499
0.13733475
0.14198846
0.13945256
0.14294869
0.14394896
0.13861819
0.14205924
0.1396376
0.13642555
0.14113986
0.14110136
0.14061858
0.13571294
0.13906747
0.14181332
0.14225008
0.14241426
0.13671334
0.14165063
0.13856721
0.13701938
0.14105643
0.14118874
0.13842514
0.13831256
0.14053646
0.13989344
0.1387863
0.13947773
0.1399111
0.13781214
0.13886009
0.1392177
0.13757752
0.13941619
0.13546592
0.13802673
0.13696414
0.13976489
0.14115696
0.13826585
0.13867113
0.136191
0.1350704
0.13853692
0.13886753
0.13244328
0.13520752
0.13570362
0.13558157
0.13654439
0.13812506
0.13877496
0.1388082
0.13578948
0.14020255
0.13413824
0.13609628
0.14183407
0.13626471
0.13617197
0.13766456
0.13736278
0.1381774
0.13485117
0.14015871
0.13647307
0.1354636
0.13473022
0.1394077
0.13177446
0.13483864
0.13580428
0.13660109
0.13605481
0.13352205
0.13299155
0.13365793
0.13154076
0.13437954
0.1325642
0.13203943
0.13158551
0.13546608
0.13484898
0.13482288
0.13609616
0.13232017
0.13327102
0.13145424
0.13467145
0.13425079
0.13576
0.13044776
0.13546406
0.12853333
0.12996066
0.13393475
0.13531636
0.12781304
0.13280906
0.13508564
0.1349832
0.13460986
0.13479625
0.13165273
0.13272005
0.13230091
0.1323678
0.13037859
0.13401355
0.13331428
0.13013764
0.1349362
0.13135673
0.13518569
0.12975417
0.13411431
0.13433106
0.13475454
0.1320524
0.13233997
0.13100757
0.13777983
0.13063765
0.12792741
0.12869962
0.13206665
0.13103805
0.12897687
0.13182986
0.13361745
0.13202682
0.13355546
0.13278036
0.13236038
0.13448834
0.13415876
0.12865889
0.12981233
0.13203834
0.12812513
0.12962118
0.12977472
0.13045412
0.13310935
0.12918924
0.13339113
0.13150445
0.13045183
0.13513596
0.13243602
0.12805344
0.12950636
0.12708476
0.12762958
0.12753049
0.13012043
0.13109803
0.13098547
0.13393374
0.12942821
0.13158967
0.12951595
0.12857363
0.1332764
0.13052495
0.12770408
0.12707144
0.12595254
0.12812288
0.12965737
0.1305543
0.13024199
0.12793696
0.12738797
0.12692115
0.12629196
0.1221182
0.12740716
0.12617739
0.12756158
0.12519199
0.12973824
0.12531155
0.12325758
0.13168314
0.1272153
0.124028064
0.12501551
0.12587187
0.12101092
0.12392998
0.12740242
0.12329369
0.12337392
0.12259927
0.1255508
0.12313533
0.12511857
0.12676188
0.12240478
0.12453601
0.12471694
0.11994002
0.124212824
0.12520531
0.12598485
0.1240703
0.12564825
0.12287658
0.12120653
0.12245564
0.119820476
0.123562716
0.124088444
0.12228646
0.12453954
0.12607738
0.12056874
0.12506549
0.12158747
0.122443594
0.12204286
0.12449388
0.12326857
0.12306313
0.12729052
0.119211555
0.12418595
0.11860055
0.122467
0.124685
0.1215238
0.12825562
0.12154547
0.120136075
0.12098154
0.119389065
0.12009506
0.12383768
0.1229851
0.12363851
0.12140607
0.12299941
0.12157165
0.12776218
0.122186854
0.118332356
0.12219887
0.11938439
0.12382253
0.117635965
0.11641495
0.11956175
0.12196712
0.122339524
0.12286912
0.12015722
0.11799821
0.11630232
0.12048522
0.12032
0.12003796
0.12308513
0.12721068
0.119161755
0.12069207
0.12352627
0.11752753
0.12377794
0.122253396
0.12297715
0.12197178
0.11710724
0.118861176
0.11922754
0.12126965
0.12256398
0.12232678
0.1238613
0.124330625
0.1273764
0.12358763
0.11919207
0.12360563
0.12354728
0.12136519
0.12136055
0.121944465
0.12026694
0.123503245
0.11936632
0.11743465
0.1236386
0.12243968
0.1168354
0.12108299
0.119449854
0.12207167
0.11961128
0.118841626
0.12333297
0.1166401
0.11753158
0.11999466
0.119152576
0.12526074
0.12345142
0.11828974
0.122807786
0.11902668
0.11894
0.11635396
0.11789008
0.11781077
0.121981405
0.11244613
0.119526796
0.117104344
0.1183527
0.11781138
0.1135316
0.11321165
0.11903289
0.113919385
0.11837457
0.11687176
0.119012505
0.11472405
0.11543318
0.11674979
0.1144893
0.11733313
0.111825414
0.1124805
0.11506306
0.114662915
0.115366705
0.116885185
0.114145
0.112587936
0.11789581
0.115788
0.116410874
0.115487255
0.115083724
0.11506194
0.112147324
0.11640294
0.1131777
0.11630229
0.110668205
0.117950134
0.111844964
0.112358265
0.11226793
0.11230685
0.1172151
0.11507177
0.11545907
0.117687196
0.11240044
0.10989752
0.10976288
0.112051785
0.11416406
0.11226862
0.11240053
0.11125552
0.115135446
0.11169169
0.109956644
0.113557376
0.11618596
0.111489296
0.11153084
0.11503788
0.11418566
0.11208112
0.11326135
0.11176201
0.11664582
0.11006861
0.11597016
0.11748092
0.11159176
0.11277773
0.116291985
0.11246655
0.11159761
0.1104097
0.10947657
0.1145863
0.11502395
0.111962594
0.11119877
0.11132072
0.115614824
0.108500764
0.11261205
0.112844296
0.116502196
0.11212268
0.10668118
0.10892569
0.1136934
0.107509255
0.105980314
0.111210585
0.10542907
0.11035613
0.108621284
0.108300045
0.1102563
0.111728124
0.110904925
0.10672504
0.10735451
0.10999852
0.10901817
0.10987785
0.11112954
0.10605899
0.10958017
0.10752084
0.10512315
0.10708214
0.104746714
0.111534916
0.10433525
0.10184404
0.103177376
0.10940907
0.10118193
0.10858688
0.109216824
0.110231616
0.10467234
0.10350563
0.10312889
0.1070126
0.10717654
0.10739268
0.10846494
0.1047711
0.10533641
0.10388887
0.105393544
0.10644118
0.10228271
0.10508081
0.10789604
0.10988266
0.10281445
0.109394796
0.1060057
0.10647749
0.10233026
0.10420638
0.10588873
0.101719506
0.10878045
0.106189236
0.10670344
0.111846656
0.10374888
0.108833976
0.10693916
0.10535849
0.10430418
0.10680905
0.10680908
0.10747264
0.10768623
0.10730911
0.1095703
0.10816818
0.108583674
0.10751854
0.10993483
0.1077118
0.10756047
0.10810287
0.105215766
0.10497991
0.113020435
0.10360529
0.10540556
0.10743542
0.107270144
0.10541881
0.10576601
0.106317125
0.108089715
0.10360713
0.106010325
0.10415221
0.108257234
0.100373946
0.10262425
0.100762315
0.10618501
0.10361021
0.107081756
0.09769137
0.10172397
0.10867131
0.10106971
0.10118657
0.098693304
0.09821074
0.09781869
0.107949704
0.10024973
0.10155326
0.10292552
0.101542726
0.1040055
0.10448921
0.10386839
0.105111875
0.10566281
0.09887753
0.10300694
0.10241213
0.10155399
0.107607275
0.1035086
0.106460534
0.10575142
0.10556721
0.10497497
0.10305948
0.103033446
0.10591795
0.102081016
0.10746259
0.104960404
0.10251734
0.10352709
0.10431278
0.10297061
0.10303039
0.102630384
0.108041696
0.100647464
0.10459062
0.10498257
0.103622004
0.10308008
0.10146863
0.10313532
0.10405371
0.10733201
0.10379708
0.103689946
0.109528
0.10959385
0.10706512
0.10721567
0.100243695
0.109107345
0.10362486
0.10397311
0.10695284
0.10323122
0.1056791
0.103075564
0.11032752
0.10718067
0.10176176
0.10402554
0.104623996
0.10762184
0.10590184
0.10412518
0.10267915
0.10893346
0.10386757
0.1089209
0.103243805
0.10419415
0.105778046
0.10118776
0.104562595
0.10562138
0.10454101
0.10803192
0.09725136
0.10248601
0.10412955
0.1013539
0.10247712
0.10112456
0.09988974
0.10198777
0.10372156
0.100534044
0.102888495
0.10255612
0.100559495
0.10397736
0.10130451
0.10324319
0.10239907
0.10167346
0.10717245
0.10557458
0.1038125
0.10058625
0.10054596
0.09643701
0.09983203
0.10913396
0.10746231
0.10316093
0.10780615
0.103128806
0.101250164
0.10176223
0.098313995
0.101579644
0.101821326
0.09927953
0.096463926
0.10081215
0.09828678
0.0995644
0.10256991
0.099494
0.09854245
0.10064872
0.10249039
0.1037626
0.099657
0.099367835
0.10359685
0.10272714
0.09686017
0.10096738
0.099830806
0.10341298
0.10083968
0.10112626
0.100678
0.10052122
0.098670125
0.10392537
0.099846646
0.101501055
0.10457163
0.10067478
0.09691203
0.099464335
0.10209165
0.094397396
0.100035466
0.10682024
0.09794288
0.09847513
0.10464855
0.10116929
0.10000094
0.100357994
0.10171139
0.10192529
0.09527304
0.0972555
0.102346
0.099009514
0.10191558
0.09976546
0.09752096
0.09609009
0.101838365
0.099254794
0.09772299
0.09804583
0.09714752
0.097071685
0.100281805
0.09730721
0.096586086
0.0982384
0.096374445
0.10063429
0.095123634
0.104065016
0.10307807
0.10117448
0.101834655
0.101359
0.09707239
0.097368546
0.098998114
0.101465054
0.09856123
0.09408904
0.100544766
0.09722576
0.098945245
0.09862518
0.10042119
0.093111485
0.09888659
0.099863656
0.0973084
0.09768198
0.09954157
0.09938744
0.10245265
0.09871607
0.098556645
0.09462415
0.09667655
0.099970125
0.09820569
0.098848216
0.09897709
0.098146796
0.10424339
0.101399936
0.09543748
0.09886897
0.09847615
0.093217865
0.09442442
0.0951915
0.097569235
0.09900351
0.097582184
0.097140566
0.101033896
0.098556034
0.09583148
0.09664081
0.09495737
0.099201076
0.100500196
0.09575463
0.101095565
0.101075314
0.099878795
0.09803814
0.09641182
0.099601865
0.09915065
0.09615654
0.10205252
0.0984333
0.10314339
0.09952178
0.10244187
0.099539526
0.097817495
0.097134285
0.0992364
0.09270034
0.09230099
0.0977138
0.09306061
0.09555572
0.09404935
0.09991466
0.09610198
0.09915993
0.096066624
0.09183711
0.1000413
0.10058411
0.09479212
0.10020609
0.09883709
0.09010003
0.0987164
0.10103235
0.09583419
0.093461215
0.09765817
0.09709583
0.09360353
0.08903882
0.09494385
0.09116201
0.09241817
0.09289057
0.094973505
0.09256872
0.0968523
0.094603054
0.09217424
0.09502025
0.09345321
0.09145354
0.095066115
0.09322207
0.09746163
0.0926961
0.09463445
0.095796466
0.09690918
0.09263927
0.09608916
0.09272209
0.098211825
0.09886802
0.09054638
0.09252644
0.08914672
0.0910475
0.09030743
0.08765651
0.09310585
0.08949918
0.09253156
0.09043569
0.09006531
0.08569735
0.090001434
0.08980085
0.08635192
0.09152472
0.08685957
0.08774423
0.08720115
0.085174136
0.09009954
0.08270048
0.08217059
0.08429556
0.09183765
0.087397225
0.08822572
0.08695102
0.083594844
0.08784671
0.087095015
0.0871118
0.08655494
0.08203249
0.08337608
0.08178512
0.08808985
0.08551059
0.08650492
0.08620259
0.088184066
0.08025545
0.08180363
0.08197272
0.08320847
0.084439576
0.08759127
0.085902095
0.08147393
0.08406902
0.08732917
0.08197594
0.08252486
0.08338804
0.083480485
0.083432086
0.08401813
0.087106675
0.08748568
0.082306385
0.09039562
0.08470447
0.086271115
0.08251107
0.0825995
0.08402427
0.087337025
0.08356907
0.088532135
0.086046934
0.089498274
0.08401868
0.080458164
0.08453987
0.08432842
0.0864102
0.08315628
0.08235038
0.086111605
0.084371075
0.084676124
0.084283166
0.08324002
0.08542847
0.0859887
0.08365857
0.08182397
0.08665959
0.07933638
0.086409464
0.07807625
0.08398822
0.084321216
0.07882407
0.084800735
0.08195117
0.08253448
0.085829474
0.08281846
0.079686776
0.08424818
0.084848166
0.08508646
0.0815291
0.0869884
0.08223246
0.08706649
0.080167554
0.08068728
0.083733276
0.08111503
0.08129668
0.08242139
0.084014334
0.084908545
0.08258248
0.08551996
0.0774899
0.08349212
0.08431461
0.084114365
0.08177208
0.08064957
0.08284121
0.08211601
0.085569695
0.07985938
0.08508399
0.08221607
0.0855098
0.081970915
0.08460215
0.07932503
0.08581725
0.08095529
0.08360599
0.08058375
0.08475896
0.08846063
0.082142994
0.08339978
0.081013635
0.085078135
0.08307528
0.08998633
0.08274966
0.08380243
0.08869292
0.08319093
0.083609454
0.09055764
0.0886075
0.09222712
0.08697013
0.08396942
0.086573064
0.08704935
0.092668064
0.088644005
0.08540677
0.0855268
0.0852179
0.08563864
0.087596126
0.091984935
0.08760704
0.084337704
0.08549797
0.086257875
0.08275423
0.088799216
0.09019795
0.08548147
0.087243296
0.08823469
0.085504994
0.08894041
0.09228629
0.08411085
0.08606101
0.082660176
0.08087009
0.091024354
0.08615415
0.085759565
0.08881348
0.089123994
0.08570258
0.08219442
0.08621948
0.089348346
0.08408377
0.088511065
0.08787421
0.08134109
0.08775639
0.0828396
0.08746533
0.086411275
0.08483377
0.08531172
0.083416186
0.08693238
0.08255438
0.088427305
0.09289119
0.09396693
0.089073986
0.08818174
0.08350721
0.08834818
0.085672416
0.08574906
0.083629504
0.088202484
0.09132384
0.085229255
0.083157904
0.08279119
0.08412126
0.08639041
0.08755311
0.08878302
0.08404662
0.08462154
0.08121864
0.088711455
0.08743275
0.08001706
0.08656418
0.089219965
0.083987296
0.08613664
0.0859146
0.08449164
0.0846302
0.08129709
0.08782216
0.082863845
0.08193447
0.084737964
0.081693396
0.08060881
0.07893607
0.077795014
0.08342778
0.08806718
0.08125445
0.0796716
0.07912747
0.0799674
0.08047264
0.07937922
0.07600992
0.082945675
0.08084634
0.08171038
0.075882815
0.08033563
0.07885
0.07784244
0.080800265
0.07550463
0.07659637
0.080010936
0.07811318
0.077921316
0.08029648
0.0804157
0.08076183
0.07294573
0.07189324
0.07643151
0.07954678
0.07853719
0.07723717
0.074128546
0.076088615
0.074359834
0.07893893
0.07992334
0.07760074
0.07597155
0.08012794
0.081738465
0.07935035
0.0810893
0.07622538
0.07798331
0.0771421
0.08119479
0.080741026
0.0773514
0.08076067
0.08111354
0.084704496
0.07929084
0.080991425
0.079390526
0.08079719
0.07845568
0.07664331
0.081160136
0.08067213
0.08191785
0.077672586
0.08505271
0.07924986
0.08078381
0.086253256
0.07849266
0.08268475
0.08071057
0.07895529
0.07930633
0.07974166
0.08092227
0.08370778
0.08131657
0.08091611
0.08201872
0.08459461
0.07934467
0.085044816
0.07937488
0.078468695
0.07748287
0.07971495
0.080066666
0.079225205
0.0767702
0.08071743
0.08242897
0.07700767
0.08301151
0.07781016
0.08258615
0.079782754
0.07834578
0.08041653
0.08524499
0.07984222
0.081875056
0.08428163
0.08059715
0.07718202
0.08068737
0.082944244
0.083310984
0.07576919
0.07855013
0.07921835
0.072857186
0.07442203
0.07873844
0.080086954
0.076059654
0.07755976
0.07550622
0.07714387
0.07915192
0.0737649
0.071673885
0.077426545
0.070854604
0.07353187
0.07522295
0.07833892
0.07719602
0.07330438
0.07523895
0.077349566
0.07860174
0.07780254
0.0764913
0.07663879
0.073985584
0.075220264
0.071574494
0.0744783
0.07177235
0.07766137
0.07525011
0.07352841
0.077680685
0.07992705
0.07217804
0.07005831
0.07639635
0.07291097
0.07663979
0.07806224
0.070876755
0.075331114
0.07495523
0.07586171
0.07432576
0.07237353
0.07185827
0.07571566
0.077920444
0.08176568
0.07544463
0.0760566
0.07347394
0.07484704
0.07526979
0.07434133
0.07150122
0.0734815
0.07189035
0.07848481
0.0760391
0.06863866
0.0761246
0.07417429
0.07451402
0.07823515
0.07937585
0.08052917
0.07417559
0.0724641
0.07833538
0.0762677
0.07809908
0.07385406
0.07552294
0.07472246
0.076345935
0.07649036
0.073356636
0.07735411
0.078092314
0.07878724
0.07326795
0.07899302
0.06994743
0.072716005
0.074177064
0.07954405
0.07918732
0.07773769
0.082372144
0.072294414
0.07534888
0.07293076
0.074738875
0.07119641
0.07249956
0.077933356
0.075813465
0.072765045
0.07248755
0.07253195
0.07168357
0.06988234
0.07717173
0.07067329
0.07612633
0.07989021
0.07203809
0.07376094
0.075727955
0.07242245
0.07196989
0.07313225
0.07755783
0.06850565
0.07396695
0.07605669
0.07597096
0.071795
0.07152913
0.07596129
0.07948432
0.07252615
0.072656386
0.0745546
0.07564001
0.0793512
0.07307345
0.07322556
0.072712205
0.07843145
0.07570964
0.079418354
0.072494246
0.0721581
0.07390135
0.074438125
0.07466788
0.072348945
0.07405094
0.074109815
0.07396813
0.07071415
0.074065916
0.07461055
0.0706599
0.07682345
0.07566566
0.071093574
0.07535076
0.072302796
0.074746676
0.06936168
0.07689202
0.07482056
0.06738734
0.07065114
0.0739556
0.07502506
0.07260409
0.07085143
0.07282887
0.06918495
0.07251136
0.072795756
0.074442595
0.07210551
0.07095523
0.07280803
0.074080005
0.0717208
0.07266647
0.07055036
0.073933385
0.07246563
0.06917117
0.07137865
0.070351236
0.073678605
0.075706124
0.071323276
0.07869523
0.07716261
0.07198748
0.07633731
0.07231251
0.077537306
0.07940158
0.077723786
0.072056435
0.073607676
0.06932727
0.070396796
0.077389784
0.07306694
0.06956559
0.07838223
0.069308825
0.07734455
0.076782875
0.07869123
0.0732268
0.06880683
0.072773404
0.06956435
0.07522005
0.07677687
0.07449147
0.07477633
0.073809735
0.07275716
0.07226566
0.07253653
0.07828694
0.06977246
0.07446103
0.07316661
0.07345088
0.07606623
0.073645085
0.07046614
0.072529465
0.069550596
0.069366515
0.07260601
0.07582276
0.07596986
0.073167965
0.07499288
0.07263859
0.07649245
0.079025164
0.069721006
0.0708323
0.073981024
0.07027794
0.072854884
0.071124986
0.076939225
0.07039852
0.067091115
0.07153251
0.06839342
0.06807336
0.07522715
0.073286064
0.07373774
0.070765786
0.073962085
0.074290454
0.07077103
0.06846203
0.073961526
0.07059329
0.07598486
0.07202765
0.07935893
0.064900756
0.07251917
0.075962536
0.0708382
0.07098907
0.06766942
0.067586966
0.074662685
0.0732334
0.07495119
0.0695776
0.07079861
0.06721526
0.07568408
0.067147076
0.06923192
0.06928837
0.07065254
0.07193794
0.06909039
0.06822507
0.068003654
0.070207804
0.068620734
0.064260066
0.0668517
0.06964656
0.078079574
0.06741084
0.069672965
0.0691585
0.067099266
0.06892994
0.0675242
0.067315444
0.06873354
0.0636679
0.06537151
0.067207105
0.06453453
0.06864857
0.068055294
0.06996151
0.06670546
0.0646019
0.063131526
0.06399924
0.068417266
0.07031282
0.0630192
0.0663078
0.06897007
0.06470306
0.06648793
0.06772705
0.060574032
0.067533016
0.06593288
0.07044175
0.06280044
0.06935673
0.060764194
0.069896385
0.065054394
0.06534391
0.065412894
0.07234253
0.07429406
0.061042696
0.066433646
0.06870149
0.060738496
0.0657216
0.059182715
0.062261533
0.062090322
0.062100723
0.068691775
0.06336909
0.06433438
0.06178158
0.06418142
0.06552517
0.061608016
0.06081287
0.061233893
0.064919114
0.06423158
0.061327208
0.062488686
0.061357394
0.062043943
0.06311233
0.060553852
0.06513178
0.06369053
0.05863379
0.065855764
0.06457039
0.06256693
0.06530105
0.06313712
0.061723232
0.065553024
0.06270966
0.06249834
0.0654996
0.063491166
0.058341816
0.0610062
0.0646847
0.06933503
0.062762715
0.0568123
0.061032098
0.05971285
0.058989
0.06763034
0.05949503
0.061003696
0.056517586
0.062894896
0.06294176
0.059103582
0.05968309
0.06089779
0.057077404
0.056955196
0.06400314
0.06494225
0.058410596
0.058924377
0.06643797
0.06196898
0.060335174
0.057994887
0.063023135
0.05899755
0.06237588
0.057737377
0.062289692
0.062250394
0.056911733
0.059582062
0.065433964
0.0687007
0.06253931
0.05853297
0.06270256
0.06527876
0.0637184
0.06670715
0.060799975
0.06244864
0.059525084
0.06203979
0.0641519
0.06397851
0.06357361
0.06346468
0.061663743
0.062898956
0.06130772
0.063999765
0.064130425
0.06358694
0.06191743
0.06022491
0.05936977
0.068181336
0.06221134
0.058991324
0.06447069
0.061123274
0.065663725
0.064464554
0.06080356
0.056234945
0.058310095
0.059290014
0.062060244
0.05977036
0.06056725
0.0657902
0.06421395
0.063419096
0.057735458
0.06174555
0.057532094
0.059173368
0.057087924
0.059609655
0.058633085
0.06163927
0.05687964
0.057372548
0.056722745
0.059308305
0.05485156
0.06587792
0.065963216
0.056556165
0.059156124
0.05556525
0.056861356
0.062178325
0.053664327
0.06214287
0.05793695
0.058477074
0.05902667
0.058419164
0.061046414
0.06387865
0.060150962
0.06298199
0.06179669
0.0618311
0.06272303
0.057550766
0.06066587
0.06542939
0.06383767
0.06471674
0.0620469
0.05969647
0.06266971
0.060899165
0.05862184
0.060050935
0.061932776
0.06075023
0.058549985
0.062478922
0.058607545
0.059283122
0.05904259
0.059648816
0.058723696
0.062074047
0.06655545
0.061317157
0.061243653
0.0613492
0.06604511
0.059803553
0.06182031
0.05646927
0.06281949
0.06618971
0.058181457
0.06159574
0.057976186
0.058985345
0.06358697
0.06136675
0.059869837
0.060378272
0.056477338
0.0517117
0.06088561
0.05872158
0.056747645
0.057845056
0.057172585
0.0562156
0.05847273
0.056722056
0.05904075
0.059839338
0.062202036
0.0575276
0.059685457
0.061955094
0.05679438
0.05643257
0.060876615
0.06295728
0.05853355
0.06071573
0.057809748
0.05746938
0.06346165
0.065612406
0.060748953
0.05594647
0.05957378
0.061865855
0.05630617
0.06118464
0.062014025
0.0637318
0.05581318
0.06478302
0.059418373
0.06145888
0.058930468
0.06393126
0.060237996
0.06173761
0.06209954
0.060058802
0.06278655
0.061068695
0.0607038
0.06466043
0.05955403
0.06485586
0.06038854
0.06068565
0.06149168
0.058067612
0.06759304
0.062724
0.06556441
0.064009205
0.061365563
0.06116049
0.065522455
0.05958309
0.06024463
0.061246425
0.05811074
0.06416916
0.061098147
0.056267284
0.05778388
0.060928747
0.059995744
0.060683418
0.060562532
0.05800772
0.060067374
0.057137936
0.07057439
0.06407368
0.05738097
0.059713308
0.0669031
0.059450425
0.057714414
0.0590871
0.059095696
0.061277427
0.069991864
0.051983763
0.056796778
0.07247317
0.062051732
0.0654622
0.055391684
0.0611077
0.062582284
0.059366655
0.061608482
0.0581488
0.06469117
0.060802355
0.05886341
0.06166057
0.05901925
0.057757102
0.059862185
0.05919981
0.052769646
0.053508073
0.062403943
0.053642172
0.058789127
0.057741426
0.06076102
0.05754841
0.054694753
0.053265285
0.05111429
0.05996885
0.054854408
0.05392887
0.061940677
0.05784501
0.05511557
0.061087202
0.061311778
0.060436375
0.06034494
0.056127183
0.052602626
0.06055064
0.059006345
0.0568963
0.058155056
0.059937783
0.05510252
0.059447367
0.061046492
0.058342546
0.0520436
0.0613581
0.05623653
0.06025195
0.05647692
0.051818226
0.05308362
0.053733207
0.056518015
0.054899085
0.05918566
0.06080503
0.059203837
0.053709235
0.064243205
0.057317965
0.05493695
0.05323542
0.06312124
0.057710633
0.056608267
0.054795872
0.05628042
0.058390126
0.054928586
0.0556416
0.053777605
0.058792837
0.051603764
0.054846227
0.061166167
0.0548999
0.053756632
0.055970885
0.059254073
0.05538604
0.06979319
0.05121146
0.056421354
0.054943204
0.057324618
0.053551532
0.051966134
0.05954176
0.052965112
0.05214193
0.055515133
0.052079126
0.060257137
0.05210686
0.05413259
0.053746454
0.060082905
0.051351342
0.057322077
0.05878173
0.05292651
0.05615897
0.057879146
0.054311723
0.054603428
0.052196108
0.051841393
0.058042526
0.057589408
0.05462185
0.05650309
0.053824887
0.05671001
0.050964486
0.05026995
0.051740207
0.055038597
0.050389487
0.04853362
0.04985973
0.052502286
0.05076047
0.051234882
0.053934008
0.052048914
0.055731688
0.052527595
0.052965596
0.052665714
0.05087074
0.049994696
0.049232412
0.04839855
0.049861442
0.05444188
0.049288932
0.04812669
0.04886169
0.049763713
0.05052169
0.05325234
0.050833702
0.04938934
0.04855998
0.047939934
0.047513153
0.047658153
0.04892447
0.050301403
0.05065091
0.04993098
0.049442098
0.04782106
0.047433183
0.045679048
0.047117732
0.047079634
0.0481444
0.04913365
0.050365575
0.0490943
0.04796733
0.047075927
0.04855368
0.048568975
0.049110807
0.04876595
0.04811469
0.046471838
0.04784352
0.048454165
0.0515137
0.05066731
0.050981615
0.047278665
0.047519512
0.047620177
0.050265297
0.050582673
0.05045525
0.050028052
0.050983824
0.05008761
0.05184681
0.052434374
0.055726483
0.05304074
0.052524287
0.051539678
0.051948756
0.049852926
0.049853485
0.050204083
0.051517136
0.052081093
0.05253684
0.052616816
0.051196616
0.049715694
0.0484214
0.05052661
0.049864862
0.05093527
0.049621772
0.05101851
0.05025533
0.051603988
0.052288376
0.053109016
0.053441226
0.051258758
0.05090701
0.048790112
0.049718212
0.048637103
0.049344115
0.048909068
0.050504226
0.051621024
0.052540716
0.053103723
0.053551264
0.052972734
0.052082792
0.052969296
0.05556378
0.055942904
0.053114437
0.051371526
0.05173904
0.052616972
0.05245806
0.052185245
0.052007847
0.05540982
0.062451344
0.05472332
0.051928233
0.05550935
0.05431614
0.053929616
0.050315753
0.05064399
0.050549902
0.052511573
0.051372886
0.049791705
0.049036335
0.0501845
0.050838456
0.051225424
0.05101195
0.049936607
0.048295777
0.047171686
0.04916196
0.05163646
0.053315934
0.054747205
0.054084595
0.054299217
0.0517895
0.050804775
0.04806858
0.049976967
0.049941663
0.05133613
0.05151371
0.05278825
0.053188622
0.05170982
0.051681563
0.05323811
0.054172147
0.053826705
0.05446649
0.053992648
0.054163326
0.054246705
0.054901842
0.05523264
0.053397093
0.05466326
0.05502995
0.05619865
0.05557177
0.05667621
0.0547772
0.05337482
0.05129201
0.055245835
0.05654859
0.058353014
0.056373037
0.0602498
0.06783337
0.06007304
0.055668864
0.054861553
0.05622886
0.056654185
0.055597957
0.056544904
0.058027007
0.060016934
0.059303675
0.06060716
0.05915618
0.058670115
0.056456782
0.055749703
0.05925941
0.065247856
0.060831543
0.060452133
0.063357145
0.06466639
0.063049324
0.06115369
0.05709957
0.059041604
0.05874931
0.06550379
0.07337132
0.06190749
0.055797238
0.056115154
0.05655013
0.056718837
0.057622228
0.058127757
0.05848906
0.057784144
0.056663293
0.05652869
0.055809796
0.055423878
0.05823563
0.05841041
0.05808424
0.056925762
0.059794262
0.060224075
0.059014063
0.05704421
0.06023754
0.061166633
0.059567373
0.059241805
0.058369078
0.06026718
0.05884293
0.05934577
0.058635622
0.05731191
0.05669388
0.05650778
0.058371853
0.056631044
0.05581981
0.05357208
0.05461233
0.055229302
0.05517569
0.055740584
0.056447353
0.057412084
0.05688239
0.056787897
0.05598378
0.05502416
0.054019492
0.0529359
0.053860467
0.053238966
0.0564602
0.05302629
0.054260876
0.052399002
0.05480016
0.05344353
0.05065195
0.053157616
0.055315617
0.06016424
0.056325402
0.05476639
0.050955907
0.052956738
0.052545592
0.05406166
0.055251222
0.058040496
0.059170987
0.058976498
0.056757927
0.05733476
0.05662967
0.059531637
0.058970626
0.059345964
0.05762735
0.05681373
0.057642095
0.05553373
0.05340688
0.0519875
0.053430043
0.054374184
0.056300808
0.05636215
0.056794662
0.053798117
0.05260414
0.05217761
0.05507514
0.055493783
0.05689046
0.053850383
0.05646375
0.05543211
0.05753973
0.055796795
0.055775482
0.05347004
0.05226811
0.05020069
0.0548452
0.056139402
0.058430273
0.054294612
0.054525394
0.055596665
0.05428819
0.054424446
0.05198805
0.051694144
0.050859135
0.050358173
0.050288342
0.04814526
0.04907454
0.05364913
0.055902146
0.05818469
0.055258583
0.05429456
0.05219662
0.05238896
0.051534183
0.04974008
0.0482498
0.046680856
0.048873667
0.049957756
0.05397877
0.054397102
0.05422049
0.05372382
0.049821373
0.050963867
0.050177034
0.05135196
0.051860284
0.051955193
0.053377397
0.05990041
0.05858104
0.060209136
0.053265266
0.05365207
0.05300501
0.052789867
0.052589
0.05207018
0.050312568
0.051281936
0.051703744
0.052418765
0.049828164
0.05131053
0.052941475
0.05657029
0.054459848
0.051156767
0.05111156
0.05129548
0.05389418
0.052243188
0.051171873
0.051757015
0.05266703
0.055002637
0.05338489
0.051816218
0.049165145
0.05044046
0.052547835
0.05407693
0.05216264
0.05171871
0.050606605
0.05207866
0.05329553
0.053847257
0.052234497
0.049915466
0.05184981
0.052448116
0.051845584
0.048545584
0.05129025
0.051907443
0.05085635
0.048647813
0.051677857
0.05363432
0.056076083
0.053660642
0.05257641
0.04882385
0.04920069
0.050478894
0.052082475
0.04879646
0.05068762
0.049693108
0.052023932
0.05020497
0.051779516
0.05189046
0.054430258
0.054791767
0.05495316
0.052949857
0.054124273
0.054506436
0.057466287
0.05623534
0.05559054
0.055430494
0.05816038
0.06227206
0.05943439
0.05659704
0.052393693
0.052614395
0.054174718
0.05749097
0.056686297
0.05711823
0.05500597
0.05419467
0.051452253
0.050600562
0.052999593
0.055474572
0.056822117
0.057214722
0.056467928
0.05628912
0.056963183
0.05637847
0.057021286
0.05457965
0.05189866
0.05106812
0.052434053
0.055215202
0.05470514
0.055937577
0.05539743
0.05543704
0.05350289
0.052147027
0.051535595
0.05452503
0.054730568
0.056015056
0.05101704
0.05244122
0.050201185
0.05409908
0.052909296
0.053029682
0.049661804
0.05064953
0.051756527
0.05294825
0.053814024
0.05353359
0.055417065
0.056121197
0.059625812
0.060148742
0.058350362
0.057813924
0.054995228
0.055580907
0.05369506
0.052795384
0.052563295
0.05458505
0.057558857
0.05643008
0.053807635
0.0531728
0.050671183
0.05245716
0.05044478
0.053179957
0.051292356
0.052729726
0.052513134
0.052028075
0.05095988
0.050177667
0.049260125
0.047345456
0.05054731
0.051246908
0.053757876
0.053344358
0.053267542
0.053876076
0.05259564
0.05081922
0.05052067
0.050746333
0.052077908
0.049679846
0.0480109
0.04923875
0.05301036
0.052946936
0.055324476
0.05186698
0.050965194
0.048153978
0.047572702
0.05009396
0.050153844
0.05086151
0.0490955
0.048857924
0.047267046
0.04872783
0.049081765
0.05124784
0.05035317
0.050239194
0.05102879
0.050314736
0.04961864
0.047944013
0.046516903
0.044351038
0.045241907
0.046375196
0.04815133
0.045746744
0.04380053
0.042562872
0.04427248
0.047197018
0.05143928
0.052893218
0.051952083
0.048462976
0.047936793
0.05058449
0.05130324
0.05127908
0.045628734
0.043692324
0.041606557
0.042713147
0.04626583
0.05101012
0.051627606
0.049657393
0.046590067
0.049141783
0.04934731
0.051602513
0.052739106
0.05033359
0.04776992
0.049315576
0.052332032
0.055542223
0.05240073
0.05409404
0.053146172
0.05271805
0.049463715
0.048543096
0.04932324
0.05023246
0.050256047
0.051396906
0.0550821
0.05728503
0.058343135
0.055911254
0.054313496
0.051964425
0.049780022
0.04721384
0.047375366
0.051906183
0.055047583
0.089008175
0.15307067
0.09970157
0.066069946
0.050685294
0.04849986
0.05117994
0.0554138
0.059026387
0.05487816
0.051505294
0.052259132
0.052655935
0.052012056
0.04862468
0.050867006
0.052290875
0.051935147
0.049175967
0.051626988
0.054791637
0.055056307
0.052108534
0.050907433
0.049736887
0.04868077
0.048198014
0.048353024
0.05110008
0.050025895
0.050017122
0.048319995
0.045149717
0.048118424
0.04943724
0.05425968
0.052207742
0.051627316
0.049256694
0.049425036
0.046941362
0.049527995
0.04784485
0.04989971
0.04460581
0.046813086
0.046287544
0.05004243
0.046695083
0.045212325
0.043813016
0.04722789
0.048432548
0.04825916
0.04761746
0.04693191
0.047514345
0.046277866
0.047443308
0.049804814
0.053056583
0.052719694
0.05087366
0.04949736
0.047932338
0.046401963
0.045398917
0.045406245
0.04415141
0.046954807
0.04780747
0.04966683
0.047752403
0.052335862
0.050300416
0.049805976
0.04643305
0.048257913
0.049716286
0.047653083
0.051005706
0.049305327
0.053300276
0.051057402
0.049952254
0.048828118
0.0479354
0.050857875
0.05144546
0.04994252
0.04787251
0.045586497
0.048020095
0.046344243
0.044385944
0.044614155
0.04766897
0.050280396
0.049263693
0.048928894
0.04840507
0.047795437
0.04692958
0.047361597
0.046027604
0.043644365
0.043327723
0.04578398
0.048671287
0.048258472
0.04755648
0.04630509
0.045640092
0.044747524
0.045133084
0.047230944
0.048043557
0.04723624
0.04735561
0.04835796
0.047237817
0.046111297
0.04601177
0.047897987
0.0507353
0.04990372
0.05575941
0.052562535
0.050752457
0.044776168
0.044629283
0.044879872
0.045526814
0.04596781
0.044361807
0.04457537
0.04424749
0.046289604
0.04814183
0.049706507
0.04977675
0.0480258
0.04511322
0.041772578
0.040199947
0.040299874
0.040266898
0.040542614
0.04193344
0.042656444
0.041430242
0.04098121
0.039010625
0.039877936
0.04092709
0.042336114
0.04611422
0.047341608
0.048170116
0.04830707
0.0465835
0.044940516
0.04197503
0.042452816
0.042275988
0.043397043
0.04262671
0.04341503
0.041624323
0.04116861
0.041156992
0.040598277
0.041527692
0.041108206
0.043397643
0.043227565
0.043378476
0.042384982
0.044542532
0.042871483
0.042431127
0.041047867
0.040195614
0.039255522
0.03872212
0.03967017
0.043338604
0.04340155
0.043962274
0.043857582
0.04468856
0.041540958
0.04231766
0.04030966
0.039642226
0.038862176
0.039007798
0.038809188
0.040424027
0.04323381
0.042143676
0.042633314
0.043064047
0.042174287
0.04051345
0.040088855
0.039703928
0.039398193
0.03958537
0.040038157
0.039537854
0.04025208
0.03943908
0.039817583
0.037837856
0.03731333
0.03607846
0.035738148
0.03468172
0.035065647
0.035570417
0.034823645
0.03526181
0.03714865
0.03686673
0.03900689
0.038382165
0.038292043
0.039602995
0.038326982
0.03609625
0.036906116
0.036853846
0.032377604
0.034005444
0.034079447
0.034680545
0.035537668
0.035963487
0.034508564
0.03480865
0.03521955
0.03342911
0.034090117
0.03508772
0.03494118
0.035166908
0.03586001
0.035185207
0.034918945
0.03529326
0.0338913
0.0342215
0.03368415
0.034801375
0.033540078
0.03354312
0.033467527
0.034266807
0.033887662
0.035008103
0.035168342
0.034504287
0.035651095
0.037737064
0.037804596
0.037559725
0.0377253
0.039190803
0.03673299
0.037196804
0.03899577
0.039696038
0.039906457
0.04255645
0.041351426
0.042018734
0.042994883
0.040360376
0.038183503
0.03944525
0.037185136
0.036816355
0.03567038
0.035926335
0.03571557
0.036747675
0.03467806
0.035320356
0.0346207
0.03491325
0.035482936
0.038346563
0.040180523
0.04228753
0.041662633
0.04031143
0.039020203
0.03846937
0.036372308
0.03783666
0.03782015
0.037686326
0.03915684
0.041291445
0.04177839
0.044044405
0.044367086
0.045049604
0.04529139
0.044187978
0.043927927
0.044595324
0.041771468
0.042545736
0.043319367
0.04225833
0.04140891
0.04445291
0.040989317
0.039497614
0.039549958
0.039716393
0.038836483
0.040810514
0.0425164
0.043467563
0.043525077
0.04284413
0.0429113
0.042017624
0.041819178
0.04050724
0.04297498
0.043343563
0.04294671
0.043079425
0.043601304
0.041035824
0.04014865
0.03972123
0.040339533
0.041577443
0.04089926
0.040112786
0.03890125
0.03713943
0.037899293
0.03647294
0.03596917
0.03722854
0.03666587
0.036454465
0.034986746
0.035962697
0.037328254
0.039591108
0.04198218
0.042580523
0.042534165
0.040849935
0.037765287
0.036656078
0.037445348
0.036662307
0.03860137
0.039693166
0.04137189
0.04104095
0.038196746
0.038308103
0.037224233
0.03715287
0.03879219
0.039395224
0.040818043
0.040728338
0.04022796
0.040596962
0.042687364
0.04248469
0.041846942
0.043742876
0.045144856
0.04452606
0.043967117
0.04303018
0.045316305
0.04226172
0.04358208
0.044261493
0.046607584
0.044606473
0.045091767
0.043255914
0.042531326
0.040166978
0.041081157
0.04262379
0.04124317
0.042065527
0.044316962
0.04551085
0.043515723
0.04795435
0.04754491
0.047847416
0.045079194
0.04660131
0.044437002
0.046326336
0.044575166
0.04498459
0.046119828
0.04781981
0.0468254
0.04820612
0.04829968
0.04711802
0.04456525
0.043917343
0.04383783
0.04546115
0.046873823
0.04633436
0.04704292
0.045511816
0.043136783
0.042479213
0.040211387
0.041602064
0.04205517
0.044372752
0.047741804
0.048573066
0.050660368
0.05057727
0.050471853
0.049920876
0.050803248
0.051820837
0.05189181
0.053664494
0.053058498
0.05131641
0.051163055
0.050123103
0.0488505
0.049926803
0.05028706
0.048530426
0.04929105
0.04855329
0.046311174
0.046600487
0.04721964
0.046887964
0.0466082
0.049423635
0.049908675
0.05056955
0.051507216
0.049956836
0.048032016
0.049513415
0.050643284
0.04930357
0.051007006
0.050980203
0.048864637
0.048967835
0.051153984
0.051508
0.052373696
0.05287105
0.051798817
0.051120248
0.049584314
0.04906106
0.04939494
0.049112704
0.04923167
0.050062563
0.049210876
0.049822632
0.049322095
0.048044574
0.04719877
0.048860125
0.047765084
0.047932703
0.04525451
0.044522885
0.04359671
0.041665543
0.040526543
0.040277313
0.04270289
0.04263646
0.04202853
0.042660374
0.04283404
0.043802578
0.043462858
0.04662644
0.04911913
0.048125215
0.048610598
0.047455546
0.0440545
0.043593034
0.039159708
0.03998419
0.039185718
0.03836963
0.0385595
0.038986396
0.04101645
0.041702587
0.041698985
0.04101769
0.04221409
0.0432822
0.04345062
0.04131198
0.038996227
0.03779777
0.03809612
0.03821584
0.037279718
0.037439965
0.038643103
0.03997503
0.041188635
0.040568717
0.03939576
0.041056894
0.03994688
0.039178852
0.03965576
0.039113548
0.03962658
0.040001594
0.04135309
0.042369645
0.042062193
0.043136165
0.042354167
0.04248461
0.045319628
0.043027647
0.043016367
0.043284737
0.04107792
0.041557193
0.04063301
0.036371805
0.03718145
0.037565444
0.03649725
0.03559406
0.037258584
0.038317867
0.03886863
0.037833076
0.03757931
0.036870126
0.038702633
0.039728414
0.037253194
0.03957916
0.039498106
0.03934834
0.038528305
0.03787369
0.039537586
0.04038745
0.04038909
0.042676948
0.04233306
0.043321125
0.04332232
0.042817652
0.043029007
0.041325707
0.039132923
0.04027139
0.039295826
0.038292274
0.037717637
0.03741123
0.037736118
0.03897764
0.038557515
0.039207503
0.040380403
0.043781027
0.043325428
0.043491933
0.042383906
0.044932358
0.044693716
0.043345343
0.04295341
0.0423518
0.041773543
0.04375641
0.04213344
0.04189784
0.041391518
0.040419266
0.04065769
0.041098315
0.039768398
0.038814344
0.03747746
0.037427418
0.037598092
0.039051797
0.03928315
0.040685687
0.04047541
0.03960501
0.041864358
0.04183566
0.041462135
0.04012959
0.03837164
0.038211435
0.039348982
0.039648306
0.038797315
0.040361613
0.042532075
0.043507345
0.042783868
0.043792345
0.0421047
0.04218919
0.04400979
0.042013943
0.042337563
0.04288268
0.04165139
0.041744918
0.043001104
0.042364117
0.042938996
0.04332911
0.043910515
0.04598373
0.04500934
0.04518314
0.044445906
0.043224294
0.04314325
0.043891832
0.04337828
0.04454751
0.04343706
0.044332996
0.044574004
0.04498609
0.046137877
0.04442962
0.043096412
0.0409865
0.04167972
0.041071616
0.040934257
0.041542854
0.040027916
0.04018468
0.040794343
0.0407444
0.043370772
0.04324134
0.04522729
0.043738306
0.043484822
0.0447504
0.045588635
0.043951795
0.04293551
0.042425547
0.042253517
0.044044986
0.04394107
0.044325057
0.0432598
0.04401547
0.045052923
0.04641294
0.046480812
0.04717947
0.047502443
0.047839172
0.04771028
0.0488214
0.048521407
0.04831831
0.047260277
0.046457537
0.045093525
0.045261856
0.04522844
0.04419767
0.04252735
0.04132868
0.041657392
0.041953716
0.041271526
0.041576557
0.03874033
0.039355148
0.039022096
0.040821303
0.041134268
0.04089222
0.040620126
0.038944036
0.036536053
0.036589846
0.03663854
0.035689622
0.034644008
0.033277314
0.03269475
0.0318481
0.03289509
0.033646494
0.034163482
0.03546025
0.03434144
0.035248496
0.035656027
0.03662108
0.036651507
0.03706495
0.037722424
0.03589583
0.03678013
0.035867203
0.037256453
0.038083106
0.037414342
0.03759147
0.037987098
0.038426615
0.038234577
0.037561413
0.037101008
0.035645384
0.03678872
0.035627775
0.035628375
0.03573696
0.034972876
0.03409103
0.033023722
0.032769185
0.032825276
0.03268618
0.032859273
0.033077106
0.03252041
0.031476606
0.031009179
0.030474138
0.030726839
0.031581424
0.03178438
0.032041274
0.0317064
0.031252664
0.031815708
0.03160722
0.03209153
0.032698218
0.03327249
0.033046044
0.03442679
0.035000615
0.034649972
0.034655277
0.035799704
0.03703593
0.0379411
0.03845566
0.037616864
0.038965527
0.038505446
0.039502703
0.037805002
0.037338626
0.03716162
0.037775148
0.037154607
0.035214115
0.034169786
0.03462443
0.03581241
0.03455728
0.035907004
0.03550497
0.036228143
0.036058873
0.036833163
0.037098113
0.036712915
0.038677257
0.039605036
0.040327575
0.039838236
0.03950845
0.03891025
0.037988525
0.03753641
0.03747075
0.038851336
0.040667057
0.04114307
0.042401858
0.041252654
0.042026725
0.042616155
0.0434413
0.044005662
0.043857813
0.044354454
0.04537745
0.0440646
0.042198576
0.04202818
0.042748768
0.042265233
0.043460548
0.04446734
0.043776534
0.044406857
0.043958228
0.042054407
0.041855667
0.042294543
0.041898046
0.04178355
0.04130791
0.040509656
0.039490007
0.03843558
0.04031381
0.04092952
0.041680723
0.044188194
0.044782653
0.045650866
0.04776466
0.04714814
0.047021817
0.04763191
0.04784569
0.048489563
0.046626136
0.04579747
0.04732916
0.0463529
0.046983037
0.045360647
0.04363217
0.045131773
0.046215
0.047504958
0.046812408
0.04737903
0.048701257
0.047326505
0.04624649
0.047249135
0.045804016
0.047577657
0.048834067
0.049242325
0.048624318
0.04899311
0.048661064
0.049890142
0.05100142
0.052712914
0.053942174
0.05324954
0.05555148
0.055578917
0.054724704
0.05660623
0.05698877
0.058952343
0.05963727
0.059403893
0.05834036
0.057765216
0.05860521
0.05591779
0.055809435
0.054504335
0.052845173
0.053274807
0.05216826
0.052312776
0.05205783
0.048998494
0.048495196
0.047367863
0.04623449
0.046577144
0.046745185
0.047219586
0.046555612
0.04682121
0.04518314
0.04632314
0.045556314
0.045522936
0.046752304
0.04709626
0.04759932
0.04829556
0.04880942
0.048394438
0.048449997
0.04793531
0.046319447
0.046631116
0.048549205
0.04907103
0.049350575
0.04856848
0.04834835
0.049057502
0.04861189
0.048341982
0.04796451
0.04876764
0.04994897
0.051045842
0.051589258
0.050065633
0.048544597
0.04706217
0.047670644
0.047685064
0.04836205
0.048675723
0.049297716
0.04952388
0.04928655
0.04825183
0.047778774
0.049051877
0.04875592
0.048901275
0.048040926
0.048176367
0.049093094
0.047909994
0.04790941
0.048090547
0.047759358
0.046508346
0.0464849
0.047309726
0.04619262
0.044967216
0.045223635
0.04531712
0.0452853
0.045033783
0.04556201
0.045625836
0.046602927
0.046433255
0.04503406
0.04434198
0.043373976
0.042879052
0.042643208
0.04184352
0.042624734
0.043484613
0.04235285
0.042473096
0.040889557
0.039600078
0.03952369
0.039062705
0.038061917
0.0372988
0.035957262
0.0351176
0.03593785
0.03566244
0.03486019
0.035543967
0.035968587
0.035371084
0.03659395
0.035787996
0.034960285
0.03458509
0.03438888
0.03452471
0.034646176
0.03482059
0.03506934
0.035859656
0.036531553
0.036202997
0.0369865
0.038614016
0.038232267
0.03765461
0.03748228
0.038769186
0.038564112
0.038391434
0.038779013
0.03776515
0.03850092
0.039579954
0.039221533
0.039971
0.041283906
0.041402657
0.040723387
0.04022891
0.03885593
0.037783995
0.038211748
0.038311526
0.038061164
0.03691438
0.036327466
0.035166033
0.035064034
0.034986448
0.033748567
0.032743867
0.032470178
0.032158468
0.032068126
0.03179949
0.031058056
0.030461194
0.03080967
0.030952878
0.029892256
0.030221816
0.030324668
0.030276716
0.031104391
0.031752735
0.03163612
0.030888345
0.0315969
0.032025024
0.032222636
0.03194195
0.033175014
0.033378877
0.033296265
0.033160593
0.03387994
0.03395766
0.03391652
0.03325836
0.033702035
0.03385685
0.034329243
0.03347561
0.0334462
0.033241652
0.034201186
0.033977132
0.033901013
0.03354405
0.03326026
0.032354727
0.03212956
0.03171061
0.031831447
0.032047447
0.031749655
0.03128814
0.03144191
0.031299707
0.030732933
0.030497162
0.030611483
0.031118343
0.03065349
0.030056048
0.029417863
0.029507115
0.028960323
0.028727548
0.02866044
0.028705781
0.028542992
0.029170517
0.029477153
0.028874964
0.029127011
0.028684689
0.028492011
0.02867915
0.028735898
0.029319538
0.029082613
0.03000213
0.030120645
0.029695243
0.030038415
0.029732386
0.030519761
0.030584961
0.03126829
0.032273512
0.031600043
0.031178994
0.030836323
0.031016864
0.03111951
0.03221151
0.032657463
0.033336498
0.033580862
0.033272546
0.03290098
0.032332815
0.03236465
0.033466652
0.032551635
0.032074563
0.032229688
0.031552378
0.031798113
0.032203343
0.032361936
0.0319559
0.03198531
0.03197738
0.032454196
0.031787846
0.032194525
0.03211849
0.032448724
0.032562055
0.0328897
0.033356313
0.033434592
0.03364913
0.034133628
0.033615
0.033327598
0.032774273
0.032636426
0.032925487
0.033607982
0.034135867
0.033510827
0.033441238
0.033708524
0.03406348
0.033793688
0.03333527
0.033683468
0.034148097
0.03412695
0.034746964
0.03452898
0.034472566
0.034535952
0.034641616
0.03362819
0.03276802
0.033024196
0.032366987
0.031844776
0.031818107
0.031867377
0.031537887
0.031686615
0.032132514
0.03186074
0.03169742
0.03152426
0.03109569
0.030663198
0.030834602
0.03132261
0.030991485
0.031506088
0.031475093
0.031673227
0.032012288
0.03240061
0.03211702
0.032187667
0.0323013
0.03252178
0.032775223
0.033229385
0.033543304
0.034038182
0.033566505
0.03386646
0.033364225
0.033546355
0.03350393
0.033832032
0.03428579
0.035384864
0.036027007
0.035985485
0.036251377
0.036550455
0.03718483
0.037791096
0.038000446
0.03830548
0.038689695
0.038462088
0.03797221
0.037357308
0.036087304
0.035843376
0.03524409
0.03487645
0.034551147
0.034751773
0.03384168
0.033246323
0.032559734
0.03252484
0.03264089
0.03189175
0.03174217
0.031649437
0.030935828
0.030699776
0.030132642
0.030186286
0.02994875
0.029283779
0.0291927
0.028643241
0.02868461
0.028274534
0.027957134
0.027910395
0.027826766
0.027772564
0.027487686
0.027099498
0.027065324
0.026577106
0.02658149
0.026410516
0.026358867
0.026146144
0.02588956
0.025419867
0.025112914
0.024890905
0.024655037
0.02430412
0.023987383
0.023617417
0.023199517
0.022928955
0.022505794
0.02232364
0.022001028
0.021621699
0.021336103
0.020991387
0.020662952
0.020349799
0.020051004
0.019765725
0.019493185
0.019232668
0.018983515
0.018745111
0.018516894
0.018298341
0.018088965
0.017888311
0.017695963
0.01751153
0.017334647
0.017164972
0.01700219
0.016846001
0.016696129
0.016552316
0.016414316
0.016281903
0.016154861
0.01603299
0.0159161
0.015804015
0.015696567
0.015593601
0.01549497
0.015400534
0.015310163
0.015223734
0.015141133
0.01506225
0.014986985
0.01491524
0.014846927
0.014781958
0.014720256
0.014661747
0.014606359
0.0145540275
0.0145046925
0.014458295
0.014414783
0.014374107
0.014336221
0.014301083
0.014268654
0.0142389
0.014211785
0.014187282
0.014165363
0.014146007
0.014129191
0.014114898
0.014103112
0.014093821
0.014087016
0.014082689
0.0140808355
0.0140808355
0.0140808355
0.0140808355
0.0140808355
0.0140808355
0.0140808355
0.0140808355
0.0140808355
0.0140808355
0.0140808355
0.0140808355
0.0140808355
0.0140808355
0.0140808355
0.0140808355
0.0140808355
0.0140808355
0.0140808355
0.0140808355
0.0140808355
0.0140808355
0.0140808355
0.0140808355
0.0140808355
0.0140808355
0.0140808355
0.0140808355
0.0140808355
0.0140808355
0.0140808355
0.0140808355
0.0140808355
0.0140808355
0.0140808355
0.0140808355
0.0140808355
0.0140808355
0.0140808355
0.0140808355
0.0140808355
0.0140808355
0.0140808355
0.0140808355
0.0140808355
0.0140808355
0.0140808355
0.0140808355
0.0140808355
0.0140808355
0.0140808355
0.0140808355
0.0140808355
0.0140808355
0.0140808355
0.0140808355
0.0140808355
0.0140808355
0.0140808355
0.0140808355
0.0140808355
0.0140808355
0.0140808355
0.0140808355
0.0140808355
0.0140808355
0.0140808355
0.0140808355
0.0140808355
0.0140808355
0.0140808355
0.0140808355
0.0140808355
0.0140808355
0.0140808355
0.0140808355
0.0140808355
0.0140808355
0.0140808355
0.0140808355
0.0140808355
0.0140808355
0.0140808355
0.0140808355
0.0140808355
0.0140808355
0.0140808355
0.0140808355
0.0140808355
0.0140808355
0.0140808355
0.0140808355
0.0140808355
0.0140808355
0.0140808355
0.0140808355
0.0140808355
0.0140808355
0.0140808355
0.0140808355
0.0140808355
0.0140808355
0.0140808355
0.0140808355
0.0140808355
0.0140808355
0.0140808355
