2871.0398
970.8941
448.534
318.1506
250.68326
207.99962
177.91113
154.85669
137.0405
122.67927
110.88272
100.93801
92.76708
85.340706
78.98206
73.64045
68.800415
64.159546
60.237793
56.687656
53.647644
50.586662
47.992794
45.50896
43.21269
41.230408
39.57974
37.58825
36.390625
35.029575
33.23283
32.01695
30.859243
29.395262
28.342007
27.25713
26.273403
25.390482
24.84136
23.830296
22.855473
22.30566
21.476873
20.896288
20.224895
19.651218
19.31066
18.688871
18.003113
17.454866
17.01051
16.570732
16.138565
15.936342
15.550574
14.894064
14.480431
14.200382
13.892593
13.590057
13.257576
13.164999
12.74074
12.354716
12.093229
11.819108
11.589006
11.465369
11.178427
10.941578
10.65706
10.550989
10.313912
10.036409
9.836164
9.690059
9.520578
9.396726
9.175173
8.993401
8.872089
8.671121
8.480894
8.35506
8.241235
8.122246
7.9883347
7.888894
7.73344
7.745975
7.5377293
7.3603725
7.258269
7.184444
7.103354
6.9621024
6.832632
6.7781224
6.6809216
6.582911
6.476926
6.4209075
6.3139844
6.250461
6.17934
6.1684704
6.0523767
5.931281
5.862352
5.7780457
5.739927
5.6634145
5.6580024
5.507052
5.488661
5.4370236
5.345227
5.24185
5.2343407
5.153317
5.059467
5.0700765
4.940043
4.937604
4.9899144
4.8151026
4.7567782
4.749992
4.702933
4.634148
4.576618
4.583281
4.505416
4.4748883
4.4408393
4.3922734
4.365248
4.322777
4.3059382
4.2647552
4.198816
4.130406
4.109196
4.0935035
4.0509596
3.9978132
3.9753141
3.936575
3.9117565
3.887042
3.8599331
3.8073118
3.7964041
3.7546177
3.7282426
3.7120295
3.6788363
3.637369
3.6204345
3.6013386
3.5573559
3.5587404
3.493491
3.4763715
3.5300667
3.4534833
3.4461021
3.4138722
3.4194648
3.375369
3.3313406
3.3025122
3.2712605
3.286837
3.2758799
3.2430475
3.2614214
3.197846
3.2840433
3.2476802
3.1393032
3.1268024
3.1220012
3.0913258
3.0992858
3.0502045
3.012751
3.0145595
3.0037487
2.9766347
2.9547694
2.9346435
2.9026563
2.8793569
2.857413
2.8638737
2.8325076
2.8153434
2.7966368
2.7869651
2.770844
2.7508564
2.7278898
2.731171
2.704844
2.7010486
2.681199
2.655984
2.6502583
2.654924
2.6191163
2.6065273
2.5917754
2.5950506
2.5839481
2.5605233
2.544501
2.547476
2.5412533
2.5340374
2.5015144
2.4975746
2.5004296
2.4740732
2.4559128
2.4492366
2.4445465
2.4263449
2.4370472
2.464363
2.4201918
2.3938465
2.3895774
2.3760207
2.370948
2.3541815
2.3668764
2.3404102
2.3408213
2.3262162
2.3193867
2.3216064
2.312371
2.306674
2.300701
2.2743316
2.283157
2.2848368
2.2821527
2.2355025
2.244758
2.2414627
2.2224238
2.2178557
2.2123914
2.2021542
2.2005272
2.2022045
2.1867402
2.179231
2.1864018
2.1716275
2.1546855
2.1614668
2.1530008
2.1804128
2.1417055
2.1350954
2.120633
2.1307225
2.1200376
2.122264
2.1311789
2.1000528
2.10532
2.0932872
2.1078753
2.0894406
2.1013799
2.098379
2.1192818
2.0682838
2.0758507
2.0911133
2.0724688
2.086926
2.072198
2.0799074
2.067253
2.0651214
2.0481114
2.056806
2.0412807
2.033104
2.041893
2.019848
2.0235732
2.025487
2.024995
2.0014756
2.0248299
1.9890771
1.9989507
1.9864768
2.000568
1.98189
1.9631338
1.9606464
1.9549106
1.9512837
1.9697361
1.9426321
1.9366143
1.9358925
1.9366035
1.9377961
1.9410995
1.928785
1.9327455
1.9428637
1.9160918
1.917408
1.9209565
1.9239382
1.9129474
1.8953453
1.9077613
1.9142478
1.8972133
1.9087197
1.9007041
1.8926291
1.8858954
1.8670964
1.8621924
1.8624312
1.8613099
1.8557526
1.8671768
1.865168
1.8489435
1.8436145
1.8594801
1.8531364
1.8444606
1.8627167
1.8460405
1.8409714
1.8373001
1.8314412
1.8261532
1.8273188
1.8115416
1.8265747
1.8145148
1.8229917
1.8093249
1.8140621
1.788774
1.7879255
1.8053322
1.7862926
1.7772865
1.7902429
1.7819848
1.7801567
1.7675874
1.7800999
1.7829629
1.7633247
1.7697586
1.7606468
1.7572294
1.7469265
1.735698
1.7476423
1.7444826
1.7549194
1.7368852
1.7388831
1.7435673
1.741084
1.7270176
1.7315699
1.7463585
1.7298408
1.7378372
1.7378125
1.7314644
1.7340366
1.7178133
1.7127163
1.7250649
1.7103186
1.7080389
1.7143421
1.6965518
1.7133263
1.6831596
1.694495
1.6866331
1.6920391
1.6940378
1.6811886
1.67138
1.6825613
1.6723263
1.6753774
1.6654042
1.6730357
1.6758966
1.6543837
1.6505314
1.6601049
1.6370728
1.6518946
1.6594557
1.6457509
1.6518904
1.636754
1.6333132
1.6311244
1.6267458
1.6290224
1.613777
1.618195
1.6262984
1.6347218
1.611143
1.616873
1.6040502
1.6083418
1.6114887
1.5938386
1.5862273
1.5915737
1.5896275
1.578066
1.5909384
1.5819159
1.5942543
1.5811365
1.5855284
1.5837051
1.5789933
1.5737817
1.5672307
1.5655941
1.572353
1.5736626
1.550267
1.5627892
1.5621566
1.5546546
1.5381355
1.5564977
1.5510309
1.5504402
1.543186
1.5404449
1.54968
1.5427501
1.5249585
1.5441895
1.5332335
1.5260305
1.5311406
1.5206865
1.5289176
1.5285008
1.5193663
1.5334437
1.5220302
1.5073969
1.5147705
1.5123909
1.509409
1.5108113
1.497833
1.5021363
1.5114033
1.5177857
1.5256207
1.5393822
1.5142562
1.5027096
1.5093868
1.5101234
1.5073137
1.5081148
1.5223033
1.497613
1.4938041
1.4938551
1.503601
1.5073651
1.4869708
1.5042733
1.5015272
1.4999952
1.4880208
1.4924685
1.502706
1.4956193
1.5072134
1.5043805
1.5037849
1.4816554
1.4923725
1.4882714
1.4762906
1.4831189
1.4852552
1.5523068
1.4933475
1.4975982
1.486857
1.4861609
1.4945898
1.4929559
1.4915229
1.4845449
1.4856989
1.490083
1.4817488
1.4681133
1.512245
1.4756937
1.473942
1.4611887
1.4777571
1.4637158
1.4795306
1.4530628
1.470749
1.468532
1.4731278
1.4607922
1.459323
1.4617096
1.4674335
1.4553971
1.459118
1.450934
1.4596722
1.4510784
1.4645208
1.4676672
1.4669708
1.450679
1.4481785
1.4680991
1.4444616
1.4495231
1.4544909
1.4615743
1.4562978
1.4678439
1.4586246
1.4533877
1.4605715
1.4649222
1.4623314
1.4523655
1.4533689
1.460423
1.465147
1.46591
1.4655495
1.4706178
1.4570472
1.4545727
1.4527358
1.4664178
1.4577837
1.4598563
1.4636567
1.4592972
1.4691315
1.4542934
1.4604633
1.4640185
1.4507701
1.4437337
1.4548259
1.4634227
1.4519556
1.4639866
1.4441758
1.4512941
1.4335438
1.4487199
1.440332
1.4472888
1.439882
1.4450858
1.4483522
1.4493123
1.4313635
1.4329782
1.4409934
1.4400874
1.4493706
1.4408455
1.4415187
1.4474412
1.4288085
1.4323783
1.4394904
1.4336392
1.4397863
1.4328622
1.4211016
1.4283453
1.4223088
1.4332389
1.4072391
1.4200692
1.4293082
1.4207283
1.4283197
1.4095305
1.4145807
1.443464
1.4168144
1.4115742
1.4298693
1.4324603
1.4035251
1.4078033
1.4047016
1.4183534
1.4110129
1.4088225
1.4055469
1.4009745
1.4092306
1.3991016
1.3968574
1.4126643
1.4044639
1.3888937
1.3929509
1.3881984
1.3808151
1.3933022
1.3849981
1.3811357
1.3851508
1.3923779
1.3874602
1.3930387
1.3998953
1.3797781
1.3886817
1.3960654
1.3806094
1.3902981
1.3802747
1.3786546
1.3819336
1.3860693
1.3857325
1.3802431
1.3774911
1.3847469
1.3903123
1.3923651
1.3785648
1.3816826
1.3823609
1.3841939
1.3832726
1.3909882
1.3709115
1.3973869
1.379531
1.3843392
1.3790535
1.3816572
1.377522
1.3773317
1.3745513
1.3701715
1.3922096
1.373043
1.3761014
1.3844197
1.3737825
1.380107
1.373432
1.3809576
1.3835276
1.3625671
1.360243
1.3764524
1.3715571
1.3675754
1.3680832
1.3712124
1.3731972
1.3831508
1.3731836
1.3656895
1.3642367
1.3585563
1.3629634
1.3778572
1.3818887
1.3746679
1.369991
1.3840773
1.3805679
1.3713619
1.3604813
1.3544002
1.3628746
1.3698179
1.3564674
1.3637053
1.3639036
1.3744253
1.3386589
1.3614808
1.3424166
1.3622502
1.3508786
1.3552593
1.3522617
1.3534944
1.3553935
1.339527
1.3417926
1.351093
1.359441
1.339696
1.3473243
1.3491002
1.3459853
1.3393768
1.3366346
1.3343251
1.3397262
1.3346392
1.3393054
1.3309257
1.3485794
1.3336577
1.3351023
1.3313413
1.3316953
1.3279543
1.3301837
1.3209279
1.3264562
1.3220028
1.3088858
1.3126744
1.3237753
1.3221139
1.3132141
1.3127741
1.3230358
1.3236128
1.324863
1.3161012
1.3010032
1.3137804
1.3129417
1.3089329
1.303742
1.3130566
1.3046618
1.3047245
1.3042309
1.310263
1.2896044
1.3035482
1.3084707
1.2967142
1.2820528
1.3025621
1.3063065
1.2981535
1.2933953
1.3023175
1.3008192
1.2991002
1.3132272
1.307137
1.2937055
1.3127255
1.3060689
1.3031956
1.296014
1.2893581
1.2965071
1.295386
1.2964064
1.3015616
1.2893114
1.2871274
1.2972916
1.2929456
1.2883395
1.2947887
1.2990134
1.2923048
1.2962806
1.293364
1.3032998
1.2977865
1.2922575
1.2898362
1.2870185
1.3003358
1.2929611
1.2861685
1.2884877
1.2885213
1.29402
1.3042014
1.2905296
1.3039885
1.2897422
1.2926911
1.3023429
1.2884657
1.2962002
1.2855961
1.27643
1.289884
1.2848536
1.2796203
1.2850034
1.2845619
1.2738072
1.2812883
1.2893447
1.2818568
1.2856642
1.2786407
1.2755852
1.2717541
1.2723043
1.2686808
1.28499
1.2792366
1.2621263
1.2658266
1.2576941
1.2635237
1.2585416
1.2636389
1.2634549
1.2567992
1.2589456
1.2604456
1.2593427
1.2611808
1.2497516
1.2498907
1.2558165
1.2538118
1.2553165
1.244054
1.2526973
1.2572185
1.2358818
1.2521685
1.2531456
1.2570331
1.249246
1.2330016
1.2323339
1.2423313
1.2363442
1.2315801
1.2360531
1.24634
1.2284006
1.2232484
1.2240045
1.2380905
1.2300794
1.2418735
1.2159956
1.2226083
1.2241932
1.2285645
1.2222403
1.2098695
1.219078
1.2217679
1.2251031
1.2126449
1.213294
1.2048539
1.2104146
1.2105626
1.2222016
1.2148019
1.220143
1.2039425
1.1982496
1.2175578
1.1977576
1.2102385
1.2165929
1.2225176
1.2056782
1.2073843
1.2068094
1.2072096
1.2090183
1.2109475
1.1930597
1.1931745
1.2031329
1.1987171
1.2078109
1.1994159
1.1968107
1.2017459
1.2028548
1.199071
1.1919653
1.2095196
1.2075047
1.1961688
1.1974894
1.192995
1.2038105
1.186603
1.1984651
1.1964697
1.1813167
1.1949307
1.1963964
1.1861697
1.2029865
1.1970578
1.1816503
1.185522
1.1805
1.1935215
1.1873642
1.1945791
1.194941
1.1745617
1.1863906
1.1793826
1.1719445
1.1757957
1.1808543
1.18574
1.1773044
1.1896545
1.1851994
1.177639
1.1654111
1.1779808
1.1544901
1.173123
1.1612908
1.1565113
1.156712
1.1727525
1.165245
1.1591694
1.1542567
1.161997
1.1671536
1.1648082
1.1664062
1.1620418
1.1597979
1.1750132
1.1545095
1.1812797
1.1717632
1.1570762
1.1581222
1.1666124
1.1677445
1.1703218
1.1806593
1.1665529
1.1639568
1.1539637
1.1687477
1.1714941
1.1691724
1.1538261
1.1646402
1.1717646
1.1630435
1.1759467
1.1693815
1.1510198
1.1584121
1.164591
1.1581367
1.1563792
1.1625957
1.1610703
1.1602781
1.1610503
1.1599238
1.1718185
1.1645697
1.1746415
1.1530857
1.1642336
1.1568733
1.1688912
1.1590761
1.1644943
1.1676506
1.1661441
1.1605427
1.1620468
1.1677881
1.1653125
1.1531063
1.1590432
1.1424911
1.1581022
1.1718041
1.1525805
1.1588918
1.1610311
1.1590695
1.1576605
1.1543987
1.1643407
1.1582222
1.1577195
1.1651013
1.1598622
1.1668684
1.1612308
1.1595143
1.1620312
1.1526526
1.1345563
1.162557
1.1326427
1.1527057
1.1498615
1.1487378
1.149161
1.158156
1.1615261
1.1387178
1.1473755
1.1429886
1.1349173
1.1436876
1.1406504
1.1388627
1.1432649
1.1454467
1.1382498
1.1397084
1.1352972
1.135036
1.1440046
1.1425749
1.1358967
1.1355976
1.1347269
1.1284902
1.1320258
1.1345717
1.111676
1.1163304
1.1423194
1.1153648
1.115834
1.1206516
1.1139501
1.1121793
1.1265641
1.1118227
1.1271077
1.1159976
1.1136451
1.1115559
1.1217307
1.1112779
1.1165978
1.1118892
1.1249183
1.1098888
1.1223356
1.121423
1.1233697
1.1160291
1.1182545
1.1141738
1.1126659
1.1126665
1.114224
1.1299438
1.1180096
1.1075747
1.1211648
1.1180129
1.1201456
1.1124839
1.1131939
1.11286
1.1111066
1.1130328
1.116377
1.122303
1.111758
1.1083932
1.116092
1.1105833
1.1072587
1.1144376
1.1073865
1.1021233
1.1027064
1.1177509
1.1090885
1.1117541
1.1092964
1.0955219
1.1082917
1.1092646
1.1109853
1.0927608
1.0959462
1.1016198
1.1113278
1.1175858
1.1239083
1.1106985
1.1061609
1.0879712
1.0990541
1.1150991
1.0963998
1.1015276
1.0932842
1.1134142
1.099434
1.1075957
1.1024243
1.1019447
1.1080601
1.112814
1.1045284
1.1036495
1.1190166
1.1095531
1.1068121
1.1093134
1.102899
1.1122732
1.1178119
1.1062245
1.1083198
1.1029382
1.0976511
1.1018834
1.1042631
1.1074872
1.0932158
1.1033899
1.0932271
1.0998497
1.1084638
1.0906214
1.0825502
1.0801249
1.0911359
1.0958755
1.0874172
1.0786976
1.071521
1.0778396
1.0802197
1.0864199
1.0749158
1.0669966
1.0721238
1.0848421
1.0715982
1.0711001
1.0774246
1.0723333
1.0724478
1.0653458
1.0780237
1.0653745
1.0685873
1.0676373
1.0682577
1.0679386
1.0644084
1.0501338
1.0603591
1.0677465
1.0598046
1.0556035
1.0632359
1.0624465
1.0485628
1.0506188
1.0511549
1.0498533
1.0605286
1.0733156
1.0539999
1.0489329
1.0499445
1.049519
1.0445876
1.047679
1.047772
1.0332212
1.0318017
1.0344542
1.0401891
1.0425448
1.0334502
1.0352947
1.0268497
1.0248734
1.024681
1.0266732
1.0251206
1.022225
1.0213538
1.0319048
1.0230013
1.027834
1.0279564
1.0194669
1.022347
1.0188061
1.0173198
1.0235165
1.0190853
1.0180031
1.0259662
1.0130874
1.0196782
1.0103036
1.0204667
1.0250659
1.0238324
1.0301757
1.0197494
1.0080675
1.0272077
1.0198982
1.0168988
1.0311593
1.0164834
1.0140809
1.019128
1.013511
1.0059638
1.0074548
1.0243057
1.0270989
1.0171722
1.0220611
1.0257924
1.0069036
1.0158839
1.0160362
1.0221324
1.0239075
1.0216773
1.0176928
1.0310863
1.023333
1.0206943
1.0240568
1.0179778
1.0229644
1.0180222
1.0160617
1.0378761
1.0297253
1.0473574
1.040597
1.0227352
1.0206833
1.0235746
1.0307734
1.0216538
1.0158597
1.0281978
1.0312946
1.02058
1.0212876
1.0156351
1.03091
1.0253203
1.0270356
1.018781
1.0305003
1.0366112
1.0255852
1.0295436
1.0200319
1.0294564
1.0112778
1.0215727
1.0144149
1.0290418
1.0168658
1.0118201
1.0163823
1.0087806
1.0139172
1.0213075
1.0161902
1.0196005
1.0134737
1.0041046
1.019679
1.0212449
1.019229
1.0159293
1.0169126
1.0224386
1.0109677
1.0043404
1.0078195
1.0042313
1.0039498
1.0136443
1.0058424
1.0059597
1.0098276
1.0013263
1.0052742
1.0079094
1.0008831
1.0020591
1.0014552
1.0098555
1.004287
1.0014014
1.0089128
0.9886526
0.9946052
1.0024881
0.9940422
0.99600315
1.0052702
0.9999926
1.0029664
0.99306095
1.007016
0.99465495
0.99788135
1.0000148
0.9961391
1.0010568
0.9913997
0.99880683
0.9946009
0.9897113
0.98983127
1.0011352
0.9944858
1.0068554
0.9892023
0.9955719
0.99772906
0.99430215
0.9809563
0.9840445
0.98755985
0.9951177
0.9790406
0.98671764
0.9956547
0.9898452
0.9975657
0.99202704
1.0015924
0.9883151
0.9813194
0.98861915
1.0085373
0.97714925
0.99145484
0.98480505
0.99430066
0.98538136
0.9842483
0.9847856
0.9958341
0.99688596
0.98399806
0.966797
0.995629
0.991521
0.99633574
1.0006564
0.986216
0.9945416
0.99347645
0.97897136
0.99572974
1.0032014
0.9874647
0.98927146
0.98500586
0.9923964
0.9940153
0.9927828
1.0014161
0.987242
0.98929495
0.99342644
0.99282795
0.9836425
0.99180335
0.9838608
0.99983793
0.9881266
0.9843005
0.98060375
0.9890959
0.99463993
0.97283095
0.9829881
0.9894741
0.996014
0.98866206
0.9959027
0.98712003
0.9859743
0.9885894
0.9802767
0.9855676
0.9827497
0.9879912
0.98130214
0.9832764
0.978734
0.97577584
0.9804135
0.970514
0.96803266
0.9787421
0.9813189
0.97451234
0.9650531
0.9676709
0.9786054
0.96901786
0.9819718
0.9707949
0.9630911
0.9635995
0.97669125
0.9597958
0.96983373
0.9606929
0.95756423
0.9845202
0.971973
0.9572649
0.96002054
0.9499143
0.9579531
0.9419312
0.9496808
0.9510557
0.9542751
0.9554071
0.94025207
0.95284367
0.9464348
0.9412396
0.93930054
0.94511324
0.9364711
0.93752444
0.9387897
0.9424764
0.93027085
0.93879455
0.9375151
0.9409281
0.93178946
0.93748045
0.93160707
0.9352124
0.9299763
0.93366766
0.92934877
0.9240076
0.9203271
0.9309525
0.9362683
0.93248874
0.91831666
0.9263011
0.91753685
0.93511486
0.9195589
0.91850954
0.9206682
0.9309188
0.924743
0.9139655
0.92074317
0.9143986
0.9055759
0.91512614
0.90640455
0.9099474
0.9130698
0.91341007
0.9125845
0.9141841
0.9106523
0.9148673
0.9113177
0.9132379
0.902653
0.89978665
0.906575
0.9061209
0.90658945
0.91405773
0.91250473
0.91362494
0.9114449
0.91031426
0.90219903
0.91352576
0.9073065
0.9019748
0.9109272
0.89855075
0.8889351
0.9005116
0.8985543
0.904222
0.9068738
0.9037287
0.9012769
0.8966524
0.8991359
0.8967214
0.8956987
0.8953128
0.89631736
0.8831726
0.89866567
0.887511
0.8979088
0.88966715
0.89306754
0.88739973
0.91108066
0.89742976
0.8937823
0.8922258
0.8911184
0.8837245
0.8926839
0.89291716
0.909599
0.88947916
0.8925695
0.8947269
0.8948157
0.8985621
0.900165
0.89087296
0.9039895
0.8914022
0.8937887
0.8986343
0.8971939
0.9072043
0.9006211
0.9012473
0.8968188
0.8925368
0.88342077
0.90431017
0.89986604
0.90120286
0.90583414
0.90512323
0.89733136
0.8931254
0.89665025
0.9010433
0.90817165
0.9013009
0.9040273
0.90840703
0.89993775
0.90188515
0.9057036
0.89878374
0.91126215
0.8945539
0.9018221
0.88909745
0.8892711
0.9036848
0.8823222
0.9083724
0.9054634
0.89640707
0.89055955
0.9057936
0.8956453
0.89640945
0.8929169
0.89428705
0.8885002
0.8910557
0.898148
0.8865717
0.8689138
0.88397723
0.89146453
0.8845681
0.8834914
0.87396985
0.8868917
0.88820106
0.88384926
0.8807626
0.87956685
0.8775859
0.8751435
0.87771356
0.8830027
0.8860211
0.8867312
0.8863933
0.87354994
0.8817113
0.87601143
0.8821004
0.8760681
0.8889472
0.8758528
0.86737394
0.8711699
0.86810976
0.8636441
0.8727541
0.8724847
0.8615342
0.86270493
0.8734174
0.86785686
0.8489608
0.8621284
0.8507326
0.8582579
0.8546437
0.8706111
0.8627501
0.8702142
0.8487055
0.86155623
0.8663769
0.8629062
0.8618985
0.84905905
0.8602583
0.8579125
0.8531196
0.8646764
0.8470806
0.8567934
0.8506827
0.853976
0.86506474
0.85092837
0.85999423
0.8527603
0.8577054
0.8538827
0.8537011
0.8589763
0.86924064
0.85536677
0.85989416
0.83985156
0.84442073
0.8391187
0.855407
0.84983414
0.8397436
0.8649439
0.8521546
0.85319984
0.84439695
0.8513822
0.8433439
0.85736316
0.85092217
0.85229194
0.84995675
0.8555586
0.83727014
0.84363467
0.836153
0.8431973
0.8363141
0.84602016
0.8550135
0.84956914
0.84751517
0.84929365
0.8401461
0.8524283
0.8437534
0.8374505
0.8333521
0.85253626
0.8466342
0.8333365
0.84112126
0.84178257
0.83959126
0.84214455
0.8276383
0.84865963
0.8289713
0.82362866
0.84803575
0.84557676
0.8465017
0.8454351
0.8327482
0.8273716
0.84508723
0.8420225
0.8346083
0.8215071
0.8329658
0.83566314
0.8309685
0.8313332
0.82579905
0.8256305
0.8236644
0.83642477
0.8316638
0.8138985
0.83478475
0.83244133
0.8250031
0.8351585
0.83081996
0.8214403
0.8361299
0.82294184
0.8292761
0.8306147
0.8317085
0.8305472
0.83484644
0.8301492
0.82017887
0.83333826
0.83433485
0.83006096
0.8367138
0.82859033
0.82892126
0.8289329
0.8344254
0.83751845
0.8363492
0.83925635
0.82377434
0.83426744
0.84136873
0.8368295
0.82872957
0.8256106
0.83688504
0.83348256
0.8301618
0.8212286
0.8244955
0.81077814
0.82097214
0.83739954
0.8221473
0.82045627
0.8125938
0.8183743
0.81853676
0.82594585
0.8153295
0.824996
0.81942856
0.8200102
0.81821316
0.82974464
0.80571085
0.81831133
0.8046653
0.8193522
0.8151646
0.81224316
0.80132204
0.8196474
0.8112336
0.8156711
0.8192164
0.80504847
0.8112165
0.81326264
0.81897324
0.814592
0.8264093
0.81044877
0.8123321
0.81322783
0.8225494
0.8149359
0.80977815
0.8056186
0.80293775
0.80166495
0.81307995
0.8161565
0.815541
0.81051797
0.80253834
0.7987077
0.8153162
0.8050409
0.81498736
0.8066851
0.8045767
0.8069489
0.8083172
0.80987066
0.8051314
0.80811
0.80813617
0.8098006
0.80257624
0.81138116
0.8072381
0.80557764
0.798807
0.8016295
0.80184954
0.8038034
0.7974561
0.8026106
0.8029814
0.8095318
0.8063018
0.79559267
0.8059265
0.79569995
0.79967785
0.8065624
0.7922734
0.80132645
0.8018557
0.8072447
0.8071213
0.7977701
0.7975342
0.79556274
0.8062968
0.8051129
0.8006845
0.7924974
0.7964724
0.7975005
0.80277056
0.80702317
0.7954348
0.8062766
0.79689366
0.8063448
0.79405004
0.7867839
0.7973702
0.78625727
0.80099404
0.7847812
0.7900794
0.7848164
0.79830414
0.7946278
0.7805218
0.79070634
0.783054
0.788616
0.79526
0.7845344
0.79484534
0.78025776
0.78345495
0.7866855
0.78481925
0.7918481
0.78556013
0.80388457
0.792503
0.7931037
0.78666157
0.7816541
0.78950006
0.7888177
0.7809713
0.7968525
0.7953062
0.79171515
0.79010725
0.8015843
0.7923556
0.7965823
0.77727604
0.79012346
0.7913403
0.78424764
0.7883175
0.7870166
0.78750175
0.7986885
0.79424083
0.7949972
0.79968894
0.79224217
0.7864355
0.7830487
0.7884566
0.784017
0.7971737
0.8010649
0.7863439
0.77687603
0.7809458
0.77310663
0.78235906
0.77657056
0.78277624
0.78677243
0.7842088
0.77772975
0.7779967
0.7861787
0.7873022
0.79023373
0.78316987
0.77684295
0.7717969
0.7787693
0.7693771
0.773052
0.7728322
0.7768668
0.772821
0.772172
0.77982193
0.77496237
0.77146417
0.78152275
0.77238286
0.78474885
0.7691706
0.7763528
0.7692186
0.77720994
0.7847329
0.7744079
0.7675928
0.7698095
0.77182275
0.77439827
0.77666986
0.78113014
0.7637033
0.77406406
0.76771575
0.7650577
0.77687716
0.7689006
0.7675137
0.75742036
0.7687713
0.76050115
0.75985247
0.75481504
0.75705296
0.7613217
0.75722575
0.74947554
0.7564886
0.7605901
0.7575496
0.75647825
0.7500866
0.7599582
0.75350803
0.73956525
0.75806475
0.7437994
0.7412239
0.7535812
0.7580741
0.7655579
0.7563216
0.74343103
0.7531377
0.74590456
0.75816053
0.7555868
0.74743456
0.7583783
0.7396378
0.74976575
0.7547924
0.75693953
0.75871277
0.748327
0.7664483
0.7533526
0.742552
0.7502746
0.7529101
0.7498793
0.7498939
0.7517511
0.7467266
0.74555475
0.74428385
0.7493907
0.7557394
0.74157774
0.7389059
0.73596877
0.7525311
0.74456865
0.7453325
0.74126965
0.73916405
0.73252136
0.75725615
0.7426059
0.75433195
0.74262863
0.74994636
0.7395087
0.75123733
0.7611795
0.7379934
0.7540594
0.75153595
0.7486612
0.74134
0.74635684
0.75036556
0.7521472
0.7480849
0.7545072
0.753846
0.75406855
0.74689704
0.74729526
0.74108607
0.7457969
0.7409029
0.7400032
0.7377552
0.7448724
0.74083525
0.7418075
0.74376506
0.72757363
0.7481787
0.7373961
0.72871166
0.74672997
0.72295487
0.7378081
0.7369016
0.73508
0.74198914
0.7330469
0.7315714
0.73955303
0.73423547
0.7339048
0.73376226
0.7311513
0.7378026
0.7320213
0.7400989
0.7317754
0.72318643
0.7307947
0.73490196
0.7395057
0.7282318
0.7414854
0.7282455
0.73358804
0.73173535
0.7232789
0.73627126
0.7251912
0.7291531
0.7331751
0.7311024
0.72626466
0.732691
0.7308903
0.72851557
0.7320905
0.7229998
0.7308472
0.7230653
0.7314925
0.7298636
0.723301
0.72151184
0.72258645
0.72986656
0.71870565
0.72268575
0.72045255
0.72701305
0.71424055
0.72223204
0.7237069
0.7253622
0.70937335
0.7246694
0.71666366
0.7144011
0.7171434
0.7256458
0.7149637
0.7127306
0.7119059
0.705454
0.71140856
0.721668
0.7221763
0.7184567
0.7087993
0.716104
0.73539925
0.7157125
0.71487105
0.7229451
0.71661866
0.7189537
0.7198418
0.7210671
0.7107662
0.71981025
0.7047423
0.71074533
0.71366394
0.7056168
0.7160145
0.7018379
0.69929904
0.70222825
0.7135213
0.7018458
0.71028006
0.7033688
0.70680994
0.70600766
0.69978607
0.7054631
0.69695216
0.7036795
0.7104351
0.70754904
0.7109402
0.7066933
0.7050046
0.69584215
0.71060544
0.69387376
0.7055341
0.69744134
0.712526
0.70756656
0.69291955
0.7080812
0.7057118
0.7039803
0.71657044
0.71908575
0.71363646
0.7168459
0.7028463
0.70701736
0.7020692
0.708376
0.7082666
0.7116937
0.7118719
0.7108708
0.70583266
0.7132963
0.697352
0.70097214
0.6991207
0.6971217
0.7039933
0.7034334
0.6975109
0.6998173
0.7075891
0.69414824
0.71069795
0.70028234
0.7003834
0.7033366
0.70709443
0.69685274
0.7095215
0.6984675
0.6922456
0.693368
0.6910948
0.69794714
0.7007514
0.69321877
0.7057797
0.69280136
0.6893567
0.679406
0.6897517
0.68426514
0.68085253
0.6775645
0.69050264
0.6863605
0.68676907
0.6820768
0.68542415
0.68460685
0.6720744
0.6756655
0.6699613
0.6739262
0.6817181
0.68293315
0.6822035
0.6722224
0.67845803
0.67027366
0.6756097
0.6688361
0.6737335
0.67891985
0.6672125
0.6723196
0.6581881
0.66799754
0.6637365
0.66629183
0.6695853
0.685348
0.663178
0.6741161
0.67611045
0.6643734
0.66584754
0.6706481
0.67320955
0.66063666
0.67353594
0.6643268
0.6630586
0.6746737
0.6694262
0.658555
0.66145176
0.6582711
0.6704287
0.66249603
0.66279966
0.67462915
0.6623816
0.670491
0.65801257
0.66246706
0.6572961
0.6568715
0.6626522
0.6671954
0.6596264
0.65409636
0.65304697
0.6555044
0.6595352
0.6549609
0.659326
0.66201395
0.6598848
0.6580667
0.67053246
0.65752614
0.6682041
0.66769314
0.654954
0.65606874
0.65481883
0.66973144
0.6601908
0.66198665
0.65938133
0.65347284
0.66142166
0.65998334
0.6546119
0.66728127
0.66441995
0.66529155
0.6691653
0.6607285
0.6558943
0.6632553
0.648535
0.65439475
0.64746654
0.65724343
0.6571614
0.6621851
0.6646733
0.6680506
0.6500243
0.6504821
0.6574477
0.6601591
0.66138047
0.6568571
0.66036415
0.6688768
0.65176463
0.6643344
0.6538623
0.66871893
0.65698487
0.6612934
0.6645658
0.6620104
0.6681062
0.6608758
0.65216583
0.6775243
0.669573
0.6630378
0.6739485
0.67105097
0.6601562
0.6561048
0.66304594
0.6683909
0.65331686
0.6650399
0.67184
0.67188215
0.66373307
0.6521833
0.6639988
0.6532638
0.66535306
0.6579226
0.6760566
0.6684803
0.65809685
0.6671179
0.6623824
0.663023
0.6537034
0.670932
0.6514432
0.6578496
0.6595414
0.6674228
0.6644289
0.6586332
0.6629499
0.6663686
0.6600737
0.6658874
0.65878016
0.6595664
0.65089446
0.6599348
0.65787196
0.65068704
0.6537004
0.65518963
0.66626525
0.65526515
0.6594554
0.66036147
0.65442735
0.65592766
0.6492487
0.6579467
0.65499496
0.65276575
0.6532727
0.6430201
0.65744245
0.6517964
0.64855266
0.64890075
0.6505758
0.6529042
0.6527396
0.66077656
0.6483471
0.65389884
0.6562451
0.65493935
0.650891
0.6417771
0.6513371
0.6493964
0.65294135
0.64879763
0.6466469
0.6590709
0.6638972
0.6583431
0.6568581
0.65057397
0.64606386
0.64486915
0.6584904
0.6464647
0.6506576
0.6541759
0.6503359
0.6548794
0.65856886
0.63835484
0.649852
0.65275717
0.6535491
0.65503913
0.65189844
0.6504478
0.6549847
0.64457774
0.64848506
0.6423548
0.65045494
0.6498691
0.65500736
0.6503091
0.6414879
0.63667524
0.64474654
0.6396525
0.64354664
0.6435435
0.6393886
0.6357661
0.6411974
0.63457316
0.63117045
0.6349353
0.63721883
0.6376949
0.6348564
0.6258908
0.6389855
0.6219551
0.62843657
0.62313735
0.6360046
0.63275874
0.61687964
0.62619334
0.6250636
0.630365
0.6191048
0.6254884
0.6319085
0.6197818
0.6355623
0.6255216
0.61667836
0.6293474
0.62352324
0.62328774
0.6339668
0.62499166
0.61338854
0.6246085
0.63303083
0.6305062
0.6220951
0.6256914
0.64169854
0.63614523
0.62748474
0.63204104
0.62094975
0.6217779
0.61998
0.6300393
0.61197895
0.6299454
0.63133055
0.6197309
0.62161624
0.61631817
0.62021154
0.6298362
0.6267373
0.6159621
0.6366159
0.6211136
0.6375704
0.62220794
0.6253756
0.6238951
0.6311915
0.6306915
0.62481207
0.6179894
0.61172456
0.6350221
0.6250242
0.6229766
0.62365985
0.6274623
0.6243467
0.6400998
0.6330026
0.6308155
0.62346107
0.6172155
0.6162548
0.6336877
0.6303229
0.6267029
0.62707645
0.6259939
0.62575513
0.62480575
0.6270342
0.6272735
0.6230707
0.627658
0.63316035
0.6230996
0.64195585
0.6357182
0.64009583
0.6262524
0.6309725
0.6254444
0.6301004
0.6325169
0.6186283
0.6194678
0.62123996
0.636374
0.6285843
0.6258942
0.621735
0.6296905
0.63128483
0.6300509
0.6165659
0.62469953
0.61816394
0.62315017
0.61682945
0.6182023
0.6275998
0.6160993
0.6162333
0.60931796
0.62581253
0.61149484
0.6180432
0.6195264
0.62452006
0.6257364
0.6161769
0.6312288
0.6204235
0.62707585
0.63372207
0.63389754
0.61692595
0.62232333
0.62067026
0.62360483
0.62387687
0.61921316
0.6307357
0.6348826
0.6277772
0.63032603
0.62524
0.6198242
0.61881477
0.62322456
0.6342734
0.6164134
0.62733793
0.62799394
0.6258079
0.6287816
0.6178418
0.62461877
0.6075149
0.61531794
0.61436033
0.6171452
0.6186385
0.61038774
0.61639583
0.6100853
0.608274
0.6001223
0.60588694
0.61011773
0.60113275
0.60576
0.6082081
0.6088406
0.6000464
0.6034728
0.60563165
0.60556436
0.6011406
0.5937414
0.60652477
0.60132855
0.5969296
0.5958454
0.6015507
0.59985983
0.60058624
0.59141284
0.6025018
0.6011032
0.59961736
0.59326833
0.5887887
0.60016304
0.5975524
0.600747
0.5935155
0.5939676
0.5943805
0.6024647
0.5911765
0.5907862
0.5946831
0.5909999
0.594116
0.58505356
0.5920498
0.5937634
0.60476947
0.59791064
0.5951682
0.5932391
0.58832693
0.5879469
0.5914493
0.5907176
0.59237707
0.5906709
0.58482164
0.5973098
0.5839251
0.5900708
0.5840299
0.601586
0.59381455
0.5930624
0.5943849
0.5884404
0.595597
0.5896548
0.5969582
0.5979643
0.58328736
0.5873584
0.576095
0.5884444
0.58147883
0.58610356
0.5906485
0.5763214
0.58752555
0.59711736
0.5862231
0.58294076
0.58277565
0.5761661
0.5725386
0.579303
0.5806682
0.5754989
0.5887697
0.5775677
0.581911
0.57493734
0.58241194
0.56677145
0.5771811
0.57469624
0.56797594
0.5674747
0.56874543
0.5735799
0.5755307
0.57260495
0.57912433
0.56848764
0.57412785
0.5654413
0.5672538
0.57352036
0.562428
0.57204944
0.5712339
0.577242
0.5721018
0.55915314
0.57273614
0.5712802
0.5659966
0.56609595
0.5659348
0.5645487
0.5610847
0.56820714
0.5725522
0.5697392
0.56150305
0.57447904
0.5580459
0.5603373
0.5631422
0.5712614
0.5636466
0.5639785
0.562015
0.56033766
0.56503916
0.55881095
0.56665486
0.5650936
0.56475234
0.5666918
0.5630821
0.564653
0.5619233
0.5582935
0.5598139
0.56487745
0.5690646
0.55702245
0.558695
0.58221036
0.56601393
0.57478327
0.56330085
0.57140565
0.5672619
0.55739087
0.5625538
0.5639428
0.5696132
0.5737279
0.5633506
0.5565931
0.55967575
0.56733024
0.5564222
0.56826526
0.5623723
0.56759596
0.5583401
0.568682
0.5681727
0.55958724
0.5658566
0.55964357
0.5665715
0.56457466
0.57066905
0.5670497
0.57226276
0.5811421
0.5641106
0.56432736
0.56798804
0.56712306
0.5689669
0.5632417
0.5770146
0.5683806
0.5616462
0.5612288
0.5663761
0.5671384
0.57027656
0.5649884
0.5728658
0.56550354
0.5706155
0.5622144
0.56777114
0.5659786
0.5654732
0.57509506
0.559216
0.56563836
0.56831473
0.57514536
0.56987506
0.58758295
0.580516
0.57065827
0.5669406
0.57703197
0.57733876
0.5802002
0.56794786
0.57455796
0.57722306
0.5821578
0.57322216
0.5665282
0.5714983
0.58202845
0.57403195
0.58937585
0.5676662
0.5731059
0.56783944
0.56263095
0.57689327
0.5773089
0.56141835
0.57155883
0.56444424
0.5621045
0.5613351
0.56563383
0.5644132
0.5728756
0.5588397
0.56026137
0.5719511
0.5732997
0.56103075
0.57611734
0.5699822
0.57680506
0.565449
0.5630805
0.57128805
0.5749826
0.5658142
0.5558571
0.5695266
0.5629263
0.567069
0.55907506
0.5616692
0.5613061
0.5643069
0.5664681
0.5623185
0.569977
0.56021756
0.5481976
0.56292427
0.5555782
0.56759405
0.55771977
0.5668996
0.5806035
0.565858
0.56191254
0.55819327
0.57066214
0.5619633
0.5688788
0.5684771
0.5558995
0.56730413
0.5627125
0.56785685
0.563524
0.5687381
0.5634937
0.57326925
0.57059544
0.55275613
0.5682286
0.5627998
0.5642714
0.56093496
0.5861701
0.56661
0.559031
0.5636976
0.5661764
0.5612688
0.5586838
0.5657999
0.569713
0.5700426
0.56657225
0.56348187
0.5559548
0.57748806
0.5547041
0.57420903
0.56667554
0.56772625
0.5652004
0.56849164
0.56471616
0.5655943
0.56565934
0.56347907
0.5619806
0.5603086
0.5608711
0.55194336
0.5421058
0.5550306
0.5525144
0.5600323
0.5597561
0.56669647
0.56219256
0.56103843
0.5539088
0.5610437
0.5590206
0.5496447
0.54596925
0.5564092
0.54819655
0.5614247
0.54424715
0.54738617
0.56137675
0.5619202
0.54974633
0.5498709
0.5521286
0.54462177
0.553304
0.561381
0.56048965
0.54786736
0.5506803
0.54885983
0.5647171
0.5490107
0.55650705
0.56294197
0.5540132
0.5635466
0.5512798
0.551774
0.5520283
0.5572051
0.5523263
0.5490818
0.5461123
0.5595335
0.54784584
0.5464098
0.5477381
0.54997563
0.5583802
0.5487361
0.54435617
0.5408913
0.5437467
0.53691924
0.5418161
0.5412316
0.53327715
0.5404093
0.53213286
0.5405179
0.543425
0.53050274
0.5422677
0.5380475
0.5351957
0.53215396
0.53036755
0.53369665
0.5415056
0.5247173
0.5352565
0.53545976
0.5366493
0.5353212
0.539959
0.5317705
0.52505994
0.5212311
0.5342012
0.5232286
0.52093846
0.5188396
0.5297305
0.5273909
0.5296857
0.52220213
0.5256734
0.52737856
0.5251977
0.52921194
0.5214094
0.521385
0.52934355
0.5279453
0.5217521
0.523467
0.5184461
0.52436745
0.51118183
0.52152437
0.52867424
0.51739603
0.5133408
0.52680767
0.51312274
0.52659506
0.5226755
0.52580994
0.5362717
0.516759
0.52010524
0.52135944
0.5280378
0.5210647
0.52779365
0.52561456
0.5262903
0.5265238
0.5292879
0.53944385
0.5242108
0.52799743
0.5223048
0.51883924
0.5288783
0.520132
0.521975
0.5142379
0.5231305
0.53020376
0.5199883
0.5265231
0.52464306
0.52518356
0.524893
0.52607965
0.51666987
0.5215133
0.5272755
0.53068686
0.51673967
0.51168233
0.51838166
0.52416503
0.52253026
0.52015036
0.5130329
0.5180008
0.51581967
0.511133
0.5203198
0.50769407
0.50883263
0.50337416
0.5024295
0.50826865
0.5098675
0.5159842
0.5096728
0.5054502
0.5041239
0.49487075
0.49843276
0.5009179
0.49456704
0.5041793
0.50442195
0.49250036
0.49942657
0.4956168
0.49586618
0.49147195
0.49689436
0.49948695
0.49019936
0.4929362
0.4875875
0.4924253
0.5043961
0.4852953
0.5102396
0.4972365
0.49812043
0.5008837
0.4913375
0.4956226
0.4961299
0.49667835
0.4932421
0.49545652
0.50008446
0.49969703
0.49535733
0.49428922
0.49874055
0.48952174
0.4910224
0.4962284
0.50359315
0.4885465
0.49754372
0.49623987
0.51080376
0.48330843
0.4846497
0.49080658
0.49473283
0.4766984
0.48672247
0.4911747
0.4854184
0.48199886
0.50137395
0.48588023
0.48054957
0.48925227
0.4927807
0.49469033
0.48280877
0.47190836
0.48708594
0.47884592
0.48174438
0.4886944
0.48135835
0.4857053
0.48495474
0.49389315
0.4941402
0.47308505
0.48045483
0.49217355
0.48746032
0.49860233
0.4894769
0.49082735
0.49586776
0.4862984
0.48566025
0.48595965
0.48455372
0.49267533
0.48516703
0.47899538
0.47770187
0.4938682
0.47772738
0.49040616
0.48198682
0.477821
0.4874044
0.4870338
0.4817448
0.48880175
0.48118436
0.48841602
0.47117162
0.48515564
0.48555553
0.47880673
0.47619683
0.4921551
0.48947957
0.4889353
0.48158187
0.48051372
0.4875137
0.48317245
0.497418
0.48731798
0.48299837
0.4975786
0.4949653
0.49322802
0.4947146
0.47508878
0.49322978
0.49157166
0.48727986
0.49304742
0.48082235
0.47691637
0.487021
0.48893392
0.48839062
0.48317203
0.47499904
0.4883094
0.48991165
0.48934534
0.4938132
0.48649317
0.48635355
0.48484105
0.48980308
0.47355112
0.47308925
0.48009953
0.48223478
0.4955236
0.49714524
0.48688647
0.48976323
0.4885007
0.4746199
0.491835
0.47695166
0.48426282
0.48439613
0.48738456
0.48028457
0.48029235
0.48913988
0.4839524
0.49228826
0.47516823
0.4829351
0.48916715
0.4847951
0.468989
0.48557884
0.48277995
0.47153866
0.47981316
0.4764488
0.47455874
0.47238728
0.47056985
0.46707276
0.48433933
0.4795199
0.4822125
0.48598745
0.47929212
0.4768729
0.46944627
0.47098637
0.4715052
0.46337086
0.47248694
0.4645382
0.4652331
0.4807809
0.46082488
0.47524115
0.46102884
0.45814973
0.4677878
0.45266274
0.4690133
0.46013767
0.46221063
0.45454267
0.4596298
0.4562266
0.4527002
0.4554502
0.45659375
0.45667627
0.45202273
0.47046396
0.4520124
0.45981652
0.4625708
0.44759366
0.445119
0.45363247
0.45494246
0.4509634
0.44946325
0.4607649
0.45241037
0.44626844
0.45906705
0.45489663
0.4552499
0.45146507
0.43997288
0.44674042
0.45006856
0.44770098
0.4431436
0.45381793
0.44370046
0.44364217
0.44285846
0.43929914
0.44672912
0.44028488
0.44992593
0.43946764
0.44377103
0.44295433
0.45005953
0.44861615
0.4410216
0.4461045
0.4610234
0.44372603
0.45197952
0.43811327
0.43113574
0.4383946
0.456167
0.4414417
0.44892183
0.44514465
0.45234108
0.4438794
0.4349052
0.44935343
0.4416827
0.439216
0.446527
0.44066676
0.43587932
0.43423665
0.44392344
0.44759464
0.43469447
0.4489101
0.4481706
0.4465599
0.44177797
0.43482736
0.4306731
0.4400813
0.44543153
0.44841853
0.44247055
0.44422668
0.45274907
0.44886342
0.45412552
0.4351419
0.43762502
0.4471372
0.45904282
0.43765134
0.44408056
0.44170532
0.4500228
0.44737756
0.45209095
0.4485146
0.45372584
0.45286313
0.452085
0.451839
0.4497067
0.4461154
0.44890198
0.45268562
0.44740355
0.4414896
0.4451988
0.45545763
0.4455121
0.4402391
0.45364666
0.44732234
0.46011755
0.45668903
0.46035147
0.4462063
0.44843635
0.45149305
0.45367286
0.45458764
0.44506797
0.46449634
0.45830065
0.45430002
0.45409912
0.45250848
0.45163506
0.4449184
0.45769906
0.44151828
0.44561937
0.4360007
0.46329543
0.44287267
0.44765657
0.43972617
0.43751103
0.449802
0.4416468
0.429784
0.4277533
0.44293872
0.44038746
0.4421196
0.43549922
0.44833204
0.44452822
0.44072312
0.4419799
0.43649918
0.43373284
0.42950273
0.43554533
0.45057696
0.44417465
0.45661846
0.45406103
0.4354029
0.4446656
0.45398244
0.43673936
0.4362192
0.44456533
0.43513414
0.4438197
0.4434259
0.43951237
0.44698742
0.44578472
0.42521882
0.44740418
0.4360748
0.4362761
0.42854652
0.44002515
0.43915457
0.44230428
0.43121368
0.42456618
0.4237979
0.43202055
0.42978534
0.42625916
0.43768987
0.42606914
0.4295738
0.41741303
0.4217708
0.41060007
0.41763842
0.41715717
0.42171434
0.41894546
0.4197711
0.41455087
0.43070602
0.4256131
0.43055755
0.42426065
0.41911122
0.4209213
0.4213254
0.4320304
0.42510206
0.4175361
0.41942722
0.42687985
0.4220406
0.41389045
0.4217853
0.42471611
0.42199117
0.42810908
0.4335495
0.42257267
0.42953834
0.42540774
0.41923332
0.41816524
0.42666054
0.42439768
0.42785227
0.42408985
0.43177724
0.4358248
0.4166153
0.42344016
0.43279848
0.43739644
0.42323148
0.43714753
0.4189865
0.42897704
0.43537486
0.425318
0.42942142
0.44034904
0.44281706
0.42911544
0.4307864
0.4252344
0.41848066
0.42171022
0.41966847
0.44017014
0.44022527
0.42788735
0.43749365
0.43120855
0.43278694
0.42792955
0.4255181
0.4367829
0.44037494
0.42096362
0.4257582
0.4395751
0.43575183
0.4342376
0.4356099
0.42582652
0.42886674
0.43329617
0.44152087
0.43185884
0.4290841
0.4279209
0.43437687
0.4395083
0.4259593
0.42336634
0.42916104
0.43569082
0.42946503
0.42863768
0.43892786
0.4325361
0.42994007
0.4220498
0.4326137
0.42771804
0.41564465
0.42655396
0.42524722
0.4259759
0.41723183
0.43747154
0.42617387
0.42561027
0.42294404
0.4218281
0.42066872
0.4353659
0.41728073
0.42432588
0.41963044
0.42251337
0.43230084
0.4254902
0.41680938
0.42938128
0.42588434
0.42436075
0.428451
0.4256203
0.4271018
0.42118555
0.43052784
0.43631172
0.4298135
0.44057348
0.41193426
0.42402726
0.42553073
0.42913702
0.42462713
0.43219617
0.42360044
0.41933918
0.40995368
0.42451903
0.4214749
0.42330134
0.42173573
0.4210205
0.4236235
0.4257386
0.41967696
0.42401475
0.41718614
0.42173404
0.4165676
0.42592654
0.41958472
0.42317757
0.42725205
0.42522228
0.43113607
0.42091316
0.43040195
0.44305784
0.4334615
0.4331132
0.42604935
0.4179341
0.41404375
0.41587445
0.4194582
0.42738533
0.42594945
0.4294355
0.41284427
0.4245868
0.43349063
0.4254128
0.43811426
0.42740428
0.42094746
0.41895485
0.41266996
0.4129632
0.4224866
0.42036828
0.42234573
0.41212365
0.40161675
0.41219363
0.41550505
0.41984236
0.41715163
0.4063925
0.4117876
0.4044203
0.41658202
0.41086805
0.4035626
0.40614444
0.40414825
0.40684178
0.41178453
0.40369996
0.40828955
0.4196716
0.40632963
0.4036546
0.39569587
0.406285
0.41714168
0.39800483
0.42110237
0.4114097
0.41806343
0.4083041
0.4030459
0.40483874
0.40981135
0.42674276
0.4129795
0.4063024
0.4131194
0.42224702
0.4007967
0.40269968
0.4117301
0.40915912
0.41168073
0.41666433
0.4049714
0.4197856
0.41783512
0.41218483
0.41402084
0.4054506
0.4098311
0.40743712
0.4244488
0.4040134
0.41185772
0.40103564
0.4057944
0.40886763
0.40322125
0.39343032
0.39795557
0.40488273
0.4008191
0.40148038
0.40176675
0.402082
0.42434883
0.39969763
0.4077219
0.40265688
0.40080923
0.40906
0.4104717
0.40459523
0.4047862
0.41398612
0.41052297
0.40571547
0.38884288
0.40657893
0.39702216
0.40265918
0.4166995
0.39395118
0.3995531
0.40855318
0.39895752
0.3888015
0.39669672
0.41195416
0.3952857
0.40933505
0.40270138
0.40017995
0.40498084
0.39981592
0.40258676
0.40556502
0.39120978
0.3862165
0.39704248
0.40369254
0.40126064
0.40656504
0.40526828
0.40348893
0.40242374
0.40426436
0.40567452
0.39298436
0.40875253
0.39971575
0.4009644
0.4015277
0.39165878
0.40061894
0.40915936
0.39813346
0.3936139
0.38270023
0.39530724
0.3981002
0.38759702
0.3974513
0.38905877
0.39275175
0.39338174
0.39921764
0.40248936
0.39507547
0.3904084
0.39782205
0.39886832
0.4000541
0.39129466
0.39600447
0.39496103
0.41309085
0.39848575
0.3962279
0.3920348
0.39589015
0.39648378
0.39914244
0.39947426
0.3887692
0.4015825
0.38668007
0.4008457
0.39519432
0.39563653
0.40209234
0.39260718
0.40105045
0.40563625
0.39838773
0.40757412
0.39428112
0.3961703
0.407455
0.39574674
0.405512
0.39269775
0.39335158
0.39145914
0.39865914
0.40052885
0.39643225
0.39939308
0.3968898
0.40596077
0.40850016
0.39351007
0.39355263
0.40571582
0.3960595
0.38891512
0.39592606
0.39041883
0.3813564
0.388676
0.39155474
0.39180186
0.40004322
0.38918063
0.38497093
0.40955448
0.39141896
0.39611578
0.3886153
0.39481944
0.37693495
0.3951813
0.38313878
0.38578185
0.3872438
0.38629737
0.40046358
0.38339457
0.39254582
0.38027143
0.3936013
0.3725669
0.4026185
0.36962596
0.3791902
0.38510224
0.3795196
0.3895881
0.3900132
0.38864017
0.37877393
0.38361594
0.37355125
0.38620937
0.37931174
0.3888212
0.39154193
0.37704223
0.3864019
0.37981507
0.37107828
0.38390118
0.38379648
0.3824833
0.36913994
0.3782643
0.385733
0.386921
0.38736755
0.371861
0.38529047
0.37690356
0.37269348
0.38367426
0.38403416
0.37651715
0.37621093
0.38225994
0.38051093
0.3774995
0.3793802
0.38055894
0.37484977
0.3777002
0.37867293
0.37421164
0.37921283
0.36846802
0.37543347
0.37254322
0.38016126
0.3839477
0.37608385
0.3771862
0.37044024
0.36739224
0.37682116
0.37772045
0.36024645
0.3677652
0.36911458
0.3687826
0.3714015
0.37570092
0.37746865
0.37755907
0.36934814
0.38135168
0.36485675
0.37018263
0.38578942
0.37064078
0.3703885
0.37444833
0.3736275
0.37584326
0.36679596
0.38123247
0.3712075
0.36846173
0.36646694
0.37918967
0.35842726
0.36676183
0.36938837
0.37155572
0.37006983
0.36318073
0.36173776
0.3635503
0.3577916
0.3655131
0.36057535
0.35914797
0.35791332
0.3684685
0.36678997
0.36671898
0.37018234
0.35991156
0.36249793
0.35755625
0.36630708
0.36516288
0.36926794
0.35481864
0.36846295
0.34961137
0.3534937
0.36430326
0.36806124
0.34765217
0.36124137
0.3674337
0.36715505
0.36613956
0.36664653
0.35809612
0.36099926
0.35985923
0.36004114
0.35463047
0.3645176
0.3626156
0.3539751
0.3670272
0.357291
0.36770582
0.35293207
0.36479166
0.36538124
0.3665331
0.35918325
0.35996544
0.3563413
0.3747619
0.3553351
0.34796324
0.35006365
0.35922202
0.3564242
0.35081777
0.35857794
0.3634402
0.35911366
0.3632716
0.3611633
0.36002097
0.36580905
0.36491257
0.34995288
0.35309026
0.35914502
0.34850106
0.3525703
0.35298792
0.35483593
0.36205816
0.35139543
0.36282462
0.35769284
0.3548297
0.36757055
0.3602267
0.34830606
0.35225803
0.34567127
0.34715316
0.34688362
0.3539283
0.35658735
0.35628122
0.3643005
0.35204545
0.3579246
0.35228407
0.34972095
0.36251256
0.35502857
0.3473558
0.34563503
0.34259158
0.34849492
0.35266876
0.3551084
0.35425895
0.34798923
0.346496
0.3452262
0.34351483
0.33216217
0.3465482
0.3432032
0.3469682
0.3405229
0.35288873
0.3408481
0.3352613
0.35817888
0.3460263
0.337357
0.3400429
0.34237218
0.32915038
0.33709022
0.34653533
0.3353595
0.33557776
0.33347067
0.3414989
0.33492875
0.3403232
0.34479302
0.33294165
0.33873862
0.33923078
0.3262375
0.33785957
0.3405591
0.34267947
0.3374719
0.3417639
0.33422497
0.32968244
0.33308002
0.32591236
0.33609128
0.33752126
0.33261985
0.33874825
0.34293118
0.32794762
0.34017885
0.33071858
0.33304727
0.33195725
0.33862406
0.33529118
0.3347324
0.3462309
0.3242561
0.33778647
0.32259414
0.3331109
0.33914387
0.3305454
0.348856
0.33060434
0.32677078
0.32907045
0.32473892
0.32665923
0.33683917
0.33452016
0.33629742
0.33022517
0.33455905
0.33067557
0.34751385
0.3323489
0.32186466
0.3323816
0.3247262
0.33679795
0.31997046
0.3166493
0.3252086
0.33175123
0.33276418
0.33420467
0.3268283
0.32095578
0.31634295
0.32772043
0.32727107
0.3265039
0.3347922
0.34601375
0.32412064
0.32828307
0.33599213
0.31967553
0.3366767
0.3325299
0.33449852
0.3317639
0.31853235
0.32330304
0.32429957
0.32985413
0.3333747
0.3327295
0.33690342
0.33817998
0.34646454
0.33615902
0.32420307
0.336208
0.3360493
0.33011398
0.33010134
0.3316896
0.3271267
0.3359295
0.32467705
0.3194229
0.33629766
0.3330366
0.31779292
0.32934642
0.32490426
0.3320356
0.32534334
0.32324988
0.33546636
0.3172617
0.31968656
0.32638615
0.32409567
0.3407099
0.33578855
0.32174873
0.33403784
0.32375324
0.32351747
0.3164834
0.32066166
0.32044595
0.3317901
0.3058541
0.32511353
0.31852448
0.32191998
0.32044762
0.30880657
0.30793628
0.3237701
0.30986133
0.3219795
0.31789184
0.32371467
0.31205004
0.31397888
0.31756008
0.31141153
0.31914675
0.30416572
0.30594757
0.31297213
0.31188378
0.31379807
0.31792834
0.31047505
0.3062398
0.32067725
0.314944
0.31663823
0.31412596
0.31302837
0.31296912
0.30504134
0.31661662
0.30784398
0.31634286
0.30101812
0.320825
0.30421892
0.3056151
0.30536938
0.30547523
0.3188257
0.31299585
0.3140493
0.3201098
0.3057298
0.29892185
0.2985556
0.30478147
0.31052688
0.30537125
0.30573007
0.30261564
0.31316903
0.303802
0.2990827
0.3088767
0.31602645
0.3032515
0.3033645
0.31290367
0.31058562
0.30486125
0.3080715
0.30399328
0.31727728
0.29938722
0.31543946
0.31954876
0.3035302
0.30675605
0.31631485
0.30590963
0.3035461
0.300315
0.29777688
0.31167537
0.31286576
0.30453888
0.30246127
0.30279297
0.31447297
0.29512268
0.30630538
0.3069371
0.3168866
0.30497432
0.2901734
0.2962785
0.30924666
0.29242575
0.28826705
0.3024934
0.28676763
0.3001693
0.2954505
0.2945767
0.29989776
0.3039011
0.301662
0.2902927
0.29200485
0.29919657
0.29653
0.29886836
0.30227295
0.28848103
0.29805866
0.29245728
0.28593552
0.29126403
0.28491163
0.30337557
0.28379247
0.27701634
0.28064305
0.29759327
0.27521542
0.2953569
0.29707035
0.2998306
0.28470933
0.28153586
0.28051114
0.29107487
0.29152077
0.29210868
0.29502523
0.28497797
0.28651562
0.2825783
0.286671
0.2895206
0.27820954
0.2858204
0.2934778
0.29888144
0.27965587
0.29755446
0.28833607
0.28961936
0.27833888
0.28344193
0.28801793
0.2766776
0.29588342
0.2888353
0.29023394
0.3042235
0.2821975
0.29602903
0.2908751
0.28657568
0.28370795
0.2905212
0.2905213
0.29232618
0.29290712
0.29188135
0.2980318
0.29421803
0.2953482
0.292451
0.29902333
0.29297668
0.29256508
0.2940404
0.28618747
0.28554595
0.3074162
0.28180698
0.2867037
0.29222494
0.29177538
0.28673974
0.28768414
0.28918317
0.29400462
0.28181198
0.28834867
0.2832946
0.29446027
0.27301767
0.27913854
0.27407405
0.2888238
0.28182033
0.29126295
0.26572105
0.27668974
0.29558656
0.27491015
0.27522802
0.26844633
0.26713374
0.26606736
0.2936238
0.2726798
0.27622542
0.27995798
0.27619678
0.28289554
0.28421122
0.2825226
0.28590488
0.2874034
0.26894742
0.2801794
0.27856153
0.2762274
0.2926924
0.28154394
0.28957325
0.28764445
0.2871434
0.2855325
0.28032234
0.28025153
0.2880974
0.2776609
0.29229885
0.28549287
0.27884772
0.28159425
0.28373134
0.28008062
0.28024322
0.2791552
0.29387403
0.27376166
0.28448704
0.28555316
0.28185242
0.2803784
0.27599522
0.28052863
0.2830267
0.29194367
0.28232864
0.28203723
0.29791677
0.29809588
0.2912177
0.29162723
0.2726634
0.29677257
0.28186017
0.28280744
0.2909123
0.2807895
0.28744775
0.2803661
0.30009145
0.291532
0.27679253
0.28295004
0.28457785
0.292732
0.28805357
0.28322107
0.27928784
0.2962996
0.28252035
0.29626545
0.2808237
0.28340867
0.28771687
0.27523124
0.28441083
0.28729075
0.28435212
0.2938474
0.26452425
0.27876252
0.28323296
0.27568316
0.27873832
0.27505937
0.27170065
0.2774073
0.2821232
0.27345315
0.27985728
0.2789532
0.27352238
0.28281897
0.27554882
0.28082204
0.27852604
0.27655238
0.29150966
0.28716344
0.28237057
0.27359515
0.27348554
0.2623092
0.27154365
0.29684496
0.29229808
0.2805983
0.29323334
0.2805109
0.275401
0.2767938
0.2674146
0.27629718
0.27695456
0.27004087
0.26238242
0.2742096
0.26734057
0.27081573
0.27899072
0.27062425
0.268036
0.2737651
0.2787744
0.28223485
0.2710676
0.27028105
0.281784
0.27941838
0.2634602
0.27463183
0.27154034
0.2812839
0.2742845
0.275064
0.27384472
0.27341828
0.26838326
0.28267756
0.2715834
0.27608344
0.28443542
0.27383596
0.26360124
0.27054355
0.27768984
0.25676143
0.27209702
0.29055166
0.26640517
0.2678529
0.28464463
0.27518103
0.2720031
0.27297428
0.27665555
0.27723736
0.2591432
0.2645355
0.2783817
0.26930642
0.27721095
0.2713626
0.26525754
0.26136556
0.2770009
0.26997358
0.2658071
0.26668522
0.26424178
0.26403552
0.27276707
0.26467615
0.26271468
0.267209
0.26213902
0.27372584
0.2587368
0.28305742
0.28037292
0.27519515
0.27699083
0.27569702
0.26403743
0.264843
0.2692754
0.2759855
0.26808706
0.2559227
0.27348232
0.2644546
0.2691316
0.26826105
0.27314618
0.25326377
0.26897204
0.2716297
0.26467937
0.2656955
0.2707536
0.2703344
0.27867177
0.26850826
0.26807463
0.25737822
0.26296073
0.2719193
0.26712003
0.2688677
0.26921824
0.26695985
0.2835426
0.2758084
0.25959048
0.26892415
0.26785567
0.2535531
0.25683495
0.2589214
0.26538888
0.2692901
0.26542407
0.26422286
0.27481276
0.26807296
0.26066217
0.26286355
0.25828457
0.26982746
0.2733611
0.2604531
0.2749805
0.2749254
0.27167088
0.26666427
0.26224068
0.27091762
0.2696903
0.2615463
0.27758342
0.26773912
0.28055057
0.2706998
0.27864245
0.27074805
0.2660641
0.26420578
0.26992354
0.25214544
0.2510592
0.26578206
0.25312537
0.2599121
0.25581473
0.27176842
0.2613979
0.26971558
0.26130176
0.24979743
0.27211288
0.27358934
0.2578351
0.27256113
0.26883742
0.24507256
0.26850915
0.27480853
0.26066953
0.25421503
0.26563075
0.26410118
0.2546021
0.24218607
0.2582478
0.24796116
0.25137794
0.25266284
0.25832847
0.25178742
0.2634388
0.25732082
0.25071445
0.2584556
0.25419325
0.24875411
0.25858036
0.25356454
0.2650962
0.2521339
0.25740623
0.26056692
0.2635935
0.25197932
0.26136306
0.2522046
0.26713672
0.26892155
0.24628665
0.25167245
0.24247956
0.24764971
0.2456367
0.2384262
0.25324842
0.24343827
0.25168636
0.24598557
0.24497813
0.23309729
0.2448044
0.2442588
0.2348777
0.24894774
0.23625852
0.23866479
0.23718761
0.23167412
0.24507125
0.22494577
0.22350445
0.22928439
0.24979891
0.23772092
0.23997445
0.23650725
0.22737843
0.23894355
0.23689891
0.23694457
0.23542991
0.22312883
0.2267834
0.22245598
0.23960489
0.23258927
0.23529387
0.23447151
0.23986115
0.21829526
0.22250631
0.22296624
0.22632751
0.2296761
0.23824874
0.23365417
0.22160955
0.2286682
0.23753583
0.22297499
0.22446807
0.22681592
0.22706738
0.22693573
0.22852978
0.23693064
0.23796152
0.22387381
0.24587658
0.23039664
0.2346579
0.22443056
0.2246711
0.22854649
0.23755719
0.22730833
0.24080789
0.23404814
0.2434358
0.22853127
0.21884665
0.22994891
0.22937377
0.23503622
0.22618553
0.2239935
0.23422404
0.22948977
0.23031951
0.22925067
0.22641331
0.2323659
0.23388973
0.22755177
0.22256163
0.23571455
0.2157954
0.23503421
0.21236782
0.2284484
0.22935417
0.21440192
0.23065846
0.22290763
0.22449422
0.23345664
0.22526667
0.21674848
0.22915551
0.23078747
0.23143564
0.2217596
0.23660892
0.22367275
0.23682132
0.21805619
0.21946983
0.22775498
0.22063334
0.22112742
0.22418664
0.22851944
0.2309517
0.2246248
0.23261477
0.21077295
0.22709903
0.22933619
0.22879155
0.22242051
0.21936727
0.22532855
0.223356
0.23275004
0.21721797
0.23142892
0.22362816
0.23258711
0.22296134
0.2301183
0.21576451
0.23342338
0.22019883
0.22740874
0.21918824
0.23054484
0.2406134
0.2234294
0.22684786
0.22035754
0.23141299
0.2259652
0.24476331
0.22507954
0.22794308
0.24124521
0.2262798
0.22741817
0.2463173
0.24101289
0.2508583
0.23655923
0.22839728
0.23547922
0.23677471
0.25205764
0.24111219
0.23230688
0.23263337
0.23179317
0.23293757
0.23826194
0.25019953
0.23829162
0.22939903
0.23255494
0.2346219
0.22509196
0.24153437
0.24533892
0.23251007
0.23730224
0.23999885
0.23257406
0.2419184
0.2510192
0.22878197
0.23408642
0.22483614
0.2199671
0.24758674
0.23433974
0.2332665
0.24157317
0.24241774
0.23311149
0.22356927
0.23451747
0.243028
0.22870833
0.2407506
0.23901834
0.22124821
0.23869786
0.22532417
0.23790617
0.23503914
0.23074833
0.23204833
0.22689249
0.23645656
0.22454837
0.24052276
0.25266454
0.25559056
0.24228173
0.23985483
0.22714007
0.24030752
0.23302944
0.2332379
0.22747272
0.23991123
0.24840134
0.23182404
0.22618996
0.22519249
0.22881028
0.2349824
0.23814495
0.24149029
0.22860727
0.23017105
0.22091514
0.24129565
0.23781756
0.21764684
0.23545507
0.24267879
0.2284459
0.23429213
0.23368818
0.22981772
0.23019461
0.22112854
0.23887676
0.22539012
0.2228622
0.23048773
0.22220649
0.2192564
0.21470654
0.21160287
0.22692402
0.23954321
0.22101256
0.21670718
0.21522714
0.21751179
0.21888603
0.21591192
0.20674741
0.22561269
0.21990249
0.2222527
0.20640168
0.21851337
0.21447244
0.21173187
0.21977717
0.20537302
0.20834254
0.21763018
0.2124683
0.21194641
0.21840686
0.21873115
0.21967262
0.19841279
0.19555
0.20789413
0.21636768
0.21362159
0.21008551
0.20163006
0.20696145
0.20225915
0.21471433
0.21739191
0.21107444
0.20664303
0.21794844
0.22232908
0.2158334
0.22056335
0.20733345
0.21211503
0.20982692
0.22085027
0.21961604
0.21039625
0.21966948
0.22062927
0.2303967
0.21567151
0.22029711
0.21594267
0.21976879
0.21339989
0.20847023
0.22075602
0.21942863
0.222817
0.21126987
0.23134382
0.21556005
0.2197324
0.23460932
0.21350044
0.22490297
0.21953319
0.21475883
0.21571365
0.21689774
0.22010902
0.22768562
0.22118151
0.22009227
0.22309135
0.2300978
0.21581794
0.23132236
0.21590011
0.21343528
0.21075384
0.2168251
0.21778178
0.215493
0.20881538
0.21955186
0.22420725
0.20946129
0.22579177
0.21164407
0.22463477
0.21700953
0.21310095
0.21873342
0.23186685
0.21717128
0.2227006
0.2292465
0.21922468
0.20993552
0.21947007
0.2256088
0.22660634
0.20609263
0.21365678
0.21547435
0.19817194
0.20242833
0.214169
0.21783695
0.20688267
0.21096298
0.20537733
0.20983176
0.21529366
0.20064092
0.19495335
0.21060063
0.19272491
0.2000071
0.20460683
0.2130823
0.20997359
0.19938831
0.20465036
0.21039125
0.21379715
0.21162334
0.20805673
0.20845792
0.2012412
0.20459954
0.19468303
0.20258139
0.1952212
0.21123937
0.20468071
0.19999768
0.2112919
0.21740203
0.19632468
0.19055898
0.2077985
0.19831824
0.20846063
0.2123297
0.19278517
0.20490104
0.20387864
0.20634426
0.20216647
0.19685641
0.19545488
0.20594701
0.21194404
0.22240311
0.20520982
0.20687437
0.1998495
0.20358437
0.20473424
0.20220882
0.1944837
0.19987008
0.19554214
0.21347912
0.20682676
0.18669754
0.20705932
0.2017545
0.20267855
0.21280003
0.21590275
0.21903977
0.201758
0.19710276
0.21307267
0.20744856
0.21242993
0.20088343
0.2054228
0.20324549
0.20766138
0.2080542
0.19953045
0.21040362
0.21241152
0.21430172
0.19928922
0.21486145
0.19025739
0.19778794
0.20176202
0.21636027
0.21538994
0.21144696
0.22405268
0.1966412
0.20494936
0.19837207
0.20329015
0.19365461
0.19719921
0.21197917
0.20621304
0.19792132
0.19716653
0.19728732
0.19497971
0.19008034
0.20990753
0.19223173
0.20706403
0.2173018
0.195944
0.20063017
0.20598046
0.19698946
0.19575849
0.19892012
0.21095774
0.18633576
0.20119052
0.20687461
0.20664145
0.19528279
0.19455962
0.20661514
0.2161978
0.19727153
0.19762576
0.20278892
0.20574124
0.2158357
0.19876017
0.19917393
0.1977776
0.21333398
0.20593065
0.21601835
0.19718474
0.19627042
0.20101207
0.2024721
0.20309705
0.19678953
0.20141895
0.20157911
0.2011937
0.19234288
0.20145969
0.20294112
0.19219531
0.2089602
0.20581101
0.1933749
0.20495449
0.19666399
0.20331137
0.18866415
0.20914671
0.20351234
0.18329394
0.19217147
0.20115964
0.20406859
0.19748352
0.19271627
0.19809492
0.18818344
0.1972313
0.19800484
0.20248426
0.19612738
0.19299862
0.19803824
0.20149802
0.19508098
0.19765322
0.19189736
0.2010992
0.19710691
0.18814595
0.19415031
0.19135575
0.20040622
0.20592108
0.1939997
0.21405146
0.2098827
0.19580635
0.2076379
0.19669044
0.21090189
0.21597275
0.21140912
0.1959939
0.20021328
0.18857056
0.19147967
0.21050063
0.1987425
0.18921877
0.21320009
0.18852039
0.2103776
0.20884985
0.21404058
0.19917731
0.18715495
0.19794405
0.1892154
0.20459895
0.2088335
0.20261721
0.20339203
0.20076288
0.19789988
0.19656299
0.19729976
0.2129409
0.18978147
0.20253439
0.19901359
0.1997868
0.20690058
0.20031503
0.19166829
0.19728054
0.189178
0.1886773
0.19748874
0.20623833
0.20663843
0.19901727
0.20398106
0.19757737
0.20805989
0.2149489
0.18964152
0.19266424
0.20122878
0.19115639
0.19816568
0.19346035
0.20927513
0.19148435
0.18248819
0.19456883
0.18603046
0.18515992
0.20461825
0.1993385
0.20056705
0.19248334
0.20117727
0.20207044
0.1924976
0.1862171
0.20117575
0.19201414
0.20667922
0.19591562
0.21585672
0.1765304
0.19725254
0.2066185
0.19268028
0.19309066
0.1840612
0.18383692
0.20308292
0.19919525
0.20386763
0.18925145
0.19257262
0.18282588
0.2058611
0.18264042
0.1883112
0.18846476
0.19217528
0.19567159
0.18792625
0.18557256
0.18497032
0.19096561
0.18664879
0.17478773
0.18183698
0.18943901
0.21237688
0.18335786
0.18951085
0.1881115
0.18251038
0.18748981
0.1836662
0.18309839
0.18695562
0.17317705
0.17781086
0.1828037
0.17553428
0.18672448
0.18511076
0.19029568
0.18143922
0.17571752
0.1717181
0.1740783
0.18609533
0.19125125
0.17141257
0.18035756
0.18759897
0.1759927
0.18084753
0.18421794
0.16476169
0.18369019
0.1793378
0.19160196
0.17081752
0.1886507
0.16527894
0.19011855
0.1769483
0.17773579
0.17792343
0.19677208
0.20208025
0.16603647
0.18069988
0.18686843
0.16520905
0.1787631
0.16097732
0.16935171
0.16888602
0.16891432
0.18684201
0.17236428
0.17498986
0.16804624
0.17457382
0.17822881
0.16757414
0.16541134
0.16655652
0.17658034
0.17471026
0.16681033
0.16996957
0.16689244
0.16875987
0.17166589
0.16470681
0.17715882
0.17323859
0.15948422
0.17912804
0.1756318
0.17018239
0.17761922
0.17173332
0.16788754
0.1783046
0.17057063
0.16999583
0.17815927
0.17269632
0.15869005
0.1659372
0.17594273
0.18859166
0.17071493
0.15452977
0.16600764
0.16241927
0.1604504
0.18395491
0.16182682
0.16593039
0.15372814
0.17107446
0.17120193
0.16076207
0.16233833
0.16564232
0.15525086
0.15491845
0.17408888
0.17664328
0.15887713
0.16027462
0.18071164
0.16855596
0.164112
0.15774642
0.17142327
0.16047366
0.16966274
0.15704598
0.1694283
0.16932142
0.15480022
0.16206354
0.17798074
0.18686628
0.17010726
0.15921
0.1705513
0.17755859
0.17331441
0.18144381
0.16537626
0.16986065
0.16190855
0.16874857
0.17449352
0.1740219
0.17292055
0.17262428
0.16772573
0.1710855
0.16675733
0.17407972
0.17443511
0.17295684
0.16841576
0.16381209
0.16148609
0.18545361
0.16921519
0.16045672
0.17536063
0.16625564
0.17860569
0.17534395
0.165386
0.15295936
0.15860377
0.16126916
0.16880421
0.1625757
0.16474324
0.1789497
0.17466228
0.17250028
0.15704076
0.16794825
0.15648761
0.16095188
0.15527947
0.16213858
0.15948232
0.16765916
0.15471293
0.15605365
0.15428618
0.16131891
0.14919655
0.17918831
0.1794203
0.15383308
0.16090499
0.15113778
0.15466319
0.16912538
0.14596726
0.16902895
0.15758882
0.15905796
0.16055286
0.15890045
0.16604657
0.17375028
0.16361095
0.17131136
0.16808735
0.16818094
0.170607
0.1565384
0.1650115
0.1779683
0.17363882
0.17602989
0.16876791
0.16237472
0.17046197
0.16564606
0.15945172
0.16333887
0.1684575
0.16524096
0.15925628
0.16994302
0.15941285
0.16125041
0.16059618
0.1622451
0.15972878
0.16884175
0.18103118
0.166783
0.16658308
0.16687015
0.17964308
0.162666
0.16815159
0.15359673
0.17086937
0.18003637
0.15825388
0.16754076
0.15769555
0.16044046
0.17295691
0.1669179
0.16284628
0.16422923
0.15361866
0.14065611
0.1656092
0.15972301
0.1543539
0.15733887
0.15550974
0.15290673
0.15904614
0.1542843
0.16059117
0.16276333
0.16918989
0.1564754
0.16234477
0.1685182
0.15448102
0.1534969
0.16558473
0.17124413
0.15921158
0.16514711
0.15724283
0.15631703
0.17261602
0.1784661
0.16523749
0.1521747
0.16204101
0.16827546
0.15315309
0.16642256
0.16867849
0.17335084
0.15181215
0.17621018
0.1616183
0.16716848
0.1602912
0.17389336
0.16384767
0.16792664
0.16891108
0.16336027
0.17077975
0.1661072
0.16511467
0.17587672
0.16198729
0.17640829
0.16425717
0.1650653
0.16725771
0.15794422
0.18385343
0.17060964
0.17833555
0.17410538
0.16691467
0.16635686
0.17822145
0.16206634
0.16386573
0.16659062
0.15806153
0.17454046
0.16618729
0.15304732
0.15717247
0.16572653
0.16318876
0.16505924
0.16473041
0.15778132
0.16338359
0.1554155
0.19196273
0.17428076
0.15607655
0.16242053
0.1819768
0.16170548
0.15698352
0.16071723
0.16074061
0.16667494
0.19037826
0.14139612
0.15448755
0.19712742
0.16878104
0.17805755
0.15066569
0.16621327
0.17022416
0.16147763
0.1675754
0.15816507
0.17596035
0.16538274
0.16010879
0.16771708
0.16053268
0.15709963
0.16282547
0.16102381
0.14353372
0.14554225
0.16973907
0.145907
0.15990674
0.157057
0.1652703
0.156532
0.14877003
0.14488186
0.13903116
0.1631156
0.14920428
0.14668682
0.16847898
0.15733874
0.14991465
0.16615753
0.16676837
0.16438727
0.16413856
0.15266626
0.14307943
0.16469808
0.16049759
0.15475824
0.15818207
0.1630311
0.14987916
0.16169716
0.1660468
0.15869205
0.14155887
0.16689438
0.15296368
0.16388564
0.15361753
0.14094587
0.14438774
0.14615463
0.1537293
0.1493258
0.16098532
0.16539001
0.16103476
0.1460894
0.17474188
0.15590517
0.14942881
0.14480063
0.1716901
0.15697324
0.1539748
0.14904507
0.15308306
0.15882146
0.14940606
0.15134545
0.14627539
0.15991683
0.14036252
0.14918204
0.16637231
0.14932804
0.14621833
0.15224111
0.1611714
0.15065034
0.18983786
0.13929546
0.15346639
0.14944582
0.15592328
0.14566046
0.14134817
0.16195391
0.1440654
0.14182633
0.15100147
0.1416555
0.16389973
0.14173095
0.14724094
0.14619066
0.16342583
0.13967595
0.15591636
0.15988663
0.1439604
0.15275271
0.15743159
0.14772819
0.14852162
0.14197369
0.14100887
0.15787598
0.15664351
0.14857173
0.15368871
0.146404
0.15425153
0.13862368
0.13673455
0.14073364
0.14970529
0.13705967
0.13201171
0.13561873
0.1428065
0.13806877
0.13935916
0.1467008
0.14157334
0.1515905
0.14287534
0.1440667
0.14325103
0.13836868
0.13598584
0.13391243
0.13164432
0.1356234
0.14808221
0.13406616
0.13090487
0.13290407
0.13535757
0.13741928
0.14484665
0.13826795
0.13433927
0.1320834
0.13039689
0.12923604
0.12963043
0.13307482
0.1368201
0.13777076
0.13581254
0.13448279
0.13007355
0.12901852
0.12424726
0.12816049
0.12805687
0.13095303
0.1336438
0.13699463
0.13353677
0.13047141
0.12804678
0.13206626
0.13210788
0.13358167
0.13264365
0.13087222
0.12640366
0.13013464
0.13179559
0.14011756
0.13781536
0.13867027
0.12859823
0.12925333
0.12952714
0.1367219
0.13758515
0.13723855
0.13607657
0.13867629
0.13623856
0.1410236
0.14262179
0.15157634
0.14427109
0.14286634
0.14018822
0.1413009
0.13560024
0.13560174
0.13655539
0.1401269
0.14166085
0.1429005
0.14311804
0.13925508
0.13522696
0.13170648
0.13743266
0.13563271
0.13854422
0.1349715
0.13877062
0.13669477
0.14036313
0.14222467
0.14445682
0.14536043
0.1394241
0.13846734
0.13270937
0.13523382
0.13229318
0.13421626
0.13303293
0.13737178
0.14040947
0.14291103
0.14444242
0.14565973
0.14408614
0.14166547
0.14407678
0.15113379
0.15216501
0.14447156
0.13973083
0.14073049
0.14311846
0.1426862
0.14194416
0.14146163
0.15071501
0.169868
0.14884773
0.14124508
0.15098573
0.1477402
0.14668885
0.13685913
0.13775194
0.13749601
0.14283177
0.13973454
0.1354337
0.1333791
0.13650212
0.13828088
0.13933343
0.13875277
0.13582785
0.13136478
0.12830724
0.1337208
0.14045146
0.14501964
0.1489127
0.14711039
0.14769417
0.14086773
0.13818927
0.1307468
0.13593763
0.1358416
0.13963455
0.14011757
0.14358433
0.14467333
0.14065099
0.14057413
0.14480795
0.14734854
0.14640893
0.14814915
0.1468603
0.14732455
0.14755134
0.14933331
0.15023309
0.14524038
0.14868437
0.14968176
0.15286064
0.15115552
0.15415959
0.14899428
0.14517981
0.13951455
0.15026897
0.15381247
0.15872052
0.15333498
0.1638798
0.18450715
0.163399
0.15141961
0.14922373
0.1529428
0.1540997
0.15122674
0.15380245
0.15783378
0.1632464
0.16130632
0.16485181
0.16090514
0.15958303
0.15356275
0.15163949
0.16118592
0.17747453
0.16546214
0.16443014
0.17233178
0.17589295
0.17149451
0.16633838
0.15531114
0.1605935
0.15979844
0.17817068
0.1995704
0.16838871
0.1517688
0.15263352
0.15381667
0.15427555
0.15673278
0.15810782
0.15909056
0.15717319
0.15412447
0.15375835
0.15180296
0.15075326
0.15840124
0.15887663
0.15798946
0.15483838
0.16264072
0.16380982
0.16051857
0.15516058
0.16384645
0.16637358
0.16202359
0.16113803
0.15876421
0.16392706
0.16005309
0.16142082
0.15948921
0.1558887
0.15420766
0.15370148
0.15877175
0.15403675
0.1518302
0.14571635
0.14854585
0.150224
0.15007819
0.1516147
0.15353711
0.15616119
0.15472041
0.1544634
0.15227619
0.14966601
0.14693332
0.14398593
0.14650077
0.14481027
0.15357205
0.1442318
0.14758988
0.14252557
0.14905673
0.14536668
0.13777359
0.144589
0.15045878
0.16364706
0.15320541
0.14896488
0.13860035
0.14404263
0.1429243
0.14704801
0.15028363
0.15787047
0.1609454
0.1604164
0.15438187
0.15595086
0.15403302
0.16192637
0.16040044
0.16142136
0.1567467
0.15453367
0.15678681
0.15105204
0.14526701
0.14140628
0.14533001
0.14789808
0.1531385
0.15330535
0.15448178
0.14633118
0.14308354
0.14192338
0.14980468
0.1509434
0.15474238
0.14647333
0.15358171
0.15077566
0.15650839
0.1517676
0.15170962
0.1454388
0.14216955
0.13654615
0.14917925
0.15269949
0.15893066
0.14768164
0.14830936
0.15122324
0.14766417
0.1480348
0.14140779
0.14060836
0.13833712
0.13697451
0.13678457
0.13095537
0.13348302
0.14592592
0.15205415
0.15826268
0.15030365
0.1476815
0.14197509
0.14249825
0.14017326
0.13529329
0.13123971
0.12697218
0.13293664
0.13588537
0.14682256
0.14796042
0.14748003
0.14612909
0.13551441
0.138622
0.1364818
0.13967761
0.14106025
0.14131841
0.14518681
0.16292945
0.15934075
0.16376919
0.14488181
0.14593393
0.14417392
0.14358872
0.14304237
0.14163119
0.13685046
0.13948715
0.14063446
0.14257933
0.13553287
0.13956493
0.14400111
0.1538715
0.14813109
0.13914669
0.13902372
0.139524
0.14659247
0.14210175
0.13918778
0.14077936
0.14325461
0.14960746
0.14520718
0.1409404
0.13372946
0.13719833
0.1429304
0.14708954
0.14188267
0.14067519
0.13765024
0.14165424
0.14496413
0.14646484
0.14207812
0.13577035
0.14103176
0.14265917
0.14102027
0.13204426
0.13950977
0.14118853
0.13832955
0.13232233
0.14056405
0.14588565
0.15252726
0.14595725
0.14300813
0.13280113
0.13382615
0.13730288
0.14166461
0.13272664
0.1378706
0.13516553
0.14150538
0.13655779
0.14084058
0.14114234
0.1480506
0.1490339
0.14947289
0.14402391
0.14721833
0.1482578
0.15630862
0.15296043
0.15120657
0.15077125
0.15819655
0.16938035
0.16166186
0.15394425
0.14251113
0.14311144
0.14735553
0.15637575
0.15418704
0.15536189
0.14961654
0.14740981
0.13995041
0.13763382
0.14415918
0.15089114
0.15455647
0.15562436
0.15359308
0.15310672
0.15494017
0.15334974
0.15509821
0.14845695
0.14116463
0.13890557
0.1426209
0.15018566
0.14879827
0.15215053
0.15068132
0.15078905
0.14552815
0.14184019
0.1401771
0.14830837
0.14886744
0.15236126
0.13876663
0.14264041
0.1365475
0.14714979
0.14391357
0.14424103
0.13508038
0.137767
0.14077803
0.14401954
0.14637443
0.14561166
0.15073472
0.15264995
0.16218252
0.16360492
0.15871331
0.15725419
0.14958733
0.15118037
0.14605087
0.14360374
0.14297245
0.14847164
0.1565604
0.15349013
0.14635706
0.14463031
0.13782589
0.14268376
0.13721009
0.14464977
0.13951549
0.14342515
0.142836
0.14151666
0.13861115
0.13648352
0.13398781
0.1287799
0.13748896
0.13939187
0.14622173
0.14509694
0.14488801
0.14654322
0.14306043
0.13822855
0.1374165
0.1380303
0.1416522
0.13512945
0.13058992
0.13392967
0.14418846
0.14401595
0.15048288
0.14107847
0.1386256
0.13097909
0.12939802
0.13625585
0.13641873
0.13834359
0.13354003
0.13289383
0.12856662
0.13253996
0.13350266
0.1393944
0.13696091
0.13665089
0.1387986
0.13685636
0.13496298
0.13040797
0.12652624
0.12063506
0.12305824
0.12614079
0.13097188
0.12443139
0.119137675
0.11577125
0.12042139
0.12837614
0.13991512
0.14386985
0.14130995
0.13181956
0.13038835
0.1375901
0.1395451
0.13947937
0.12411041
0.11884336
0.113170065
0.11617999
0.1258433
0.13874781
0.14042737
0.13506839
0.12672524
0.13366592
0.13422495
0.14035912
0.14345066
0.13690764
0.12993445
0.13413863
0.14234342
0.15107515
0.14253028
0.14713608
0.14455788
0.14339338
0.13454159
0.13203749
0.13415948
0.13663256
0.13669673
0.13979986
0.14982362
0.15581559
0.15869366
0.15207893
0.147733
0.14134352
0.13540193
0.1284219
0.12886125
0.1411851
0.14972973
0.24210273
0.41635308
0.27118883
0.17971063
0.13786428
0.13191988
0.13920972
0.15072584
0.1605521
0.1492689
0.14009468
0.14214513
0.14322443
0.14147308
0.1322594
0.13835853
0.14223146
0.14126389
0.1337589
0.1404257
0.14903356
0.14975345
0.1417355
0.13846849
0.1352846
0.13241197
0.13109887
0.1315205
0.13899249
0.13607071
0.13604684
0.13143066
0.12280748
0.13088237
0.13446955
0.14758663
0.14200535
0.14042658
0.13397847
0.13443637
0.12768076
0.13471642
0.13013825
0.13572748
0.12132805
0.12733185
0.12590237
0.1361157
0.12701088
0.12297777
0.11917164
0.12846011
0.1317368
0.13126518
0.12951976
0.12765506
0.12923928
0.12587605
0.12904605
0.13546938
0.1443142
0.14339787
0.13837664
0.13463308
0.13037622
0.1262136
0.123485304
0.123505235
0.12009209
0.12771733
0.13003658
0.13509405
0.12988679
0.14235383
0.13681741
0.13547254
0.12629816
0.1312618
0.13522857
0.12961665
0.1387358
0.13411076
0.14497705
0.13887642
0.13587041
0.13281275
0.13038455
0.13833371
0.13993195
0.13584393
0.13021348
0.12399553
0.13061492
0.1260566
0.12073001
0.12135074
0.12965986
0.13676295
0.13399751
0.13308686
0.13166206
0.13000385
0.12764871
0.1288238
0.12519534
0.11871291
0.117851645
0.124532685
0.13238616
0.13126332
0.12935388
0.1259501
0.1241413
0.12171351
0.12276223
0.12846842
0.13067874
0.12848283
0.12880751
0.13153392
0.12848711
0.12542298
0.12515226
0.13028279
0.1380003
0.13573839
0.15166591
0.14297038
0.13804697
0.12179142
0.1213919
0.1220735
0.12383318
0.1250327
0.12066436
0.12124525
0.12035341
0.12590797
0.13094604
0.13520198
0.13539304
0.13063045
0.12270821
0.11362164
0.10934407
0.10961588
0.10952618
0.11027613
0.11405919
0.11602576
0.112690486
0.11146912
0.10610912
0.108468205
0.11132191
0.11515447
0.12543094
0.12876944
0.13102297
0.13139549
0.12670738
0.12223845
0.11417231
0.11547189
0.11499091
0.1180402
0.115944885
0.11808912
0.11321838
0.11197885
0.111947246
0.11042754
0.112955555
0.11181454
0.11804182
0.117579214
0.11798969
0.115287386
0.12115593
0.11661067
0.1154129
0.11165043
0.109332286
0.10677523
0.10532438
0.10790308
0.117881246
0.11805245
0.119577624
0.11929286
0.12155313
0.11299163
0.11510426
0.10964249
0.10782707
0.10570533
0.10610142
0.105561204
0.109953575
0.11759621
0.114631034
0.11596285
0.11713444
0.114714295
0.11019681
0.10904191
0.10799491
0.1071633
0.10767242
0.108904004
0.10754318
0.10948588
0.10727451
0.10830404
0.102919176
0.10149246
0.09813361
0.097207956
0.09433447
0.09537875
0.09675173
0.094720505
0.09591232
0.101044536
0.10027771
0.10609895
0.1043997
0.104154564
0.10772037
0.104249604
0.09818199
0.10038484
0.10024267
0.08806726
0.092494994
0.09269629
0.09433128
0.09666265
0.09782088
0.09386348
0.09467972
0.095797375
0.09092736
0.09272531
0.095438786
0.09504021
0.09565418
0.09753942
0.09570395
0.094979726
0.095997855
0.09218453
0.09308267
0.09162107
0.09465993
0.09122919
0.09123747
0.09103186
0.09320591
0.09217463
0.095222235
0.095658086
0.09385186
0.09697118
0.10264502
0.10282871
0.10216266
0.102613024
0.1065992
0.09991393
0.10117552
0.1060687
0.10797344
0.10854578
0.11575378
0.11247611
0.11429119
0.116946325
0.109780446
0.103859335
0.1072913
0.10114377
0.10014069
0.097023636
0.097719826
0.09714654
0.09995388
0.094324514
0.096071556
0.09416849
0.09496423
0.096513785
0.10430287
0.10929125
0.11502232
0.11332259
0.10964731
0.10613517
0.10463689
0.09893288
0.10291592
0.10287101
0.10250701
0.10650682
0.11231296
0.11363745
0.11980102
0.120678715
0.12253518
0.12319283
0.120191544
0.11948419
0.12129952
0.11361862
0.11572463
0.11782891
0.11494289
0.11263246
0.12091216
0.111491166
0.10743373
0.1075761
0.10802881
0.10563545
0.11100483
0.11564484
0.11823201
0.11838845
0.116536275
0.11671897
0.11428817
0.113748394
0.11017991
0.116892174
0.11789473
0.11681529
0.11717628
0.118595794
0.11161766
0.109204546
0.108041964
0.10972375
0.11309087
0.11124622
0.109107
0.10581162
0.10101946
0.103086285
0.0992066
0.097836345
0.10126183
0.09973137
0.09915634
0.09516414
0.09781873
0.101533055
0.10768803
0.11419176
0.11581925
0.11569317
0.11111204
0.10272179
0.09970473
0.101851545
0.09972168
0.10499593
0.10796563
0.11253177
0.1116316
0.10389536
0.10419825
0.10125012
0.10105601
0.105514966
0.10715523
0.1110253
0.110781305
0.10942027
0.11042395
0.11610986
0.11555859
0.11382391
0.11898086
0.122794256
0.121111125
0.119590804
0.117042325
0.123260595
0.11495211
0.1185435
0.1203915
0.12677288
0.12132986
0.12264985
0.11765632
0.11568544
0.109254405
0.11174098
0.11593695
0.11218165
0.11441846
0.120542385
0.12378976
0.11836301
0.13043611
0.12932242
0.13014524
0.12261566
0.12675582
0.12086889
0.12600788
0.1212447
0.12235833
0.12544619
0.13007015
0.12736535
0.13112092
0.1313754
0.12816127
0.12121773
0.11945542
0.119239144
0.12365458
0.12749706
0.12602971
0.127957
0.123792395
0.11733229
0.11554369
0.1093752
0.11315784
0.1143903
0.12069413
0.12985797
0.132119
0.13779648
0.13757046
0.13728373
0.13578506
0.13818511
0.14095296
0.141146
0.14596772
0.1443194
0.13958092
0.13916379
0.13633512
0.13287362
0.13580118
0.13678108
0.13200302
0.13407193
0.13206522
0.12596665
0.12675358
0.12843768
0.12753552
0.12677456
0.13443255
0.13575187
0.13754945
0.14009991
0.13588287
0.13064735
0.13467675
0.13775001
0.13410598
0.13873933
0.13866644
0.13291208
0.13319278
0.13913912
0.14010204
0.14245674
0.14380954
0.14089307
0.13904735
0.1348696
0.13344635
0.1343545
0.13358682
0.13391042
0.13617045
0.13385385
0.13551784
0.13415636
0.1306815
0.12838091
0.13289982
0.12992129
0.13037722
0.12309252
0.1211025
0.11858329
0.1133305
0.11023241
0.10955451
0.1161521
0.115971416
0.114317834
0.11603645
0.11650882
0.11914325
0.118219204
0.12682417
0.1336043
0.13090084
0.13222109
0.12907934
0.119828485
0.11857329
0.106514625
0.10875721
0.10658536
0.1043656
0.10488205
0.106043205
0.11156496
0.11343127
0.11342146
0.11156833
0.11482255
0.11772782
0.11818593
0.112368815
0.10606995
0.102810144
0.103621654
0.10394729
0.10140104
0.10183691
0.10510945
0.10873229
0.112033315
0.11034714
0.10715669
0.11167498
0.108655736
0.10656669
0.10786389
0.10638906
0.10778451
0.108804554
0.11248063
0.11524566
0.1144094
0.1173306
0.11520357
0.11555838
0.12326964
0.11703543
0.11700475
0.11773472
0.11173217
0.11303579
0.11052202
0.098931514
0.10113374
0.102178216
0.09927272
0.09681604
0.10134356
0.10422481
0.10572288
0.102906175
0.10221592
0.100286946
0.10527138
0.1080615
0.101328894
0.10765553
0.10743507
0.1070277
0.10479719
0.10301664
0.10754245
0.10985409
0.10985854
0.11608153
0.11514615
0.117833704
0.11783695
0.11646425
0.11703913
0.11240615
0.106441766
0.109538406
0.10688486
0.1041552
0.10259218
0.101758756
0.10264245
0.1060194
0.10487665
0.10664462
0.109834924
0.119084634
0.1178454
0.1182983
0.11528446
0.122216254
0.121567145
0.11789957
0.11683351
0.11519713
0.11362427
0.11901768
0.114603184
0.11396235
0.11258515
0.109940626
0.11058915
0.11178764
0.10817026
0.10557523
0.10193889
0.10180278
0.10226701
0.1062211
0.106850386
0.11066529
0.11009334
0.107725844
0.113871284
0.113793224
0.11277723
0.10915271
0.10437108
0.103935316
0.107029445
0.10784361
0.10552891
0.10978381
0.115687475
0.11834022
0.11637235
0.11911541
0.11452501
0.11475482
0.11970687
0.11427815
0.1151584
0.11664113
0.113292016
0.1135464
0.11696324
0.11523063
0.11679431
0.117855415
0.119436845
0.12507601
0.12242565
0.12289839
0.120893106
0.11757031
0.11734987
0.119386025
0.11798916
0.12116947
0.11814904
0.12058599
0.12124153
0.12236242
0.12549528
0.120848805
0.11722248
0.11148351
0.11336907
0.11171502
0.1113414
0.11299679
0.10887615
0.10930255
0.110960834
0.110825
0.11796873
0.11761668
0.12301847
0.118968435
0.11827896
0.121721335
0.12400134
0.11954912
0.11678482
0.11539772
0.1149298
0.11980261
0.11951995
0.1205644
0.117666885
0.11972233
0.1225442
0.12624346
0.12642807
0.12832843
0.12920691
0.13012281
0.12977223
0.13279448
0.1319785
0.13142607
0.1285482
0.12636475
0.12265464
0.12311249
0.1230216
0.120217904
0.11567464
0.11241424
0.11330834
0.11411434
0.112258784
0.11308846
0.105373904
0.10704622
0.106140316
0.11103417
0.111885436
0.111227065
0.11048697
0.105928
0.099378265
0.09952458
0.09965703
0.09707597
0.094231896
0.09051447
0.0889299
0.08662701
0.08947482
0.09151865
0.092924856
0.09645207
0.093408905
0.095876105
0.09698459
0.09960954
0.0996923
0.10081687
0.1026052
0.09763685
0.10004216
0.09755899
0.10133775
0.103586264
0.10176721
0.102249
0.10332512
0.1045206
0.10399826
0.10216725
0.10091495
0.096955635
0.10006552
0.09690775
0.096909374
0.09720473
0.09512642
0.09272779
0.08982471
0.08913236
0.089284934
0.08890659
0.089377396
0.0899699
0.08845569
0.08561654
0.08434514
0.082889825
0.08357717
0.08590165
0.08645369
0.087152444
0.08624158
0.085007414
0.0865389
0.08597182
0.08728914
0.08893933
0.09050135
0.08988542
0.09364106
0.095201865
0.09424811
0.09426254
0.09737539
0.10073794
0.103199996
0.1045996
0.10231808
0.105986446
0.10473503
0.10744757
0.102829814
0.10156126
0.10107981
0.10274861
0.10106073
0.095782585
0.092942
0.09417864
0.097409956
0.09399599
0.09766725
0.09657371
0.098540746
0.09808033
0.10018641
0.10090707
0.09985933
0.105202354
0.10772592
0.10969123
0.10836022
0.1074632
0.1058361
0.103329
0.10209923
0.10192065
0.10567585
0.11061462
0.11190938
0.11533329
0.11220744
0.114312924
0.11591617
0.11816057
0.11969564
0.119293496
0.12064435
0.12342691
0.119855955
0.11478036
0.11431689
0.11627688
0.11496167
0.11821292
0.12095141
0.11907241
0.1207869
0.11956662
0.11438822
0.11384764
0.11504139
0.11396291
0.11365148
0.11235774
0.11018649
0.10741304
0.10454498
0.109653786
0.11132852
0.11337179
0.12019213
0.12180906
0.1241706
0.12992013
0.1282432
0.1278996
0.12955905
0.13014054
0.13189188
0.12682335
0.12456937
0.12873559
0.12608014
0.12779412
0.12338121
0.11867974
0.122758664
0.12570505
0.12921375
0.12733
0.12887122
0.13246769
0.12872836
0.12579072
0.12851791
0.12458718
0.12941149
0.13282894
0.1339394
0.13225842
0.13326153
0.13235836
0.13570146
0.13872413
0.14337942
0.146723
0.14483905
0.15110032
0.15117496
0.1488515
0.15396926
0.15500976
0.1603507
0.1622137
0.16157892
0.1586861
0.1571217
0.1594065
0.15209669
0.15180197
0.14825208
0.14373916
0.14490777
0.14189796
0.14229104
0.14159758
0.13327616
0.1319072
0.12884085
0.12575807
0.12669009
0.12714717
0.12843753
0.12663153
0.12735395
0.12289839
0.1259992
0.12391343
0.12382263
0.12716652
0.1281021
0.12947041
0.1313642
0.1327619
0.13163315
0.13178426
0.13038431
0.12598915
0.1268369
0.1320541
0.13347347
0.13423383
0.13210653
0.13150778
0.13343668
0.13222462
0.13149045
0.13046373
0.13264826
0.13586149
0.13884497
0.14032306
0.13617879
0.13204157
0.12800936
0.1296644
0.12970364
0.13154504
0.13239823
0.13409005
0.13470522
0.1340597
0.13124524
0.12995853
0.13342138
0.13261637
0.13301174
0.13067158
0.13103998
0.13353348
0.13031545
0.13031386
0.13080655
0.12990572
0.12650295
0.12643918
0.12868272
0.12564418
0.12231107
0.123008534
0.123262815
0.12317627
0.122492135
0.12392892
0.12410252
0.12676021
0.12629871
0.12249289
0.12061043
0.117977455
0.11663126
0.11598976
0.1138146
0.11593951
0.118278384
0.11519999
0.115527056
0.11121982
0.10771243
0.10750465
0.10625077
0.10352862
0.10145294
0.09780395
0.095520064
0.09775115
0.09700203
0.0948199
0.096679784
0.09783476
0.09620955
0.09953575
0.09734354
0.09509217
0.094071634
0.09353794
0.09390739
0.09423778
0.0947122
0.09538879
0.09753846
0.099366024
0.09847236
0.10060348
0.105030335
0.10399198
0.10242074
0.10195201
0.105452396
0.1048946
0.104424916
0.10547913
0.102721415
0.104722716
0.10765769
0.106682785
0.108721346
0.11229245
0.11261546
0.110767834
0.109422855
0.10568834
0.10277267
0.103936166
0.10420756
0.10352657
0.10040731
0.09881091
0.095651805
0.09537436
0.09516333
0.09179629
0.089063495
0.08831906
0.08747122
0.087225474
0.086494796
0.08447809
0.08285461
0.08380247
0.084192
0.0813071
0.08220351
0.08248326
0.08235283
0.084604114
0.08636762
0.08605041
0.084016465
0.085943736
0.08710824
0.08764575
0.08688228
0.09023622
0.090790726
0.09056602
0.090197
0.092153616
0.09236502
0.092253126
0.09046292
0.091669716
0.092090815
0.09337573
0.09105385
0.090973854
0.090417475
0.09302741
0.092417985
0.09221095
0.09123999
0.090468094
0.08800504
0.08739258
0.08625304
0.08658171
0.08716923
0.08635923
0.085103914
0.08552216
0.08513537
0.08359375
0.08295245
0.083263405
0.08464207
0.08337766
0.08175262
0.08001675
0.08025952
0.07877224
0.07813909
0.07795656
0.07807988
0.0776371
0.07934397
0.080178015
0.07854006
0.07922563
0.07802251
0.07749843
0.078007445
0.078161806
0.07974931
0.07910486
0.081605956
0.08192832
0.08077122
0.081704654
0.08087225
0.083013915
0.08319126
0.08504993
0.087784134
0.08595229
0.08480703
0.08387496
0.084366046
0.084645234
0.08761548
0.088828474
0.09067545
0.09134013
0.09050151
0.08949085
0.08794544
0.08803203
0.09102948
0.08854063
0.08724298
0.087664925
0.08582264
0.08649104
0.08759327
0.08802464
0.08692023
0.08700021
0.08697865
0.0882756
0.086463116
0.08756928
0.087362476
0.0882607
0.08856896
0.089460164
0.09072935
0.09094228
0.091525815
0.09284366
0.09143298
0.090651244
0.089146204
0.08877126
0.089557506
0.0914139
0.09284974
0.091149636
0.090960346
0.09168737
0.09265286
0.09191902
0.09067212
0.09161921
0.092883006
0.09282549
0.094511926
0.09391901
0.093765564
0.09393798
0.094225384
0.09146886
0.08912919
0.089825995
0.088038385
0.08661797
0.08654543
0.08667944
0.08578323
0.086187765
0.08740061
0.08666138
0.08621715
0.08574616
0.084580444
0.08340407
0.083870284
0.08519767
0.08429701
0.085696734
0.08561243
0.086151354
0.087073594
0.08812984
0.08735847
0.087550625
0.08785971
0.08845942
0.08914879
0.0903841
0.09123796
0.09258404
0.09130108
0.09211697
0.09075087
0.09124627
0.091130875
0.09202331
0.09325754
0.096247025
0.09799365
0.09788072
0.09860394
0.09941744
0.10114295
0.10279199
0.10336142
0.104191124
0.10523618
0.1046171
0.10328463
0.101612076
0.09815766
0.09749418
0.09586412
0.09486414
0.093979314
0.09452501
0.092049554
0.090430185
0.08856266
0.08846774
0.0887834
0.08674573
0.08633888
0.086086646
0.08414562
0.08350356
0.081960954
0.082106866
0.08146077
0.07965204
0.0794043
0.077909775
0.078022294
0.07690689
0.07604355
0.07591643
0.07568895
0.075541526
0.07476666
0.073710784
0.07361783
0.07228987
0.0723018
0.07183675
0.07169627
0.071117654
0.07041974
0.06914218
0.068307266
0.067703396
0.067061834
0.06610734
0.06524581
0.0642395
0.06310282
0.062366884
0.06121588
0.060720425
0.059842914
0.05881114
0.058034316
0.057096686
0.056203343
0.055351563
0.05453884
0.05376288
0.053021573
0.052312966
0.051635265
0.050986808
0.050366055
0.04977159
0.04920208
0.048656307
0.04813312
0.04763146
0.047150332
0.046688817
0.046246048
0.045821216
0.045413565
0.04502239
0.044647034
0.044286866
0.04394131
0.04360982
0.043291878
0.042987004
0.042694747
0.04241468
0.042146403
0.041889533
0.041643724
0.04140864
0.041183963
0.040969405
0.040764682
0.040569536
0.040383723
0.040207006
0.040039178
0.03988003
0.039729375
0.039587036
0.039452843
0.03932664
0.03920829
0.039097648
0.0389946
0.038899027
0.03881082
0.038729884
0.038656134
0.038589485
0.038529865
0.038477216
0.038431477
0.0383926
0.038360544
0.03833527
0.03831676
0.038304992
0.038299948
0.038299948
0.038299948
0.038299948
0.038299948
0.038299948
0.038299948
0.038299948
0.038299948
0.038299948
0.038299948
0.038299948
0.038299948
0.038299948
0.038299948
0.038299948
0.038299948
0.038299948
0.038299948
0.038299948
0.038299948
0.038299948
0.038299948
0.038299948
0.038299948
0.038299948
0.038299948
0.038299948
0.038299948
0.038299948
0.038299948
0.038299948
0.038299948
0.038299948
0.038299948
0.038299948
0.038299948
0.038299948
0.038299948
0.038299948
0.038299948
0.038299948
0.038299948
0.038299948
0.038299948
0.038299948
0.038299948
0.038299948
0.038299948
0.038299948
0.038299948
0.038299948
0.038299948
0.038299948
0.038299948
0.038299948
0.038299948
0.038299948
0.038299948
0.038299948
0.038299948
0.038299948
0.038299948
0.038299948
0.038299948
0.038299948
0.038299948
0.038299948
0.038299948
0.038299948
0.038299948
0.038299948
0.038299948
0.038299948
0.038299948
0.038299948
0.038299948
0.038299948
0.038299948
0.038299948
0.038299948
0.038299948
0.038299948
0.038299948
0.038299948
0.038299948
0.038299948
0.038299948
0.038299948
0.038299948
0.038299948
0.038299948
0.038299948
0.038299948
0.038299948
0.038299948
0.038299948
0.038299948
0.038299948
0.038299948
0.038299948
0.038299948
0.038299948
0.038299948
0.038299948
0.038299948
0.038299948
