1663.7574
562.6297
259.9239
184.36716
145.27007
120.53505
103.09888
89.73891
79.41448
71.0922
64.25615
58.49322
53.758198
49.45464
45.769825
42.67438
39.8696
37.180233
34.90759
32.850296
31.08862
29.314793
27.811655
26.372282
25.0416
23.892878
22.93632
21.782257
21.08824
20.299515
19.258308
18.553709
17.882822
17.03445
16.424093
15.795411
15.225345
14.713695
14.395481
13.809573
13.244666
12.926052
12.445772
12.109325
11.720256
11.387812
11.190458
10.830134
10.432741
10.115033
9.85753
9.60268
9.352242
9.235055
9.011503
8.631058
8.391358
8.229072
8.050709
7.8753905
7.6827183
7.6290703
7.383214
7.1595144
7.0079837
6.8491316
6.7157884
6.6441407
6.4778585
6.3406057
6.1757283
6.114261
5.976876
5.816064
5.7000227
5.6153545
5.5171413
5.4453692
5.3169804
5.2116437
5.1413445
5.0248837
4.914648
4.8417277
4.775767
4.706813
4.629212
4.571586
4.4815016
4.4887652
4.368088
4.2653103
4.206141
4.1633596
4.116369
4.034514
3.9594862
3.927898
3.8715706
3.8147738
3.7533557
3.7208934
3.6589317
3.6221204
3.5809057
3.574607
3.5073311
3.4371567
3.3972123
3.3483572
3.3262675
3.2819288
3.2787924
3.191317
3.1806595
3.150736
3.0975401
3.0376334
3.033282
2.986329
2.9319432
2.9380915
2.8627374
2.861324
2.8916378
2.7903352
2.7565362
2.7526035
2.725333
2.6854725
2.6521342
2.6559951
2.6108727
2.593182
2.5734508
2.545307
2.529646
2.5050337
2.4952762
2.4714105
2.433199
2.3935556
2.381265
2.372171
2.3475168
2.3167188
2.3036807
2.2812314
2.266849
2.2525272
2.2368176
2.2063239
2.200003
2.1757877
2.1605034
2.151108
2.1318727
2.1078424
2.0980291
2.086963
2.0614753
2.0622776
2.0244658
2.014545
2.0456612
2.0012815
1.9970042
1.978327
1.9815679
1.9560145
1.9305
1.9137942
1.895684
1.9047105
1.8983608
1.8793346
1.8899822
1.8531405
1.9030915
1.8820192
1.8192152
1.811971
1.8091887
1.7914124
1.7960253
1.7675828
1.7458787
1.7469265
1.7406617
1.7249494
1.7122785
1.7006155
1.6820791
1.6685772
1.6558608
1.6596047
1.6414282
1.6314816
1.6206412
1.6150365
1.6056943
1.5941116
1.5808026
1.582704
1.5674475
1.5652481
1.5537454
1.5391333
1.5358152
1.538519
1.5177686
1.5104735
1.5019248
1.5038227
1.4973888
1.4838142
1.4745294
1.4762534
1.4726474
1.4684657
1.4496188
1.4473357
1.4489902
1.4337167
1.4231929
1.419324
1.4166061
1.4060583
1.4122604
1.4280897
1.4024926
1.3872256
1.3847517
1.3768957
1.3739561
1.3642399
1.3715966
1.3562595
1.3564978
1.3480341
1.3440765
1.3453628
1.3400108
1.3367095
1.333248
1.3179672
1.3230815
1.3240548
1.3224994
1.2954658
1.3008293
1.2989198
1.2878867
1.2852396
1.2820731
1.2761407
1.2751977
1.2761697
1.2672082
1.2628567
1.2670121
1.2584505
1.2486327
1.2525624
1.2476563
1.2635416
1.2411108
1.2372802
1.2288994
1.2347462
1.2285542
1.2298445
1.2350106
1.2169732
1.2200255
1.2130526
1.2215064
1.2108234
1.2177422
1.2160032
1.2281164
1.1985632
1.2029481
1.2117928
1.2009884
1.2093662
1.2008314
1.205299
1.1979659
1.1967306
1.1868734
1.1919119
1.182915
1.1781765
1.1832699
1.1704949
1.1726536
1.1737626
1.1734775
1.159848
1.1733818
1.1526631
1.1583849
1.1511563
1.1593221
1.1484983
1.1376292
1.1361877
1.1328639
1.1307621
1.1414552
1.1257484
1.1222612
1.1218429
1.122255
1.122946
1.1248604
1.1177241
1.1200192
1.1258827
1.1103685
1.1111312
1.1131876
1.1149154
1.1085464
1.0983459
1.105541
1.1092998
1.0994285
1.1060963
1.1014513
1.096772
1.0928698
1.0819758
1.079134
1.0792723
1.0786225
1.0754021
1.0820223
1.0808582
1.0714562
1.0683681
1.0775622
1.073886
1.0688584
1.0794377
1.0697739
1.0668364
1.064709
1.0613137
1.0582494
1.0589248
1.0497819
1.0584936
1.0515049
1.0564172
1.0484973
1.0512426
1.0365883
1.0360965
1.0461836
1.0351503
1.0299313
1.0374395
1.0326539
1.0315945
1.0243107
1.0315616
1.0332208
1.0218405
1.0255688
1.0202886
1.0183083
1.0123378
1.0058309
1.0127525
1.0109215
1.0169697
1.0065188
1.0076767
1.0103911
1.008952
1.0008006
1.0034387
1.0120085
1.0024366
1.0070705
1.0070562
1.0033776
1.004868
0.9954667
0.9925131
0.999669
0.99112356
0.98980254
0.99345523
0.98314583
0.99286664
0.97538507
0.98195386
0.9773979
0.9805307
0.981689
0.97424287
0.96855885
0.9750383
0.9691072
0.97087526
0.9650959
0.96951836
0.9711762
0.9587095
0.95647717
0.9620249
0.94867796
0.9572671
0.96164876
0.95370686
0.95726466
0.94849324
0.9464992
0.94523084
0.9426935
0.94401276
0.9351781
0.9377383
0.9424342
0.9473155
0.93365175
0.93697226
0.9295414
0.9320284
0.933852
0.92362386
0.9192132
0.92231137
0.9211835
0.91448367
0.92194325
0.91671467
0.9238647
0.916263
0.91880816
0.91775155
0.9150211
0.91200095
0.9082047
0.9072563
0.91117305
0.91193193
0.89837426
0.9056309
0.9052642
0.9009168
0.89134413
0.90198493
0.89881694
0.89847463
0.89427084
0.8926824
0.8980341
0.8940183
0.8837081
0.89485234
0.88850343
0.8843293
0.8872906
0.8812325
0.88600236
0.88576084
0.8804674
0.88862526
0.8820111
0.8735312
0.87780416
0.8764252
0.87469715
0.87550986
0.86798894
0.8704827
0.8758529
0.8795515
0.88409185
0.89206654
0.87750614
0.870815
0.87468433
0.87511116
0.873483
0.8739472
0.8821694
0.86786145
0.8656542
0.8656838
0.87133145
0.8735128
0.86169434
0.8717211
0.87012976
0.86924195
0.8623028
0.86488026
0.8708129
0.86670613
0.8734248
0.87178314
0.871438
0.858614
0.86482465
0.862448
0.8555052
0.8594622
0.8607002
0.89955634
0.86538965
0.8678528
0.8616285
0.861225
0.86610955
0.8651627
0.86433226
0.8602885
0.8609573
0.86349785
0.8586682
0.8507665
0.8763407
0.8551593
0.8541442
0.8467537
0.856355
0.84821814
0.8573828
0.8420448
0.8522939
0.8510091
0.8536724
0.8465239
0.8456726
0.84705555
0.8503725
0.8433975
0.84555376
0.8408112
0.8458749
0.8408948
0.84868467
0.85050803
0.8501044
0.8406633
0.8392144
0.8507583
0.8370604
0.83999354
0.8428723
0.84697723
0.84391946
0.8506104
0.84526783
0.84223306
0.8463961
0.84891725
0.84741586
0.84164065
0.84222215
0.84630996
0.84904754
0.8494896
0.8492808
0.8522178
0.84435374
0.8429197
0.8418553
0.84978396
0.84478056
0.84598154
0.84818393
0.8456576
0.8513565
0.8427579
0.8463333
0.84839356
0.8407162
0.83663857
0.8430665
0.8480483
0.8414031
0.8483751
0.8368948
0.8410198
0.8307336
0.839528
0.8346674
0.83869874
0.83440655
0.8374221
0.839315
0.8398714
0.8294701
0.8304058
0.8350506
0.8345256
0.83990514
0.83496493
0.835355
0.8387871
0.82798946
0.8300582
0.83417964
0.8307888
0.8343511
0.8303386
0.8235234
0.82772106
0.8242229
0.83055687
0.8154901
0.8229251
0.8282791
0.8233071
0.8277062
0.816818
0.8197445
0.8364823
0.82103896
0.8180023
0.8286042
0.8301057
0.81333786
0.81581706
0.8140196
0.8219308
0.817677
0.81640774
0.8145095
0.8118598
0.8166442
0.81077445
0.80947393
0.81863403
0.8138819
0.80485904
0.80721015
0.80445606
0.8001775
0.80741376
0.8026015
0.80036324
0.80269
0.80687803
0.80402833
0.80726105
0.8112344
0.7995766
0.8047361
0.809015
0.80005825
0.8056729
0.7998643
0.79892546
0.80082566
0.8032223
0.8030271
0.799846
0.7982513
0.80245596
0.80568105
0.80687064
0.7988734
0.8006802
0.8010733
0.80213547
0.8016016
0.8060728
0.7944384
0.8097808
0.79943335
0.8022197
0.79915667
0.8006655
0.79826915
0.7981589
0.7965476
0.79400957
0.80678064
0.7956735
0.7974459
0.80226636
0.79610217
0.79976714
0.79589903
0.80026007
0.80174935
0.7896028
0.78825605
0.7976494
0.79481256
0.79250515
0.7927994
0.7946127
0.79576296
0.801531
0.7957551
0.7914123
0.7905704
0.78727853
0.78983253
0.7984634
0.80079967
0.79661524
0.79390496
0.80206794
0.8000343
0.7946994
0.7883941
0.78487015
0.78978103
0.7938046
0.786068
0.79026246
0.7903773
0.7964746
0.77574813
0.7889734
0.7779257
0.78941923
0.7828294
0.785368
0.78363085
0.7843452
0.7854458
0.77625114
0.77756405
0.7829537
0.7877913
0.7763491
0.78076965
0.78179884
0.7799937
0.7761641
0.77457505
0.7732367
0.77636665
0.7734187
0.7761228
0.77126676
0.781497
0.77285
0.7736871
0.77150756
0.7717128
0.76954484
0.7708368
0.765473
0.7686767
0.76609594
0.7584947
0.7606902
0.76712316
0.7661603
0.7610029
0.76074797
0.7666946
0.7670289
0.7677534
0.762676
0.7539268
0.76133114
0.7608451
0.758522
0.75551397
0.76091164
0.7560469
0.75608325
0.75579727
0.75929284
0.74732125
0.7554016
0.75825423
0.7514413
0.742945
0.7548301
0.757
0.75227535
0.74951804
0.7546884
0.7538202
0.75282395
0.7610105
0.7574813
0.7496978
0.76071984
0.75686234
0.7551973
0.7510355
0.7471785
0.7513213
0.75067157
0.7512629
0.75425035
0.74715143
0.7458858
0.751776
0.74925745
0.74658823
0.7503255
0.75277364
0.74888605
0.75119007
0.7494999
0.75525767
0.75206274
0.7488587
0.74745554
0.7458227
0.75354004
0.7492664
0.7453301
0.7466741
0.74669355
0.7498801
0.7557801
0.7478574
0.7556567
0.74740106
0.74911
0.7547031
0.74666137
0.75114346
0.74499846
0.7396867
0.7474832
0.7445681
0.7415354
0.74465495
0.74439913
0.73816675
0.7425021
0.7471707
0.74283147
0.74503785
0.7409678
0.73919713
0.73697704
0.7372958
0.7351961
0.74464715
0.7413131
0.7313978
0.733542
0.7288293
0.73220754
0.7293204
0.73227423
0.73216766
0.7283107
0.72955453
0.73042375
0.7297846
0.7308498
0.72422665
0.7243073
0.72774124
0.7265795
0.7274515
0.72092485
0.7259337
0.72855365
0.71618915
0.72562724
0.7261934
0.7284463
0.72393364
0.7145201
0.71413314
0.7199266
0.7164571
0.71369636
0.71628845
0.7222496
0.7118538
0.70886815
0.7093063
0.7174691
0.71282667
0.7196613
0.7046652
0.7084972
0.7094157
0.7119488
0.70828396
0.70111513
0.70645136
0.70801026
0.70994294
0.70272344
0.7030996
0.6982086
0.701431
0.70151675
0.7082615
0.7039734
0.70706856
0.6976805
0.69438136
0.7055704
0.6940963
0.70132893
0.7050113
0.70844465
0.6986863
0.69967496
0.69934183
0.69957376
0.70062184
0.7017398
0.6913739
0.69144046
0.69721127
0.6946524
0.69992214
0.69505733
0.6935476
0.6964075
0.6970501
0.6948575
0.69073975
0.70091236
0.69974476
0.6931756
0.6939409
0.69133633
0.69760394
0.6876322
0.6945063
0.69334996
0.6845689
0.69245815
0.6933075
0.68738115
0.69712645
0.6936908
0.6847622
0.6870058
0.6840956
0.69164157
0.6880734
0.69225436
0.6924642
0.6806544
0.6875092
0.683448
0.6791377
0.6813695
0.6843009
0.6871322
0.6822437
0.68940055
0.6868189
0.68243766
0.6753516
0.68263566
0.669023
0.67982066
0.6729639
0.6701942
0.67031056
0.67960596
0.6752554
0.67173463
0.6688877
0.67337316
0.6763614
0.6750022
0.67592824
0.6733991
0.67209876
0.680916
0.66903424
0.6845474
0.6790326
0.67052156
0.67112774
0.67604774
0.6767039
0.6781974
0.6841879
0.67601335
0.6745088
0.6687179
0.67728513
0.6788767
0.67753124
0.66863817
0.6749049
0.67903346
0.6739796
0.681457
0.6776525
0.6670119
0.67129576
0.67487633
0.6711362
0.67011774
0.6737202
0.6728362
0.67237705
0.6728246
0.6721718
0.6790647
0.6748641
0.68070066
0.6682091
0.67466927
0.670404
0.6773683
0.6716805
0.6748203
0.6766494
0.6757764
0.6725304
0.673402
0.67672914
0.6752945
0.6682211
0.67166144
0.66206956
0.6711161
0.67905635
0.66791636
0.6715737
0.6728134
0.67167675
0.6708602
0.6689699
0.6747313
0.67118573
0.6708944
0.6751721
0.672136
0.67619616
0.67292917
0.6719345
0.673393
0.66795814
0.65747136
0.6736977
0.6563625
0.6679889
0.66634065
0.6656895
0.66593474
0.6711473
0.67310023
0.65988296
0.66490006
0.6623578
0.6576805
0.66276294
0.6610029
0.65996695
0.66251796
0.6637823
0.65961176
0.660457
0.65790075
0.65774935
0.6629466
0.66211814
0.6582481
0.6580748
0.65757024
0.6539561
0.65600497
0.6574803
0.64421237
0.64690953
0.66197014
0.64634997
0.6466219
0.6494137
0.64553016
0.64450395
0.65283996
0.64429736
0.65315497
0.64671665
0.6453534
0.64414275
0.65003896
0.64398164
0.64706445
0.6443359
0.6518862
0.6431766
0.6503895
0.6498607
0.6509888
0.646735
0.64802456
0.64565974
0.644786
0.6447863
0.6456889
0.65479845
0.6478826
0.64183563
0.6497111
0.64788455
0.6491204
0.64468044
0.64509195
0.6448985
0.64388233
0.6449986
0.64693654
0.65037066
0.64425987
0.64230996
0.6467714
0.6435791
0.6416525
0.6458127
0.64172655
0.6386765
0.6390145
0.6477327
0.64271295
0.64425755
0.6428334
0.6348511
0.64225113
0.64281493
0.64381206
0.633251
0.63509697
0.6383848
0.64401054
0.647637
0.6513009
0.6436458
0.6410163
0.63047546
0.636898
0.646196
0.6353598
0.63833135
0.63355434
0.64521956
0.63711816
0.64184785
0.638851
0.6385731
0.64211696
0.6448718
0.6400703
0.639561
0.6484662
0.6429821
0.6413937
0.6428432
0.639126
0.64455837
0.647768
0.6410532
0.6422674
0.63914883
0.6360849
0.6385375
0.63991654
0.6417849
0.6335147
0.63941056
0.63352126
0.637359
0.64235085
0.63201123
0.62733406
0.6259286
0.6323094
0.635056
0.63015443
0.62510145
0.6209427
0.6246043
0.62598354
0.6295765
0.6229099
0.61832076
0.62129194
0.62866217
0.62098736
0.6206987
0.6243638
0.6214134
0.6214797
0.6173641
0.6247109
0.6173808
0.6192426
0.61869204
0.6190516
0.6188666
0.616821
0.6085488
0.6144744
0.61875534
0.614153
0.6117185
0.61614144
0.615684
0.6076385
0.60882986
0.6091406
0.60838634
0.6145726
0.62198263
0.61078924
0.60785294
0.60843915
0.6081925
0.6053348
0.60712624
0.6071802
0.5987481
0.5979254
0.59946257
0.60278594
0.60415107
0.5988808
0.5999496
0.5950558
0.5939105
0.593799
0.5949535
0.5940538
0.59237576
0.59187096
0.5979852
0.59282565
0.59562624
0.5956971
0.59077746
0.5924465
0.5903945
0.58953327
0.5931243
0.5905563
0.5899292
0.5945438
0.5870806
0.59089994
0.5854674
0.5913568
0.59402204
0.59330726
0.5969832
0.5909412
0.5841716
0.5952633
0.59102744
0.58928925
0.5975532
0.58904856
0.58765626
0.5905811
0.58732605
0.58295244
0.58381647
0.59358156
0.5952002
0.58944774
0.5922808
0.594443
0.5834971
0.5887012
0.58878934
0.5923222
0.59335077
0.59205836
0.5897494
0.5975109
0.5930178
0.5914887
0.59343725
0.58991456
0.59280425
0.5899403
0.5888041
0.60144556
0.5967222
0.6069399
0.6030223
0.59267145
0.5914824
0.5931578
0.5973296
0.5920448
0.5886871
0.59583694
0.5976316
0.5914225
0.5918326
0.588557
0.5974087
0.5941695
0.5951635
0.59038
0.5971713
0.60071254
0.59432304
0.5966169
0.5911049
0.5965664
0.5860319
0.59199774
0.58784986
0.59632605
0.58927023
0.5863462
0.58899
0.5845848
0.5875615
0.5918441
0.58887863
0.59085494
0.5873045
0.5818751
0.59090036
0.5918078
0.59063965
0.5887275
0.58929724
0.5924996
0.5858522
0.5820117
0.5840279
0.5819485
0.5817853
0.58740336
0.58288217
0.5829501
0.58519155
0.5802651
0.58255285
0.5840799
0.58000827
0.5806897
0.5803397
0.5852077
0.5819808
0.58030856
0.5846614
0.5729207
0.5763702
0.58093834
0.57604396
0.5771803
0.5825505
0.5794922
0.5812155
0.57547534
0.5835622
0.576399
0.57826877
0.579505
0.5772591
0.58010894
0.57451266
0.578805
0.57636774
0.5735342
0.57360375
0.58015436
0.57630104
0.58346915
0.57323927
0.5769304
0.5781805
0.5761946
0.56846076
0.57025033
0.5722875
0.57666725
0.5673506
0.5717994
0.5769784
0.5736118
0.5780858
0.5748762
0.58041924
0.5727251
0.56867117
0.5729013
0.5844438
0.56625456
0.5745446
0.57069105
0.57619375
0.571025
0.5703684
0.5706798
0.57708234
0.5776919
0.57022345
0.56025547
0.5769635
0.57458293
0.5773731
0.5798769
0.5715087
0.57633334
0.5757161
0.56731045
0.5770219
0.58135164
0.5722323
0.5732793
0.5708074
0.5750902
0.57602835
0.5753141
0.58031714
0.57210326
0.5732929
0.5756871
0.5753403
0.57001734
0.57474655
0.5701439
0.57940257
0.57261586
0.5703987
0.56825644
0.5731776
0.5763903
0.5637521
0.56963813
0.57339674
0.5771866
0.57292616
0.5771221
0.5720326
0.57136863
0.5728841
0.5680669
0.57113296
0.56949997
0.5725374
0.56866115
0.5698052
0.56717294
0.56545866
0.56814617
0.56240946
0.5609715
0.5671776
0.56867087
0.5647265
0.5592449
0.5607619
0.5670984
0.56154245
0.5690492
0.56257224
0.55810785
0.55840254
0.56598914
0.55619824
0.56201524
0.5567181
0.5549051
0.570526
0.56325495
0.55473167
0.55632854
0.55047196
0.5551305
0.5458458
0.55033666
0.55113345
0.552999
0.553655
0.54487276
0.55216956
0.5484556
0.545445
0.54432136
0.5476898
0.5426817
0.5432921
0.5440253
0.5461617
0.5390887
0.5440281
0.5432867
0.5452645
0.5399687
0.54326665
0.539863
0.54195225
0.53891796
0.5410571
0.5385544
0.53545916
0.5333263
0.53948367
0.5425642
0.540374
0.53216124
0.5367882
0.5317094
0.54189575
0.53288114
0.53227305
0.533524
0.5394642
0.53588533
0.5296398
0.5335674
0.5298908
0.524778
0.5303124
0.52525824
0.5273113
0.5291207
0.5293179
0.5288395
0.52976644
0.5277198
0.5301624
0.5281054
0.5292182
0.5230842
0.5214232
0.525357
0.52509385
0.52536535
0.52969325
0.5287933
0.5294424
0.5281791
0.5275239
0.5228212
0.529385
0.5257809
0.52269125
0.5278791
0.520707
0.51513475
0.5218433
0.5207091
0.5239935
0.5255302
0.5237076
0.5222868
0.5196069
0.5210461
0.5196469
0.5190543
0.5188306
0.51941276
0.5117954
0.5207736
0.5143095
0.520335
0.51555896
0.5175295
0.51424503
0.52796805
0.5200574
0.51794374
0.51704174
0.5164
0.51211524
0.5173072
0.51744235
0.5271094
0.51545
0.5172409
0.5184911
0.5185425
0.52071357
0.52164245
0.51625776
0.5238587
0.5165644
0.5179474
0.5207554
0.5199207
0.52572167
0.52190673
0.52226967
0.5197033
0.5172219
0.5119392
0.5240445
0.52146924
0.52224386
0.5249277
0.52451575
0.5200004
0.51756305
0.5196057
0.5221514
0.52628225
0.5223007
0.52388066
0.5264187
0.5215108
0.5226393
0.52485204
0.520842
0.5280732
0.51839083
0.52260274
0.51522887
0.5153294
0.5236822
0.5113026
0.5263986
0.52471286
0.51946473
0.51607615
0.5249042
0.5190233
0.51946616
0.5174422
0.5182362
0.51488274
0.5163637
0.5204736
0.51376516
0.5035325
0.5122617
0.51660055
0.5126041
0.5119802
0.50646245
0.51395065
0.5147094
0.51218754
0.5103988
0.5097059
0.508558
0.5071426
0.5086319
0.511697
0.5134461
0.5138576
0.5136618
0.50621915
0.5109486
0.50764555
0.5111741
0.5076784
0.5151418
0.50755364
0.5026401
0.5048399
0.50306654
0.5004787
0.5057579
0.50560176
0.499256
0.49993446
0.50614226
0.50292
0.4919698
0.49960038
0.49299654
0.4973574
0.495263
0.50451607
0.49996066
0.5042861
0.49182183
0.49926883
0.5020623
0.5000511
0.49946713
0.49202672
0.49851665
0.49715728
0.49437982
0.50107694
0.49088022
0.49650875
0.4929676
0.4948761
0.50130194
0.49311
0.4983636
0.4941716
0.49703726
0.494822
0.4947168
0.49777374
0.5037219
0.49568203
0.49830565
0.486691
0.48933885
0.48626637
0.49570534
0.4924759
0.48662847
0.50123197
0.49382058
0.49442628
0.48932505
0.49337298
0.48871484
0.49683896
0.4931064
0.49390018
0.49254695
0.4957932
0.4851951
0.48888332
0.4845477
0.48862985
0.48464108
0.49026573
0.49547732
0.49232233
0.49113208
0.49216267
0.48686174
0.49397922
0.48895213
0.48529962
0.4829246
0.49404174
0.49062154
0.48291555
0.48742682
0.48781005
0.48654017
0.4880198
0.4796135
0.49179527
0.48038596
0.4772899
0.4914337
0.49000874
0.49054477
0.48992664
0.48257464
0.47945893
0.48972508
0.48794904
0.4836526
0.47606045
0.48270077
0.48426387
0.4815433
0.48175466
0.47854763
0.47844997
0.47731063
0.4847052
0.48194623
0.47165132
0.4837548
0.48239684
0.47808638
0.48397142
0.48145726
0.47602174
0.48453432
0.47689188
0.48056257
0.4813383
0.48197213
0.4812992
0.48379058
0.48106852
0.47529078
0.4829166
0.4834941
0.4810174
0.48487267
0.48016518
0.48035696
0.4803637
0.48354656
0.48533902
0.4846614
0.48634613
0.47737432
0.48345506
0.48757023
0.48493972
0.48024586
0.47843844
0.48497194
0.48300022
0.48107585
0.47589907
0.47779223
0.4698431
0.47575048
0.48527008
0.4764315
0.47545153
0.47089523
0.474245
0.4743392
0.47863272
0.47248057
0.47808227
0.47485596
0.475193
0.47415164
0.4808341
0.46690658
0.47420853
0.46630073
0.47481173
0.47238502
0.47069204
0.46436328
0.47498277
0.47010702
0.47267854
0.474733
0.46652275
0.47009706
0.47128284
0.47459212
0.4720532
0.47890127
0.4696522
0.4707436
0.47126266
0.47666448
0.4722525
0.46926358
0.46685314
0.4652996
0.46456203
0.47117698
0.47295985
0.47260314
0.4696923
0.46506813
0.4628483
0.47247288
0.46651837
0.4722823
0.46747118
0.46624935
0.46762407
0.46841696
0.4693172
0.4665708
0.4682969
0.46831208
0.46927664
0.4650901
0.47019252
0.46779162
0.4668294
0.46290588
0.46454147
0.464669
0.46580124
0.46212298
0.46511
0.46532488
0.46912083
0.46724904
0.46104315
0.46703157
0.46110532
0.4634105
0.46740007
0.45911965
0.46436587
0.46467254
0.46779546
0.46772394
0.46230495
0.46216828
0.4610258
0.46724617
0.4665601
0.46399385
0.45924947
0.46155295
0.46214873
0.46520272
0.46766707
0.46095166
0.46723446
0.46179706
0.46727398
0.4601492
0.4559385
0.4620732
0.4556333
0.46417323
0.45477796
0.45784825
0.4547983
0.46261445
0.460484
0.45230964
0.45821154
0.45377702
0.4570002
0.4608504
0.45463493
0.46061006
0.45215663
0.45400938
0.45588148
0.45479998
0.4588732
0.45522934
0.46584827
0.4592527
0.4596008
0.45586762
0.45296583
0.4575125
0.45711708
0.4525701
0.46177322
0.46087715
0.45879614
0.45786437
0.46451527
0.45916727
0.46161664
0.45042875
0.45787376
0.4585789
0.45446876
0.45682722
0.45607334
0.45635447
0.46283716
0.4602598
0.4606981
0.46341693
0.45910153
0.45573658
0.45377395
0.4569078
0.45433512
0.46195933
0.4642143
0.4556835
0.45019692
0.45255533
0.44801256
0.45337433
0.4500199
0.45361605
0.45593184
0.45444623
0.45069164
0.45084634
0.45558777
0.45623884
0.45793766
0.4538442
0.45017776
0.44725356
0.45129406
0.44585133
0.44798088
0.44785354
0.4501916
0.44784707
0.44747093
0.4519041
0.44908795
0.44706076
0.45288968
0.44759312
0.4547592
0.44573164
0.4498937
0.44575948
0.4503904
0.45474994
0.44876668
0.4448173
0.44610187
0.44726855
0.44876108
0.45007744
0.45266214
0.44256338
0.44856742
0.44488856
0.44334823
0.45019758
0.44557518
0.44477147
0.43892244
0.44550025
0.44070774
0.44033185
0.43741268
0.43870953
0.44118327
0.43880966
0.43431842
0.43838248
0.44075924
0.4389973
0.4383765
0.43467256
0.4403931
0.43665525
0.42857546
0.43929586
0.43102914
0.42953664
0.4366977
0.43930128
0.44363812
0.4382857
0.43081567
0.43644065
0.43224907
0.43935135
0.4378599
0.4331357
0.43947756
0.4286175
0.4344866
0.43739954
0.4386438
0.4396714
0.43365288
0.4441541
0.43656516
0.43030626
0.4347815
0.43630874
0.43455243
0.4345609
0.43563712
0.43272543
0.43204635
0.43130988
0.43426928
0.43794832
0.4297417
0.42819336
0.4264913
0.43608913
0.4314749
0.43191755
0.42956313
0.42834297
0.42449355
0.43882728
0.4303375
0.43713272
0.4303507
0.4345913
0.4285427
0.4353394
0.44110084
0.4276646
0.43697476
0.43551242
0.43384653
0.4296039
0.43251115
0.4348342
0.43586665
0.43351257
0.43723425
0.4368511
0.43698007
0.4328242
0.43305495
0.42945677
0.4321867
0.4293506
0.42882925
0.42752653
0.43165094
0.4293114
0.42987484
0.43100923
0.42162636
0.43356693
0.42731845
0.42228585
0.4327274
0.4189498
0.4275572
0.42703187
0.42597628
0.4299801
0.4247981
0.423943
0.42856836
0.42548686
0.42529523
0.42521265
0.4236996
0.427554
0.42420375
0.42888469
0.4240613
0.41908398
0.42349297
0.4258731
0.42854097
0.42200774
0.4296882
0.4220157
0.42511168
0.42403805
0.41913757
0.42666662
0.42024574
0.42254165
0.4248724
0.42367128
0.42086783
0.42459184
0.42354834
0.4221722
0.42424384
0.41897586
0.42352337
0.4190138
0.42389736
0.4229534
0.41915038
0.4181136
0.4187363
0.4229551
0.41648743
0.41879383
0.41749972
0.4213015
0.41389987
0.4185309
0.4193856
0.42034483
0.41107935
0.41994336
0.41530406
0.41399294
0.4155821
0.4205092
0.41431895
0.41302484
0.41254696
0.4088081
0.41225874
0.41820407
0.41849864
0.41634312
0.4107467
0.41497976
0.42616126
0.41475287
0.41426525
0.41894412
0.415278
0.41663116
0.41714576
0.41785583
0.4118865
0.41712752
0.40839568
0.4118744
0.41356575
0.40890244
0.41492787
0.4067126
0.40524134
0.4069388
0.41348308
0.40671718
0.4116048
0.40759972
0.40959385
0.40912896
0.40552357
0.4088134
0.4038813
0.40777978
0.41169465
0.41002217
0.41198736
0.40952626
0.40854767
0.4032381
0.41179335
0.4020974
0.4088545
0.4041648
0.41290632
0.41003233
0.40154445
0.41033056
0.40895748
0.40795413
0.41525006
0.41670766
0.4135498
0.4154097
0.40729696
0.40971407
0.40684664
0.4105014
0.410438
0.412424
0.41252726
0.41194713
0.40902755
0.41335267
0.404113
0.4062109
0.405138
0.40397957
0.40796167
0.40763715
0.4042051
0.40554166
0.4100454
0.40225646
0.41184694
0.40581116
0.40586975
0.40758106
0.40975875
0.40382373
0.4111652
0.40475944
0.4011539
0.40180433
0.400487
0.40445793
0.406083
0.4017178
0.40899685
0.40147597
0.39947978
0.39371338
0.39970866
0.39652926
0.39455166
0.39264625
0.40014386
0.39774346
0.39798024
0.3952611
0.39720088
0.39672723
0.38946474
0.3915458
0.3882402
0.39053783
0.39505324
0.39575735
0.3953345
0.3895505
0.39316404
0.38842124
0.39151347
0.38758817
0.3904262
0.39343166
0.38664728
0.38960683
0.3814177
0.38710222
0.384633
0.38611376
0.3880223
0.39715675
0.38430935
0.3906479
0.39180362
0.38500205
0.3858563
0.38863823
0.39012256
0.3828366
0.39031172
0.38497505
0.38424012
0.390971
0.38793012
0.38163027
0.38330898
0.38146576
0.38851106
0.3839141
0.38409007
0.3909452
0.3838478
0.38854715
0.38131598
0.38389733
0.38090077
0.38065472
0.38400462
0.38663736
0.38225117
0.37904653
0.3784384
0.3798625
0.38219836
0.3795475
0.3820771
0.38363478
0.38240093
0.38134733
0.3885712
0.38103408
0.38722193
0.38692582
0.37954354
0.38018954
0.37946522
0.388107
0.38257825
0.38361892
0.38210917
0.3786852
0.3832915
0.38245803
0.3793453
0.38668713
0.38502902
0.3855341
0.38777894
0.38288987
0.38008842
0.3843541
0.37582377
0.37921944
0.3752046
0.38087025
0.38082272
0.38373393
0.38517585
0.38713294
0.37668678
0.3769521
0.3809886
0.38255987
0.38326767
0.38064635
0.38267872
0.38761175
0.37769532
0.38497946
0.3789109
0.38752025
0.38072044
0.3832172
0.38511354
0.38363266
0.3871652
0.3829752
0.3779278
0.39262295
0.3880152
0.38422805
0.3905508
0.3888717
0.3825582
0.38021043
0.3842328
0.3873302
0.37859485
0.38538826
0.3893289
0.38935333
0.38463098
0.3779379
0.38478497
0.37856406
0.38556975
0.38126385
0.39177242
0.38738197
0.38136482
0.38659248
0.38384828
0.3842195
0.3788188
0.3888027
0.37750906
0.38122153
0.38220194
0.38676915
0.3850342
0.38167563
0.38417715
0.38615826
0.3825104
0.38587943
0.38176078
0.38221642
0.37719104
0.38242993
0.38123447
0.37707084
0.37881708
0.37968007
0.38609838
0.37972385
0.38215208
0.38267717
0.37923834
0.38010776
0.37623736
0.38127783
0.37956727
0.37827545
0.37856925
0.37262788
0.3809856
0.3777137
0.375834
0.3760357
0.3770064
0.37835568
0.3782603
0.3829177
0.37571484
0.3789321
0.38029173
0.37953505
0.37718904
0.37190756
0.37744755
0.37632295
0.3783772
0.37597594
0.3747296
0.38192928
0.3847261
0.3815075
0.38064694
0.37700534
0.37439173
0.3736994
0.3815929
0.37462404
0.3770538
0.37909263
0.37686735
0.3795003
0.38163832
0.3699244
0.3765869
0.37827048
0.3787294
0.37959287
0.37777284
0.3769322
0.37956133
0.37353054
0.37579483
0.37224233
0.37693635
0.37659684
0.37957448
0.3768518
0.37173998
0.36895105
0.37362835
0.37067637
0.372933
0.37293118
0.37052345
0.3684242
0.37157163
0.3677329
0.36576104
0.36794278
0.36926606
0.36954197
0.36789703
0.3627015
0.37028986
0.3604208
0.36417678
0.3611059
0.36856243
0.36668146
0.35747957
0.36287683
0.36222216
0.3652943
0.35876906
0.36246833
0.36618873
0.35916138
0.36830613
0.36248755
0.35736296
0.36470458
0.36132953
0.36119303
0.3673815
0.36218047
0.3554565
0.3619584
0.36683914
0.3653761
0.36050195
0.362586
0.37186202
0.36864394
0.3636252
0.36626557
0.3598382
0.3603181
0.35927624
0.36510554
0.35463962
0.36505115
0.36585385
0.35913187
0.36022443
0.35715422
0.3594104
0.36498785
0.36319208
0.35694787
0.36891666
0.35993317
0.3694698
0.3605673
0.36240298
0.361545
0.36577326
0.3654835
0.3620764
0.35812268
0.35449222
0.36799306
0.36219934
0.36101276
0.36140868
0.3636122
0.36180672
0.3709356
0.36682278
0.36555535
0.3612935
0.3576742
0.3571175
0.36721978
0.36526987
0.3631721
0.36338857
0.36276126
0.36262292
0.36207274
0.3633641
0.3635028
0.3610673
0.3637256
0.3669142
0.36108404
0.37201118
0.36839646
0.3709333
0.36291105
0.36564633
0.36244285
0.36514097
0.36654136
0.35849294
0.3589794
0.3600064
0.36877647
0.3642624
0.36270347
0.3602932
0.36490345
0.36582735
0.36511227
0.35729775
0.3620112
0.35822386
0.36111334
0.3574505
0.3582461
0.36369187
0.35702735
0.35710505
0.35309762
0.36265618
0.35435912
0.35815382
0.35901335
0.36190715
0.36261204
0.35707235
0.36579487
0.35953325
0.36338824
0.3672397
0.3673414
0.35750642
0.3606342
0.3596762
0.3613768
0.36153445
0.35883185
0.36550912
0.36791223
0.36379468
0.36527172
0.36232442
0.3591859
0.35860097
0.36115643
0.36755922
0.3572094
0.3635401
0.3639203
0.36265346
0.36437675
0.3580371
0.36196437
0.35205275
0.3565746
0.35601965
0.35763344
0.35849884
0.35371754
0.35719922
0.3535423
0.35249263
0.34776875
0.35110933
0.35356107
0.3483543
0.35103577
0.35245445
0.352821
0.34772477
0.34971038
0.35096142
0.3509224
0.34835887
0.34407106
0.351479
0.3484678
0.34591863
0.3452903
0.3485965
0.34761667
0.3480376
0.34272167
0.34914768
0.3483372
0.34747615
0.3437969
0.34120098
0.3477924
0.3462795
0.34813076
0.34394017
0.34420213
0.3444414
0.34912616
0.3425847
0.34235853
0.34461677
0.34248236
0.3442881
0.33903646
0.34309074
0.34408382
0.35046178
0.3464871
0.34489787
0.34378
0.34093338
0.34071314
0.3427428
0.34231877
0.3432804
0.34229168
0.3389021
0.34613892
0.33838254
0.34194395
0.33844328
0.34861696
0.34411347
0.34367758
0.34444398
0.34099913
0.3451464
0.34170288
0.3459352
0.3465182
0.33801296
0.34037215
0.33384502
0.34100145
0.33696494
0.33964497
0.3422787
0.33397624
0.34046897
0.34602743
0.33971423
0.33781213
0.33771643
0.3338862
0.33178413
0.33570406
0.3364952
0.33349955
0.34118995
0.33469847
0.3372154
0.33317417
0.33750567
0.32844207
0.33447444
0.33303446
0.32914007
0.3288496
0.32958597
0.33238754
0.33351803
0.33182257
0.3356005
0.3294366
0.33270508
0.32767126
0.32872158
0.33235303
0.32592505
0.33150062
0.33102804
0.3345097
0.33153096
0.32402727
0.3318986
0.33105487
0.32799304
0.3280506
0.3279572
0.32715395
0.3251466
0.32927403
0.33179197
0.3301619
0.32538903
0.33290857
0.32338563
0.32471347
0.32633892
0.33104396
0.32663122
0.32682356
0.3256857
0.3247137
0.3274382
0.323829
0.3283745
0.32746977
0.327272
0.3283959
0.3263041
0.32721442
0.32563257
0.32352912
0.32441017
0.32734448
0.32977095
0.32279256
0.3237618
0.33738884
0.32800308
0.33308488
0.32643086
0.33112758
0.32872626
0.32300603
0.32599795
0.32680285
0.33008885
0.3324733
0.3264597
0.32254374
0.32433012
0.3287659
0.32244468
0.3293077
0.3258928
0.3289199
0.32355613
0.32954922
0.32925406
0.32427883
0.3279119
0.32431147
0.3283262
0.32716903
0.3307007
0.32860327
0.33162427
0.33676982
0.3269001
0.32702574
0.32914707
0.32864583
0.32971433
0.32639658
0.33437794
0.32937455
0.32547203
0.32523012
0.32821295
0.3286547
0.33047324
0.32740876
0.33197373
0.32770732
0.33066967
0.32580125
0.3290214
0.3279826
0.3276897
0.33326554
0.32406372
0.32778543
0.3293364
0.3332947
0.33024058
0.34050226
0.33640695
0.33069447
0.3285401
0.334388
0.3345658
0.33622396
0.3291238
0.33295432
0.33449873
0.33735842
0.33218023
0.3283011
0.33118126
0.33728343
0.3326495
0.34154123
0.32896057
0.33211285
0.32906094
0.32604265
0.3343076
0.33454847
0.32533997
0.33121634
0.32709348
0.32573757
0.32529172
0.3277828
0.32707548
0.33197942
0.32384562
0.3246695
0.33144364
0.33222517
0.32511535
0.33385798
0.3303027
0.3342565
0.3276757
0.32630315
0.33105943
0.3332004
0.32788733
0.32211724
0.33003867
0.3262138
0.3286145
0.323982
0.32548532
0.3252749
0.32701388
0.32826626
0.3258616
0.33029965
0.3246441
0.3176786
0.3262126
0.3219556
0.32891876
0.32319662
0.3285163
0.33645767
0.32791272
0.3256263
0.32347104
0.33069667
0.32565576
0.3296633
0.32943046
0.3221418
0.32875073
0.32608992
0.32907104
0.32656017
0.32958174
0.32654265
0.3322075
0.33065805
0.32032022
0.3292865
0.3261405
0.3269933
0.32505983
0.33968347
0.3283485
0.3239565
0.32666078
0.32809722
0.32525328
0.3237553
0.32787904
0.33014667
0.33033767
0.32832664
0.32653576
0.32217386
0.33465227
0.32144907
0.3327521
0.3283865
0.32899538
0.32753164
0.3294389
0.32725102
0.32775992
0.3277976
0.32653412
0.32566577
0.32469684
0.32502285
0.31984925
0.3141484
0.3216383
0.32018015
0.32453674
0.3243767
0.32839862
0.32578862
0.3251198
0.32098824
0.32512283
0.32395047
0.31851718
0.31638727
0.32243717
0.31767797
0.3253436
0.31538934
0.31720835
0.32531586
0.3256308
0.31857607
0.31864828
0.3199566
0.31560642
0.32063773
0.3253183
0.3248018
0.3174872
0.31911728
0.31806234
0.32725158
0.31814975
0.32249388
0.3262229
0.3210487
0.32657328
0.31946468
0.31975108
0.31989846
0.3228984
0.32007116
0.318191
0.31647015
0.3242477
0.31747475
0.31664255
0.3174123
0.31870893
0.32357934
0.31799063
0.3154525
0.31344458
0.3150993
0.3111428
0.31398055
0.3136418
0.30903223
0.31316528
0.30836913
0.31322822
0.3149129
0.3074245
0.31424218
0.31179664
0.310144
0.30838138
0.3073461
0.30927533
0.31380057
0.3040718
0.31017926
0.31029704
0.31098637
0.31021675
0.31290433
0.30815914
0.3042704
0.3020516
0.30956772
0.30320913
0.30188203
0.30066574
0.30697697
0.30562118
0.306951
0.3026143
0.30462587
0.30561402
0.30435023
0.30667648
0.3021549
0.30214077
0.30675274
0.30594242
0.30235353
0.30334726
0.30043766
0.3038691
0.29622805
0.30222154
0.30636486
0.29982919
0.29747915
0.3052832
0.29735282
0.30516
0.30288863
0.30470502
0.31076756
0.29946
0.30139917
0.30212596
0.30599603
0.30195513
0.30585456
0.30459177
0.30498338
0.3051187
0.30672047
0.31260583
0.30377832
0.30597267
0.3026738
0.3006655
0.3064831
0.30141464
0.30248266
0.29799902
0.30315226
0.30725121
0.3013314
0.3051183
0.3040288
0.304342
0.30417362
0.3048613
0.29940838
0.30221513
0.3055543
0.30753118
0.29944882
0.29651812
0.30040035
0.3037518
0.30280444
0.3014253
0.29730076
0.30017963
0.29891568
0.2961998
0.3015235
0.29420692
0.2948667
0.29170355
0.29115614
0.2945399
0.29546642
0.29901102
0.29535362
0.2929066
0.29213807
0.28677586
0.28884003
0.2902802
0.28659987
0.29217014
0.29231074
0.2854022
0.28941596
0.2872082
0.2873527
0.28480625
0.28794852
0.28945094
0.2840688
0.28565478
0.28255525
0.28535873
0.29229575
0.28122693
0.29568207
0.2881468
0.28865904
0.29026034
0.28472835
0.28721154
0.28750554
0.28782335
0.28583205
0.2871153
0.2897972
0.2895727
0.28705785
0.28643885
0.2890184
0.28367612
0.28454575
0.2875626
0.29183045
0.28311098
0.28832483
0.28756925
0.29600897
0.28007552
0.2808528
0.2844207
0.28669593
0.27624506
0.28205395
0.284634
0.28129825
0.27931666
0.29054442
0.28156587
0.27847677
0.28351995
0.28556466
0.2866713
0.279786
0.27346924
0.2822646
0.2774895
0.27916917
0.2831967
0.27894548
0.2814645
0.28102955
0.28620934
0.28635252
0.27415112
0.27842188
0.28521284
0.28248152
0.28893828
0.28365013
0.2844327
0.28735363
0.28180823
0.2814384
0.2816119
0.28079718
0.28550363
0.28115258
0.27757612
0.27682656
0.2861949
0.27684134
0.28418863
0.27930966
0.27689558
0.28244913
0.28223437
0.2791694
0.2832589
0.27884465
0.28303537
0.2730423
0.281146
0.28137773
0.27746683
0.27595437
0.28520215
0.28365168
0.28333628
0.279075
0.278456
0.28251246
0.27999672
0.28825197
0.28239906
0.27989584
0.28834504
0.28683066
0.2858239
0.28668535
0.27531227
0.28582492
0.28486404
0.28237695
0.28571925
0.27863485
0.27637136
0.28222695
0.28333548
0.28302065
0.27999648
0.27526027
0.2829736
0.28390208
0.2835739
0.286163
0.2819211
0.28184018
0.2809637
0.28383917
0.27442122
0.27415356
0.27821597
0.27945337
0.2871542
0.2880939
0.282149
0.28381607
0.28308445
0.27504057
0.28501666
0.2763918
0.2806286
0.28070584
0.28243762
0.27832323
0.2783277
0.28345484
0.28044873
0.2852793
0.27535832
0.2798592
0.28347066
0.28093705
0.27177748
0.28139123
0.2797693
0.273255
0.27805004
0.2761004
0.2750051
0.27374676
0.27269357
0.27066702
0.28067294
0.2778801
0.27944046
0.281628
0.2777481
0.27634615
0.27204245
0.27293494
0.27323562
0.2685218
0.27380452
0.26919824
0.26960093
0.27861083
0.2670464
0.27540058
0.2671646
0.26549616
0.2710814
0.26231647
0.27179155
0.26664814
0.26784945
0.26340586
0.26635385
0.2643817
0.26233816
0.26393178
0.26459447
0.2646423
0.26194558
0.2726322
0.2619396
0.26646206
0.26805815
0.25937894
0.25794488
0.26287842
0.26363754
0.2613317
0.26046237
0.26701164
0.26217023
0.258611
0.26602772
0.263611
0.26381573
0.26162243
0.25496274
0.2588845
0.26081315
0.25944114
0.25680014
0.26298591
0.25712284
0.25708908
0.25663492
0.2545723
0.25887796
0.25514355
0.2607305
0.25466996
0.25716376
0.25669047
0.26080793
0.25997147
0.25557044
0.25851598
0.26716143
0.25713766
0.26192054
0.2538851
0.24984165
0.25404814
0.2643472
0.25581393
0.2601486
0.25795975
0.26213005
0.25722656
0.25202602
0.26039875
0.25595355
0.2545241
0.25876084
0.25536484
0.25259054
0.2516386
0.25725207
0.25937954
0.25190392
0.26014182
0.2597133
0.25877988
0.25600877
0.25198093
0.24957354
0.25502557
0.25812602
0.25985694
0.25641012
0.25742778
0.2623665
0.26011476
0.26316413
0.25216317
0.25360215
0.25911444
0.2660137
0.2536174
0.2573431
0.25596666
0.26078662
0.25925374
0.26198512
0.25991264
0.26293254
0.26243258
0.26198167
0.26183912
0.26060346
0.2585223
0.2601371
0.26232973
0.2592688
0.25584167
0.25799114
0.2639361
0.2581727
0.255117
0.26288664
0.25922173
0.2666365
0.2646497
0.26677206
0.25857496
0.25986728
0.26163864
0.2629018
0.26343194
0.25791532
0.269174
0.2655836
0.26326525
0.26314884
0.26222706
0.26172093
0.25782865
0.26523498
0.25585827
0.25823486
0.25266087
0.26847807
0.25664315
0.25941542
0.25481978
0.2535361
0.26065868
0.25593278
0.24905832
0.24788153
0.25668144
0.25520298
0.25620675
0.25237027
0.25980684
0.25760254
0.2553975
0.25612578
0.25294974
0.25134665
0.24889532
0.25239697
0.26110774
0.25739765
0.2646088
0.2631268
0.25231445
0.25768217
0.26308122
0.25308892
0.25278747
0.25762406
0.2521587
0.25719196
0.25696376
0.2546959
0.25902763
0.25833067
0.2464128
0.25926915
0.25270382
0.25282046
0.2483412
0.25499302
0.25448853
0.25631377
0.24988681
0.2460346
0.2455894
0.25035438
0.2490591
0.24701568
0.25363973
0.24690557
0.2489365
0.24188937
0.2444147
0.2379413
0.24202
0.2417411
0.24438198
0.24277742
0.24325588
0.24023077
0.24959263
0.2466413
0.2495066
0.24585755
0.24287347
0.24392241
0.24415657
0.2503601
0.24634515
0.2419607
0.24305658
0.24737537
0.24457105
0.23984805
0.24442309
0.2461215
0.24454239
0.24808769
0.2512404
0.24487936
0.24891596
0.24652229
0.24294423
0.24232528
0.24724828
0.24593695
0.24793889
0.24575858
0.25021338
0.25255895
0.2414271
0.24538209
0.2508052
0.25346968
0.24526116
0.25332543
0.24280119
0.2485907
0.25229818
0.24647029
0.2488482
0.25518072
0.25661093
0.24867089
0.24963921
0.24642184
0.24250808
0.24437958
0.2431964
0.25507703
0.255109
0.24795921
0.25352603
0.24988385
0.25079852
0.24798366
0.24658625
0.25311413
0.25519574
0.24394694
0.24672538
0.25473222
0.25251666
0.25163916
0.2524344
0.24676497
0.24852677
0.2510936
0.2558598
0.25026068
0.24865273
0.24797866
0.25171986
0.2546935
0.24684191
0.2453393
0.24869731
0.25248128
0.24887347
0.24839403
0.25435713
0.25065315
0.24914876
0.24457638
0.25069812
0.24786109
0.24086462
0.24718651
0.24642926
0.24685152
0.24178436
0.25351322
0.24696626
0.24663965
0.24509458
0.2444479
0.24377604
0.252293
0.24181272
0.24589536
0.24317436
0.244845
0.2505168
0.24657008
0.24153957
0.24882494
0.24679847
0.24591556
0.24828586
0.24664547
0.24750398
0.24407554
0.24948937
0.25284111
0.24907541
0.2553108
0.23871446
0.24572231
0.24659356
0.2486834
0.24606992
0.25045615
0.24547496
0.24300557
0.23756671
0.2460073
0.24424322
0.24530163
0.24439438
0.2439799
0.24548833
0.24671403
0.24320133
0.24571505
0.2417579
0.24439338
0.24139945
0.24682292
0.24314786
0.24522991
0.24759106
0.24641481
0.24984182
0.24391769
0.24941643
0.25675046
0.2511894
0.25098756
0.24689409
0.24219133
0.23993689
0.24099778
0.24307455
0.2476683
0.2468362
0.24885637
0.2392418
0.24604657
0.2512063
0.24652523
0.25388566
0.24767928
0.24393757
0.24278286
0.23914078
0.23931073
0.24482949
0.24360195
0.24474786
0.23882419
0.2327355
0.23886475
0.24078372
0.24329716
0.2417379
0.23550303
0.23862946
0.23436013
0.24140781
0.23809658
0.2338631
0.23535928
0.23420249
0.23576339
0.23862769
0.2339427
0.23660235
0.2431982
0.2354666
0.23391642
0.22930436
0.23544073
0.24173214
0.2306424
0.24402733
0.23841049
0.24226628
0.23661079
0.23356368
0.23460262
0.23748423
0.24729593
0.23932017
0.2354508
0.23940125
0.24469067
0.23226029
0.23336305
0.23859616
0.23710626
0.23856753
0.24145553
0.23467949
0.24326427
0.24213399
0.23885965
0.23992363
0.2349572
0.23749569
0.23610836
0.24596658
0.23412435
0.23867011
0.23239873
0.23515643
0.23693734
0.23366529
0.22799149
0.23061386
0.23462811
0.23227325
0.23265646
0.23282242
0.23300509
0.24590865
0.23162338
0.23627341
0.23333824
0.23226753
0.23704883
0.23786691
0.2344615
0.23457217
0.2399035
0.23789662
0.23511069
0.22533308
0.23561107
0.23007295
0.23333958
0.24147588
0.22829331
0.2315396
0.23675513
0.23119447
0.22530909
0.22988436
0.23872599
0.22906667
0.23720822
0.23336403
0.23190288
0.23468496
0.23169191
0.2332976
0.2350235
0.2267047
0.22381109
0.23008472
0.23393841
0.23252913
0.235603
0.23485155
0.23382041
0.23320314
0.23426978
0.23508696
0.22773305
0.23687065
0.23163387
0.23235746
0.23268388
0.22696489
0.23215728
0.23710641
0.23071694
0.22809787
0.22177345
0.22907914
0.23069766
0.2246111
0.23032163
0.22545817
0.22759825
0.22796334
0.2313452
0.23324117
0.22894485
0.22624029
0.23053649
0.23114279
0.23182994
0.22675388
0.22948319
0.22887853
0.2393847
0.23092107
0.22961268
0.22718279
0.22941694
0.22976094
0.23130164
0.23149393
0.22529039
0.23271565
0.22407973
0.23228867
0.22901371
0.22926998
0.2330111
0.22751448
0.23240733
0.23506479
0.23086429
0.23618776
0.22848453
0.2295793
0.23611873
0.22933385
0.23499279
0.22756697
0.22794586
0.22684918
0.23102157
0.23210506
0.2297311
0.23144688
0.22999625
0.23525283
0.2367244
0.2280377
0.22806236
0.23511088
0.22951509
0.22537495
0.22943775
0.22624634
0.22099468
0.22523637
0.2269046
0.2270478
0.23182364
0.2255288
0.22308931
0.23733538
0.22682591
0.22954771
0.2252012
0.22879647
0.21843247
0.22900617
0.22202757
0.22355922
0.22440642
0.22385797
0.23206724
0.2221758
0.22747892
0.22036597
0.22809055
0.21590121
0.233316
0.21419695
0.21973939
0.2231654
0.21993028
0.22576493
0.22601128
0.22521561
0.21949816
0.22230409
0.21647164
0.22380698
0.21980983
0.22532053
0.22689718
0.21849464
0.22391854
0.22010149
0.21503855
0.22246939
0.22240871
0.22164772
0.21391529
0.21920283
0.22353093
0.22421935
0.22447813
0.21549214
0.22327448
0.21841428
0.21597457
0.22233789
0.22254643
0.21819036
0.21801291
0.22151828
0.22050475
0.21875963
0.21984948
0.22053257
0.21722412
0.21887594
0.21943963
0.21685432
0.21975249
0.21352592
0.21756238
0.21588749
0.22030212
0.22249633
0.21793927
0.21857809
0.21466883
0.2129025
0.21836653
0.21888766
0.20876154
0.21311863
0.21390061
0.21370822
0.21522586
0.21771735
0.21874174
0.21879415
0.21403594
0.22099197
0.2114332
0.21451953
0.22356363
0.21478502
0.21463883
0.21699148
0.21651582
0.21779986
0.21255696
0.22092287
0.21511345
0.21352229
0.2123663
0.21973908
0.20770733
0.21253718
0.21405926
0.21531522
0.21445416
0.21046194
0.20962575
0.21067613
0.20733897
0.21181354
0.20895214
0.208125
0.2074095
0.2135262
0.21255349
0.21251236
0.21451935
0.20856749
0.21006627
0.2072026
0.21227367
0.21161062
0.21398947
0.20561615
0.21352299
0.20259856
0.20484835
0.21111247
0.21329018
0.20146321
0.2093381
0.21292654
0.21276505
0.21217659
0.21247037
0.20751545
0.2091978
0.20853716
0.20864257
0.20550711
0.21123666
0.21013446
0.20512733
0.21269096
0.2070489
0.21308422
0.20452288
0.21139549
0.21173714
0.21240464
0.20814544
0.2085987
0.20649853
0.2171732
0.20591544
0.20164347
0.20286065
0.2081679
0.20654657
0.20329766
0.20779465
0.2106123
0.2081051
0.2105146
0.20929286
0.20863087
0.21198505
0.21146555
0.20279646
0.20461456
0.20812328
0.20195514
0.20431325
0.20455526
0.20562617
0.20981143
0.20363241
0.2102556
0.20728174
0.20562257
0.21300584
0.2087501
0.20184214
0.20413229
0.20031528
0.20117404
0.20101784
0.2051002
0.20664112
0.20646371
0.21111085
0.2040091
0.20741604
0.20414738
0.20266207
0.21007475
0.2057378
0.20129147
0.20029429
0.19853063
0.20195158
0.20437032
0.20578408
0.20529181
0.20165855
0.2007932
0.20005737
0.19906563
0.19248681
0.20082346
0.19888504
0.20106685
0.1973318
0.20449777
0.19752027
0.19428274
0.2075634
0.20052102
0.19549721
0.19705366
0.19840348
0.1907415
0.1953426
0.20081599
0.19433965
0.19446611
0.19324508
0.1978974
0.19409004
0.1972161
0.19980633
0.19293852
0.19629784
0.19658303
0.18905349
0.19578843
0.1973528
0.19858155
0.19556378
0.19805098
0.1936822
0.19104981
0.19301869
0.18886507
0.1947637
0.19559237
0.19275203
0.19630341
0.19872741
0.19004449
0.19713244
0.19165026
0.1929997
0.19236805
0.19623144
0.19430006
0.19397625
0.20063959
0.18790527
0.19574606
0.18694216
0.19303659
0.19653268
0.1915499
0.20216082
0.19158405
0.18936251
0.19069517
0.18818507
0.18929787
0.1951971
0.19385326
0.19488318
0.19136432
0.19387579
0.19162533
0.20138305
0.19259502
0.18651943
0.19261396
0.18817769
0.19517323
0.18542175
0.18349715
0.18845724
0.19224867
0.19283567
0.19367044
0.18939584
0.18599275
0.18331961
0.18991284
0.18965243
0.18920787
0.19401091
0.20051375
0.18782677
0.1902389
0.19470626
0.18525083
0.19510294
0.19269991
0.19384071
0.19225602
0.18458837
0.18735297
0.18793046
0.19114931
0.19318947
0.19281557
0.19523434
0.19597411
0.20077498
0.19480297
0.18787456
0.19483134
0.19473937
0.19129989
0.19129257
0.19221295
0.18956879
0.19466996
0.1881492
0.18510444
0.19488332
0.19299354
0.18415989
0.19085509
0.18828087
0.19241346
0.18853532
0.18732215
0.19440158
0.18385203
0.18525724
0.18913962
0.18781228
0.19744019
0.19458827
0.18645225
0.19357376
0.18761386
0.18747723
0.18340102
0.18582231
0.1856973
0.19227119
0.17724137
0.18840215
0.18458381
0.1865515
0.18569826
0.17895232
0.17844799
0.18762363
0.17956355
0.18658598
0.1842172
0.18759151
0.1808319
0.18194966
0.18402494
0.18046188
0.18494442
0.17626297
0.17729555
0.18136625
0.18073554
0.18184488
0.18423836
0.1799192
0.17746489
0.18583134
0.18250893
0.18349074
0.1820349
0.18139884
0.1813645
0.17677037
0.18347822
0.1783945
0.18331957
0.17443894
0.18591696
0.17629379
0.17710288
0.17696048
0.17702183
0.18475837
0.18137999
0.18199046
0.18550251
0.17716935
0.17322417
0.17301193
0.17661978
0.17994922
0.17696157
0.1771695
0.17536469
0.18148036
0.1760522
0.17331736
0.17899296
0.18313622
0.17573318
0.17579865
0.18132657
0.17998327
0.17666602
0.17852636
0.17616303
0.18386106
0.17349385
0.18279606
0.18517737
0.17589468
0.17776406
0.18330334
0.17727356
0.1759039
0.17403148
0.17256065
0.18061478
0.18130462
0.1764792
0.17527524
0.17546746
0.18223597
0.17102255
0.1775029
0.17786896
0.18363468
0.17673154
0.16815446
0.17169234
0.17920735
0.1694597
0.16704974
0.17529386
0.16618083
0.17394704
0.17121252
0.17070617
0.1737897
0.17610963
0.17481208
0.16822359
0.16921578
0.17338336
0.1718381
0.17319316
0.17516612
0.16717374
0.17272393
0.16947797
0.16569863
0.16878647
0.1651053
0.17580508
0.16445673
0.16053
0.16263165
0.17245425
0.15948637
0.17115828
0.17215122
0.17375077
0.16498806
0.16314904
0.16255522
0.16867685
0.16893527
0.16927595
0.17096607
0.16514373
0.16603479
0.16375312
0.16612484
0.16777615
0.16122144
0.1656319
0.17006937
0.17320074
0.16205959
0.17243175
0.16708975
0.1678334
0.1612964
0.16425359
0.16690537
0.1603337
0.1714634
0.16737904
0.16818956
0.17629646
0.16353247
0.17154777
0.1685611
0.16606958
0.16440775
0.16835602
0.16835606
0.16940199
0.16973865
0.16914423
0.17270839
0.17049831
0.17115325
0.16947433
0.17328298
0.16977896
0.16954044
0.17039539
0.16584462
0.16547287
0.1781466
0.16330615
0.16614379
0.16934332
0.1690828
0.16616467
0.16671194
0.16758063
0.17037465
0.16330904
0.16709705
0.16416821
0.1706387
0.15821278
0.1617598
0.15882495
0.16737239
0.1633139
0.16878587
0.15398443
0.16034073
0.17129137
0.15930948
0.15949367
0.1555637
0.15480307
0.1541851
0.17015396
0.158017
0.16007166
0.16223466
0.16005506
0.16393696
0.1646994
0.16372085
0.16568087
0.16654927
0.15585408
0.162363
0.16142543
0.16007282
0.16961421
0.16315372
0.16780667
0.16668893
0.16639858
0.16546507
0.16244581
0.16240478
0.16695145
0.16090353
0.16938615
0.16544212
0.16159128
0.16318287
0.1644213
0.16230574
0.16239996
0.16176946
0.17029896
0.15864392
0.16485925
0.16547705
0.16333249
0.16247828
0.15993826
0.16256535
0.16401297
0.16918032
0.16360845
0.16343959
0.17264171
0.17274551
0.16875963
0.16899695
0.15800749
0.17197867
0.16333698
0.1638859
0.16858266
0.16271652
0.16657495
0.16247116
0.17390195
0.16894177
0.1604003
0.16396856
0.16491187
0.16963716
0.16692603
0.1641256
0.16184632
0.17170458
0.16371955
0.17168479
0.16273636
0.16423433
0.16673091
0.15949555
0.16481508
0.16648397
0.16478105
0.17028354
0.15329087
0.1615419
0.1641325
0.15975742
0.16152787
0.15939593
0.15744956
0.16075656
0.1634894
0.15846513
0.16217631
0.16165239
0.15850526
0.16389261
0.15967958
0.16273537
0.16140486
0.16026112
0.16892883
0.16641021
0.16363275
0.15854743
0.15848391
0.15200725
0.15735859
0.17202061
0.1693857
0.16260573
0.16992767
0.16255508
0.15959391
0.16040105
0.15496582
0.16011325
0.1604942
0.15648773
0.15204969
0.1589035
0.15492292
0.15693675
0.16167414
0.1568258
0.15532593
0.1586459
0.1615488
0.1635541
0.1570827
0.15662692
0.16329284
0.16192196
0.15267426
0.15914817
0.15735666
0.16300301
0.1589469
0.15939862
0.15869205
0.15844493
0.15552716
0.16381066
0.15738164
0.15998937
0.16482933
0.15868697
0.15275599
0.15677904
0.16092029
0.14879234
0.15767926
0.16837366
0.15438086
0.15521981
0.16495056
0.15946643
0.15762484
0.15818764
0.16032092
0.16065806
0.15017256
0.1532974
0.16132121
0.15606213
0.16064276
0.15725367
0.15371582
0.15146042
0.16052105
0.15644874
0.15403427
0.15454313
0.1531272
0.15300766
0.15806755
0.1533789
0.15224223
0.15484667
0.15190864
0.15862316
0.14993706
0.16403078
0.16247511
0.15947463
0.1605152
0.15976547
0.15300877
0.15347557
0.15604416
0.15993263
0.15535551
0.14830631
0.15848204
0.15325052
0.15596081
0.15545633
0.15828726
0.14676546
0.15586835
0.15740846
0.15338077
0.15396962
0.15690076
0.15665783
0.16148931
0.1555996
0.1553483
0.14914976
0.15238482
0.15757628
0.15479511
0.15580788
0.15601102
0.15470228
0.16431195
0.15982999
0.15043177
0.15584059
0.15522142
0.14693314
0.14883494
0.15004404
0.15379192
0.15605266
0.15381232
0.15311623
0.15925303
0.15534733
0.1510528
0.15232849
0.149675
0.15636407
0.15841179
0.15093167
0.15935023
0.15931831
0.15743232
0.15453102
0.15196756
0.1569958
0.15628459
0.15156516
0.16085862
0.15515389
0.16257808
0.15686958
0.16147232
0.15689754
0.15418322
0.15310633
0.15641974
0.14611739
0.14548792
0.15401977
0.14668526
0.15061814
0.14824374
0.15748885
0.15147917
0.15629922
0.15142344
0.14475673
0.15768845
0.15854405
0.14941452
0.15794821
0.15579034
0.14201869
0.1556001
0.15925057
0.15105706
0.14731671
0.1539321
0.15304571
0.14754102
0.14034598
0.14965369
0.14369263
0.14567262
0.14641723
0.14970043
0.14590992
0.15266185
0.14911652
0.14528814
0.1497741
0.1473041
0.14415213
0.1498464
0.14693975
0.1536223
0.14611071
0.149166
0.15099761
0.1527515
0.14602113
0.15145896
0.14615168
0.15480478
0.1558391
0.14272223
0.1458433
0.14051606
0.14351213
0.1423456
0.13816714
0.14675657
0.14107162
0.14585136
0.14254777
0.14196396
0.13507906
0.14186329
0.14154711
0.1361108
0.14426434
0.13691097
0.13830541
0.13744938
0.13425434
0.14201792
0.13035528
0.12952004
0.1328695
0.1447576
0.13775843
0.13906434
0.13705511
0.13176501
0.13846694
0.13728209
0.13730855
0.1364308
0.12930237
0.13142018
0.12891246
0.13885018
0.13478467
0.13635196
0.13587542
0.13899869
0.12650134
0.12894163
0.12920815
0.131156
0.1330965
0.1380643
0.13540177
0.12842195
0.13251242
0.13765118
0.12921321
0.13007845
0.13143903
0.13158475
0.13150845
0.13243221
0.13730048
0.13789786
0.12973408
0.1424846
0.13351405
0.13598342
0.13005672
0.13019611
0.1324419
0.13766356
0.13172437
0.13954732
0.13563007
0.14107019
0.13243307
0.12682086
0.13325459
0.1329213
0.13620266
0.13107373
0.12980345
0.13573201
0.13298851
0.13346934
0.13284996
0.13120572
0.13465522
0.13553828
0.13186546
0.12897368
0.13659576
0.12505268
0.1362015
0.1230664
0.13238505
0.13290994
0.12424516
0.13366577
0.12917419
0.13009362
0.1352873
0.13054124
0.12560497
0.13279481
0.13374053
0.13411614
0.12850891
0.13711403
0.12961757
0.13723713
0.1263628
0.12718199
0.1319832
0.12785624
0.12814257
0.12991537
0.13242622
0.1338357
0.13016927
0.13479944
0.12214218
0.13160309
0.13289952
0.1325839
0.1288919
0.12712255
0.1305771
0.129434
0.13487783
0.12587704
0.13411225
0.12959173
0.13478342
0.12920532
0.13335276
0.12503478
0.13526802
0.12760444
0.13178256
0.12701881
0.13359992
0.13943462
0.12947655
0.13145754
0.12769641
0.13410302
0.13094604
0.14183947
0.1304328
0.13209221
0.13980076
0.13112834
0.13178803
0.14274
0.13966611
0.1453715
0.13708524
0.13235542
0.13645938
0.13721012
0.14606652
0.13972366
0.13462102
0.13481022
0.13432333
0.1349865
0.13807195
0.14498974
0.13808915
0.13293593
0.13476478
0.13596256
0.13044
0.1399683
0.14217304
0.13473877
0.13751581
0.1390785
0.13477585
0.14019087
0.14546475
0.13257834
0.13565226
0.13029175
0.12747015
0.14347565
0.13579907
0.13517712
0.13999079
0.14048024
0.1350873
0.12955761
0.13590205
0.14083387
0.13253567
0.13951412
0.13851029
0.12821256
0.13832456
0.13057457
0.1378658
0.13620436
0.13371783
0.1344712
0.13148339
0.13702574
0.13012499
0.1393821
0.14641821
0.14811383
0.14040141
0.13899502
0.13162687
0.13925737
0.13503973
0.13516055
0.13181964
0.13902771
0.1439477
0.13434121
0.13107629
0.13049826
0.13259475
0.13617148
0.13800417
0.13994278
0.1324771
0.13338332
0.12801954
0.13982998
0.13781445
0.12612557
0.13644537
0.14063151
0.1323836
0.13577147
0.13542147
0.13317856
0.13339697
0.1281432
0.13842824
0.13061278
0.12914786
0.13356683
0.12876788
0.12705831
0.124421686
0.122623116
0.13150167
0.13881445
0.128076
0.12558106
0.12472337
0.12604731
0.12684369
0.12512021
0.1198094
0.13074176
0.12743272
0.12879466
0.11960905
0.12662773
0.124286026
0.12269787
0.12736009
0.119012944
0.12073377
0.12611592
0.12312463
0.1228222
0.12656601
0.12675394
0.12729952
0.11497951
0.11332054
0.12047392
0.1253843
0.12379296
0.12174382
0.11684391
0.119933434
0.11720847
0.1244262
0.12597784
0.12231689
0.119748905
0.12630035
0.12883891
0.1250747
0.1278157
0.120149
0.12291992
0.12159396
0.12798196
0.12726672
0.12192388
0.12729768
0.12785389
0.13351408
0.12498088
0.1276614
0.12513801
0.12735525
0.12366448
0.12080777
0.12792733
0.12715812
0.12912168
0.122430146
0.13406293
0.12491629
0.12733416
0.13595527
0.123722754
0.13033047
0.12721871
0.12445199
0.1250053
0.12569147
0.1275524
0.13194302
0.1281739
0.12754269
0.12928066
0.13334087
0.12506574
0.13405049
0.12511335
0.123684995
0.12213111
0.12564938
0.12620378
0.12487743
0.12100778
0.12722953
0.1299273
0.12138208
0.13084553
0.122646995
0.13017505
0.12575626
0.12349125
0.12675524
0.13436602
0.12584999
0.12905422
0.13284753
0.12703992
0.121656895
0.12718213
0.1307395
0.13131757
0.11942995
0.12381335
0.12486663
0.11483994
0.1173065
0.124110185
0.12623575
0.119887784
0.12225231
0.11901544
0.12159676
0.12476192
0.116270706
0.112974785
0.12204232
0.11168341
0.11590341
0.118568935
0.12348044
0.121678956
0.11554482
0.11859416
0.12192099
0.1238947
0.12263498
0.12056815
0.12080063
0.116618566
0.11856471
0.11281813
0.1173952
0.113129996
0.122412466
0.11861175
0.11589795
0.12244291
0.1259837
0.113769464
0.11042826
0.1204185
0.11492473
0.1208022
0.12304432
0.11171833
0.11873943
0.118146956
0.119575776
0.11715476
0.1140776
0.11326542
0.119345576
0.122820824
0.12888183
0.11891837
0.11988296
0.115812086
0.11797643
0.11864277
0.1171793
0.112702616
0.11582401
0.113315985
0.1237104
0.11985538
0.10819057
0.11999015
0.116916016
0.117451504
0.12331687
0.12511489
0.12693277
0.11691805
0.11422035
0.123474866
0.12021571
0.12310239
0.11641125
0.11904179
0.11778005
0.120339036
0.12056667
0.11562719
0.121928155
0.123091735
0.12418709
0.115487404
0.12451145
0.11025349
0.11461741
0.116920374
0.12538001
0.124817714
0.12253276
0.12983774
0.11395289
0.11876744
0.11495591
0.11780592
0.112222165
0.114276245
0.12284118
0.119499736
0.114694715
0.11425731
0.114327304
0.11299006
0.11015089
0.121640675
0.11139761
0.119992875
0.12592563
0.11354886
0.11626448
0.11936495
0.1141547
0.113441356
0.115273505
0.12224926
0.107980914
0.116589196
0.119883105
0.11974799
0.11316569
0.11274661
0.119732745
0.12528586
0.114318155
0.11452343
0.11751547
0.11922632
0.12507603
0.11518082
0.11542059
0.114611425
0.12362629
0.11933608
0.12518187
0.11426786
0.11373802
0.11648579
0.11733187
0.11769402
0.11403884
0.11672158
0.11681438
0.116591044
0.11146202
0.11674518
0.11760367
0.11137651
0.12109171
0.119266756
0.11206008
0.118770406
0.11396609
0.11781822
0.109330215
0.12119978
0.11793468
0.1062182
0.11136269
0.11657131
0.11825702
0.11444101
0.1116784
0.114795305
0.109051645
0.114294834
0.11474311
0.11733892
0.113655135
0.11184202
0.11476246
0.11676739
0.11304874
0.11453934
0.11120385
0.11653628
0.114222765
0.10902992
0.11250942
0.110889986
0.116134696
0.11933054
0.11242214
0.124042064
0.121626295
0.11346909
0.12032543
0.11398141
0.1222169
0.12515545
0.12251084
0.113577776
0.11602289
0.10927598
0.110961795
0.12198438
0.11517057
0.10965162
0.1235487
0.109246895
0.121913075
0.12102775
0.12403576
0.115422554
0.108455636
0.11470788
0.109649666
0.11856437
0.12101828
0.11741596
0.11786497
0.11634138
0.11468228
0.11390756
0.114334516
0.123398505
0.1099777
0.11736797
0.11532767
0.11577574
0.119898155
0.116081856
0.111071095
0.11432338
0.109627984
0.10933783
0.11444403
0.11951439
0.119746245
0.11532981
0.1182063
0.11449539
0.120569974
0.12456212
0.10989659
0.11164825
0.11661137
0.11077445
0.11483631
0.11210959
0.121274196
0.11096451
0.10575127
0.11275195
0.107804
0.10729952
0.11857556
0.115515955
0.1162279
0.11154341
0.11658152
0.117099114
0.11155168
0.10791215
0.11658064
0.111271515
0.119769886
0.11353242
0.1250882
0.10229875
0.11430716
0.1197347
0.11165755
0.11189536
0.10666282
0.10653285
0.11768583
0.11543295
0.11814058
0.10967055
0.11159516
0.10594695
0.11929579
0.105839476
0.10912568
0.10921466
0.1113649
0.113391
0.108902596
0.107538655
0.10718965
0.1106639
0.10816231
0.10128888
0.10537389
0.109779246
0.12307165
0.10625524
0.10982087
0.10900995
0.10576412
0.108649686
0.10643392
0.10610487
0.108340114
0.10035548
0.10304077
0.1059341
0.1017215
0.10820618
0.10727104
0.11027568
0.10514338
0.10182768
0.09951004
0.10087776
0.10784159
0.11082943
0.09933298
0.10451657
0.10871294
0.101987146
0.10480051
0.10675365
0.095478825
0.106447816
0.10392562
0.111032665
0.09898816
0.109322414
0.09577857
0.11017303
0.10254092
0.102997266
0.103106
0.11402873
0.1171048
0.09621755
0.104714945
0.1082896
0.09573806
0.1035926
0.093285784
0.09813872
0.09786885
0.09788525
0.10827429
0.09988449
0.10140601
0.0973822
0.101164915
0.103282966
0.097108625
0.09585529
0.09651892
0.10232768
0.10124398
0.09666601
0.09849677
0.09671359
0.09779575
0.09947978
0.09544701
0.10266291
0.10039116
0.09242055
0.10380407
0.101778015
0.098620094
0.10292971
0.09951885
0.09729023
0.10332689
0.09884508
0.09851199
0.103242666
0.100076914
0.091960326
0.096160024
0.10195819
0.1092882
0.0989287
0.08954946
0.096200846
0.0941214
0.092980444
0.10660122
0.093778074
0.096156076
0.089084916
0.09913705
0.09921091
0.093161054
0.09407449
0.09598914
0.089967325
0.0897747
0.1008839
0.10236416
0.09206874
0.09287859
0.104721755
0.09767759
0.09510233
0.09141349
0.09933918
0.09299392
0.098318964
0.09100759
0.09818311
0.09812116
0.08970619
0.093915254
0.103139214
0.108288355
0.09857656
0.092261635
0.09883388
0.102894574
0.100435086
0.10514605
0.09583496
0.09843364
0.09382544
0.097789206
0.10111838
0.100845076
0.10020685
0.10003516
0.09719647
0.09914345
0.09663529
0.10087858
0.10108453
0.10022788
0.09759633
0.094928525
0.093580626
0.107469715
0.0980596
0.0929841
0.10162087
0.09634456
0.10350137
0.1016112
0.09584061
0.08863941
0.09191033
0.09345491
0.097821444
0.094212055
0.09546813
0.10370072
0.101216175
0.09996331
0.091004565
0.097325414
0.09068402
0.09327105
0.0899839
0.09395874
0.092419446
0.09715789
0.0896556
0.09043254
0.08940829
0.09348374
0.08645888
0.103838995
0.10397344
0.08914573
0.093243875
0.08758381
0.08962678
0.09800756
0.084587514
0.09795168
0.09132217
0.092173524
0.09303982
0.092082255
0.09622341
0.100687675
0.09481197
0.09927433
0.09740602
0.09746026
0.09886616
0.09071345
0.09562358
0.103132
0.100623086
0.1020087
0.09780041
0.09409558
0.09878211
0.095991306
0.09240171
0.0946543
0.097620524
0.09575655
0.09228846
0.09848138
0.09237918
0.09344405
0.09306491
0.09402046
0.092562266
0.09784319
0.10490693
0.09665016
0.096534304
0.09670067
0.10410253
0.09426437
0.09744325
0.089008756
0.099018194
0.10433044
0.091707565
0.09708928
0.091384016
0.092974685
0.10022792
0.09672834
0.09436885
0.09517026
0.08902148
0.08150972
0.095969945
0.09255893
0.08944754
0.09117732
0.09011735
0.08860891
0.092166685
0.08940721
0.09306202
0.09432078
0.09804494
0.09067693
0.09407823
0.097655706
0.08952121
0.08895091
0.09595577
0.09923537
0.09226255
0.09570217
0.09112167
0.090585165
0.10003038
0.10342047
0.09575454
0.08818471
0.09390219
0.09751504
0.08875167
0.09644129
0.09774859
0.1004562
0.08797461
0.10211318
0.09365724
0.09687355
0.092888184
0.10077059
0.09494915
0.0973129
0.09788338
0.094666705
0.09896626
0.09625853
0.095683366
0.10191994
0.093871064
0.10222798
0.09518645
0.09565476
0.09692525
0.09152812
0.106542416
0.098867685
0.10334482
0.10089345
0.09672646
0.09640322
0.103278704
0.09391687
0.09495961
0.09653868
0.0915961
0.10114559
0.09630495
0.088690385
0.09108089
0.09603794
0.09456731
0.09565125
0.0954607
0.09143372
0.09468021
0.09006274
0.11124173
0.100995086
0.09044581
0.09412212
0.10545491
0.093707755
0.0909714
0.093135074
0.09314862
0.09658754
0.11032353
0.08193856
0.08952499
0.11423464
0.097808026
0.103183724
0.08731023
0.09632
0.0986443
0.093575716
0.09710936
0.0916561
0.1019684
0.09583872
0.09278248
0.09719146
0.09302812
0.09103868
0.09435679
0.093312725
0.08317729
0.08434122
0.09836319
0.08455259
0.0926654
0.091013975
0.095773555
0.09070974
0.0862117
0.08395853
0.08056806
0.09452492
0.08646336
0.08500449
0.097632974
0.09117725
0.086875014
0.0962877
0.09664168
0.09526185
0.09511772
0.08846956
0.082914025
0.09544196
0.09300779
0.08968186
0.09166595
0.09447595
0.08685444
0.093702935
0.09622353
0.09196148
0.08203287
0.0967147
0.08864191
0.09497115
0.08902082
0.08167763
0.08367219
0.084696084
0.089085594
0.08653378
0.093290426
0.09584293
0.09331907
0.0846583
0.1012623
0.0903465
0.08659347
0.083911456
0.09949382
0.090965435
0.089227855
0.086371094
0.08871109
0.09203648
0.086580284
0.08770416
0.08476607
0.092671245
0.08133958
0.086450465
0.09641217
0.08653507
0.08473301
0.08822319
0.09339826
0.08730134
0.11001037
0.08072122
0.08893324
0.08660332
0.09035699
0.08440973
0.08191077
0.093851715
0.08348539
0.08218786
0.08750482
0.082088865
0.09497932
0.082132585
0.085325606
0.08471697
0.094704695
0.080941714
0.09035299
0.09265374
0.08342454
0.088519655
0.091231056
0.08560796
0.08606776
0.08227326
0.081714146
0.09148858
0.09077436
0.08609679
0.08906207
0.084840596
0.08938822
0.08033194
0.079237185
0.08155466
0.08675369
0.0794256
0.07650032
0.07859058
0.08275587
0.08001036
0.08075815
0.0850126
0.08204125
0.08784616
0.08279576
0.083486155
0.08301347
0.08018417
0.078803316
0.07760178
0.07628742
0.078593284
0.08581312
0.07769087
0.075858906
0.077017434
0.078439236
0.07963399
0.08393812
0.08012579
0.07784914
0.07654187
0.07556453
0.07489183
0.07512038
0.07711639
0.07928676
0.079837665
0.07870289
0.0779323
0.075377166
0.07476578
0.072000846
0.07426856
0.074208505
0.075886816
0.07744611
0.07938791
0.077384084
0.07560772
0.07420266
0.07653194
0.07655605
0.0774101
0.07686653
0.07583999
0.07325047
0.075412564
0.07637508
0.081197634
0.07986352
0.08035894
0.07452222
0.07490185
0.075060524
0.079229854
0.07973011
0.079529256
0.078855895
0.08036242
0.07894977
0.081722684
0.08264882
0.08783796
0.0836046
0.082790546
0.081238575
0.08188337
0.07857986
0.07858074
0.07913336
0.08120304
0.08209197
0.082810335
0.0829364
0.08069783
0.078363545
0.07632344
0.079641744
0.07859867
0.080285884
0.07821551
0.08041709
0.07921414
0.08133994
0.082418695
0.08371221
0.084235854
0.08079577
0.08024134
0.07690462
0.07836752
0.076663435
0.077777855
0.07709211
0.07960646
0.08136679
0.082816444
0.083703876
0.084409304
0.083497405
0.08209465
0.08349199
0.0875815
0.08817908
0.08372076
0.08097353
0.08155282
0.082936645
0.082686156
0.08225614
0.08197652
0.08733882
0.09843791
0.086256735
0.08185103
0.0874957
0.08561493
0.08500567
0.07930938
0.07982676
0.07967845
0.082770504
0.080975674
0.07848336
0.077292725
0.079102494
0.08013328
0.08074323
0.08040675
0.07871176
0.07612543
0.0743536
0.07749073
0.081391126
0.08403836
0.08629438
0.08524995
0.08558825
0.08163235
0.080080196
0.07576731
0.078775376
0.07871973
0.08091773
0.081197634
0.08320662
0.08383769
0.08150675
0.08146221
0.083915696
0.08538796
0.08484346
0.08585191
0.08510503
0.08537406
0.08550548
0.08653813
0.08705954
0.08416629
0.08616207
0.086740054
0.0885822
0.087594084
0.08933494
0.086341664
0.08413119
0.08084819
0.087080345
0.089133784
0.09197798
0.08885708
0.09496776
0.10692124
0.094689146
0.087747134
0.08647462
0.08862982
0.08930023
0.08763537
0.08912798
0.09146412
0.09460071
0.093476444
0.09553105
0.09324396
0.092477806
0.08898908
0.087874554
0.09340668
0.10284587
0.09588472
0.09528668
0.09986566
0.101929344
0.09938046
0.096392505
0.09000226
0.09306336
0.09260263
0.10324928
0.11565034
0.097580664
0.087949485
0.08845059
0.08913621
0.08940213
0.090826094
0.09162293
0.09219242
0.09108131
0.08931459
0.089102425
0.08796927
0.08736098
0.09179296
0.09206845
0.09155433
0.0897283
0.094249725
0.094927214
0.09301995
0.08991501
0.09494844
0.096412905
0.0938921
0.093378924
0.0920033
0.094995156
0.09275021
0.0935428
0.09242344
0.09033696
0.0893628
0.08906946
0.092007674
0.08926375
0.08798506
0.08444212
0.086081795
0.08705428
0.086969785
0.08786018
0.088974215
0.090494856
0.08965993
0.08951099
0.088243514
0.08673093
0.08514734
0.08343934
0.084896676
0.08391705
0.088994466
0.08358182
0.085527815
0.08259307
0.08637785
0.08423948
0.079839304
0.08378883
0.08719034
0.0948329
0.08878199
0.086324625
0.08031841
0.08347219
0.082824126
0.0852138
0.08708884
0.09148538
0.0932673
0.09296074
0.08946375
0.09037297
0.08926159
0.09383576
0.092951484
0.093543105
0.09083416
0.08955172
0.0908574
0.08753413
0.08418172
0.08194444
0.084218234
0.08570642
0.088743225
0.08883991
0.089521654
0.084798396
0.08291641
0.082244106
0.08681129
0.087471165
0.08967266
0.084880784
0.08900006
0.08737396
0.09069606
0.087948784
0.08791519
0.08428127
0.082386754
0.07912802
0.08644885
0.08848881
0.092099756
0.08558099
0.08594476
0.087633334
0.08557087
0.08578564
0.08194531
0.08148205
0.08016588
0.07937624
0.079266176
0.07588818
0.07735294
0.08456356
0.08811484
0.09171267
0.08710044
0.08558091
0.082274064
0.082577236
0.08122991
0.07840198
0.07605296
0.07357994
0.07703631
0.0787451
0.08508315
0.08574254
0.08546416
0.08468129
0.07853012
0.08033096
0.07909072
0.08094269
0.08174392
0.081893526
0.08413525
0.094417036
0.0923374
0.09490366
0.0839585
0.084568195
0.08354828
0.083209164
0.08289255
0.08207477
0.07930436
0.08083231
0.08149718
0.08262422
0.078540824
0.080877386
0.083448134
0.08916799
0.08584144
0.08063502
0.08056376
0.08085366
0.08494982
0.08234747
0.08065882
0.081581146
0.08301554
0.086697005
0.08414705
0.081674464
0.077495754
0.07950595
0.082827665
0.085237876
0.08222051
0.08152077
0.07976783
0.082088135
0.084006205
0.08487586
0.082333766
0.07867844
0.08172741
0.08267049
0.08172075
0.076519184
0.080845416
0.08181826
0.08016149
0.07668032
0.08145638
0.08454022
0.08838901
0.08458171
0.0828727
0.076957785
0.07755178
0.07956653
0.08209415
0.07691462
0.079895526
0.07832795
0.08200187
0.07913476
0.08161662
0.08179149
0.0857948
0.08636463
0.08661902
0.083461344
0.0853125
0.08591487
0.09058029
0.08864003
0.08762368
0.08737141
0.09167434
0.09815531
0.09368248
0.08921015
0.0825847
0.08293258
0.08539201
0.0906192
0.08935085
0.090031676
0.08670226
0.08542346
0.08110077
0.07975831
0.08353975
0.087440886
0.08956493
0.09018377
0.08900665
0.08872481
0.08978728
0.08886564
0.08987887
0.086030275
0.08180441
0.08049529
0.082648315
0.08703206
0.08622808
0.08817069
0.08731929
0.08738172
0.084333055
0.08219589
0.08123214
0.08594418
0.086268164
0.088292815
0.08041477
0.08265961
0.079128794
0.08527279
0.08339741
0.08358717
0.0782786
0.0798355
0.08158038
0.08345882
0.084823474
0.084381446
0.08735024
0.08846012
0.09398421
0.094808474
0.091973804
0.09112825
0.08668533
0.087608494
0.08463596
0.08321786
0.082852036
0.08603879
0.090726204
0.08894698
0.0848134
0.08381276
0.07986962
0.08268474
0.07951276
0.08382404
0.08084874
0.08311436
0.08277296
0.0820084
0.08032467
0.07909172
0.077645466
0.074627504
0.07967436
0.080777094
0.08473498
0.08408317
0.08396209
0.084921286
0.08290302
0.080102965
0.07963238
0.07998808
0.08208695
0.07830704
0.0756764
0.077611774
0.08355671
0.08345674
0.0872043
0.081754476
0.080333054
0.07590192
0.07498569
0.078959785
0.07905418
0.080169626
0.07738598
0.0770115
0.074503906
0.07680644
0.077364326
0.08077856
0.07936836
0.079188704
0.0804333
0.07930778
0.07821057
0.07557096
0.07332151
0.0699076
0.07131182
0.07309814
0.075897746
0.07210755
0.06903987
0.06708903
0.06978377
0.074393526
0.081080325
0.08337207
0.081888616
0.07638897
0.07555959
0.07973298
0.0808659
0.08082781
0.07192154
0.06886931
0.06558166
0.0673259
0.072925754
0.080403864
0.08137717
0.07827166
0.073436834
0.07745893
0.07778289
0.081337616
0.08312915
0.07933749
0.07529655
0.07773287
0.08248751
0.08754752
0.08259579
0.08526484
0.08377078
0.08309597
0.07796637
0.07651526
0.077744946
0.079178095
0.07921527
0.08101353
0.086822264
0.090294585
0.09196241
0.0881292
0.085610755
0.08190807
0.07846495
0.07442004
0.07467464
0.08181627
0.08676785
0.14029768
0.24127515
0.15715297
0.104141675
0.07989186
0.07644711
0.08067154
0.0873451
0.09303937
0.0865008
0.08118437
0.0823726
0.08299805
0.08198315
0.076643854
0.08017828
0.08242264
0.08186193
0.07751281
0.081376195
0.08636442
0.0867816
0.08213522
0.08024201
0.07839695
0.07673227
0.07597133
0.07621566
0.08054566
0.0788525
0.07883867
0.076163605
0.0711665
0.075845875
0.07792464
0.08552593
0.0822916
0.08137671
0.07764006
0.0779054
0.07399055
0.07806769
0.07541466
0.078653604
0.07030918
0.07378836
0.07295998
0.07887857
0.07360236
0.07126518
0.06905955
0.074442185
0.07634101
0.07606771
0.07505624
0.07397566
0.07489371
0.07294473
0.07478174
0.078504026
0.08362957
0.08309855
0.08018877
0.0780194
0.07555256
0.07314033
0.0715593
0.07157085
0.06959294
0.07401174
0.07535574
0.07828652
0.07526894
0.08249354
0.079285204
0.07850586
0.07318933
0.07606575
0.078364484
0.075112395
0.080396906
0.077716716
0.084013686
0.08047839
0.078736424
0.07696452
0.07555739
0.080163896
0.08109007
0.07872108
0.07545826
0.07185497
0.07569089
0.07304935
0.06996261
0.07032233
0.07513744
0.07925365
0.07765109
0.07712337
0.0762977
0.07533678
0.07397198
0.07465294
0.07255026
0.068793714
0.068294615
0.07216625
0.07671732
0.07606663
0.07496012
0.07298764
0.071939446
0.07053255
0.07114028
0.074447006
0.07572787
0.07445535
0.07464351
0.07622344
0.07445783
0.07268218
0.0725253
0.07549842
0.07997068
0.07865992
0.08788986
0.082850836
0.079997726
0.0705777
0.07034618
0.07074116
0.07176089
0.072456
0.06992457
0.070261195
0.06974438
0.07296323
0.07588277
0.07834907
0.07845979
0.07569988
0.071108975
0.065843344
0.063364506
0.06352202
0.063470036
0.063904636
0.066096894
0.06723652
0.06530374
0.06459596
0.06148986
0.06285694
0.06451066
0.06673161
0.072686784
0.07462143
0.075927354
0.07614323
0.07342648
0.07083675
0.06616245
0.06691556
0.06663683
0.06840388
0.06718965
0.06843223
0.065609656
0.06489135
0.06487303
0.06399237
0.065457344
0.064796135
0.06840482
0.06813674
0.06837461
0.06680863
0.070209436
0.06757547
0.066881366
0.06470103
0.06335767
0.061875872
0.061035108
0.06252945
0.068311766
0.068410985
0.06929481
0.069129795
0.070439614
0.06547825
0.066702515
0.06353744
0.062485408
0.06125587
0.061485402
0.061172344
0.06371771
0.06814659
0.06642828
0.067200065
0.06787899
0.06647653
0.06385866
0.0631894
0.062582664
0.062100757
0.062395792
0.06310949
0.062320895
0.06344668
0.0621652
0.06276181
0.0596413
0.058814522
0.05686808
0.05633167
0.054666493
0.05527165
0.056067284
0.054890197
0.05558085
0.05855495
0.058110576
0.061483968
0.060499262
0.0603572
0.062423572
0.06041228
0.056896117
0.05817266
0.058090273
0.05103467
0.053600524
0.05371717
0.054664645
0.056015667
0.056686856
0.054393556
0.054866567
0.05551424
0.052692086
0.05373399
0.055306442
0.055075467
0.05543126
0.05652375
0.055460103
0.05504042
0.05563042
0.05342061
0.05394108
0.053094085
0.0548551
0.052866995
0.052871794
0.05275264
0.054012492
0.05341487
0.05518095
0.055433523
0.05438682
0.056194454
0.059482425
0.059588876
0.059202902
0.059463885
0.06177386
0.057899773
0.058630854
0.06146644
0.06257023
0.0629019
0.06707891
0.06517951
0.06623134
0.06776998
0.063617386
0.060186118
0.062174935
0.05861246
0.058031175
0.056224857
0.056628294
0.056296077
0.057922922
0.054660723
0.05567313
0.05457031
0.055031437
0.055929396
0.060443144
0.06333389
0.066655025
0.06567004
0.063540235
0.061504956
0.06063671
0.057331253
0.059639413
0.059613388
0.05940245
0.061720327
0.065084964
0.0658525
0.06942427
0.06993289
0.071008705
0.07138981
0.069650576
0.069240674
0.070292644
0.06584159
0.06706201
0.06828144
0.066609
0.06527012
0.07006817
0.06460874
0.06225747
0.062339973
0.06260231
0.06121537
0.064326905
0.06701578
0.06851503
0.06860569
0.06753236
0.06763823
0.06622959
0.06591679
0.06384887
0.0677386
0.06831958
0.067694046
0.06790324
0.06872585
0.064682044
0.06328365
0.06260994
0.06358453
0.06553576
0.06446679
0.063227125
0.061317462
0.058540422
0.059738137
0.057489872
0.05669582
0.058680877
0.05779398
0.05746075
0.055147287
0.05668561
0.05883805
0.062404837
0.066173725
0.06711685
0.06704378
0.064389035
0.059526917
0.05777854
0.059022613
0.05778836
0.06084477
0.06256571
0.065211765
0.06469012
0.060207
0.06038252
0.058674086
0.058561604
0.06114555
0.062096078
0.06433877
0.06419738
0.063408665
0.063990295
0.067285255
0.066965796
0.065960556
0.06894899
0.07115884
0.07018347
0.06930245
0.067825615
0.07142908
0.066614345
0.06869554
0.06976645
0.07346444
0.07031023
0.07107516
0.068181425
0.0670393
0.063312545
0.0647535
0.06718505
0.06500887
0.06630509
0.06985389
0.07173573
0.06859095
0.075587265
0.07494189
0.07541871
0.071055345
0.07345455
0.070043094
0.07302113
0.070260875
0.07090622
0.07269562
0.07537519
0.073807776
0.07598411
0.07613158
0.074269004
0.07024524
0.06922399
0.06909867
0.0716574
0.0738841
0.07303377
0.07415064
0.07173725
0.06799365
0.06695716
0.06338254
0.06557457
0.06628878
0.069941826
0.075252235
0.076562494
0.07985257
0.0797216
0.07955544
0.07868696
0.08007778
0.08168174
0.081793614
0.084587775
0.08363259
0.08088665
0.08064493
0.07900572
0.0769998
0.0786963
0.07926416
0.07649529
0.07769421
0.07653133
0.07299723
0.073453255
0.074429184
0.073906384
0.073465414
0.077903196
0.07866773
0.07970942
0.081187405
0.078743644
0.07570968
0.07804471
0.07982565
0.077713944
0.08039896
0.08035671
0.07702208
0.077184744
0.08063063
0.08118864
0.08255318
0.08333712
0.08164704
0.080577455
0.078156464
0.07733169
0.077857964
0.07741309
0.07760061
0.07891029
0.07756784
0.07853211
0.07774314
0.07572947
0.07439628
0.077014975
0.07528893
0.07555314
0.07133168
0.07017847
0.0687186
0.065674625
0.063879296
0.06348645
0.06730974
0.06720503
0.066246785
0.06724272
0.06751645
0.06904309
0.06850761
0.07349416
0.07742322
0.07585658
0.07662166
0.07480103
0.069440186
0.06871281
0.06172485
0.063024424
0.061765842
0.0604795
0.060778778
0.061451666
0.064651504
0.06573302
0.06572734
0.064653456
0.066539265
0.06822286
0.06848833
0.06511733
0.061467163
0.059578117
0.060048386
0.060237087
0.058761545
0.059014134
0.06091056
0.063009985
0.064922914
0.06394578
0.06209692
0.06471526
0.06296562
0.06175502
0.06250674
0.061652087
0.062460743
0.06305186
0.065182135
0.06678446
0.06629985
0.06799267
0.06676006
0.06696567
0.07143432
0.06782162
0.067803845
0.06822686
0.0647484
0.06550384
0.06404712
0.057330463
0.058606647
0.059211917
0.05752819
0.056104556
0.058728233
0.06039791
0.06126604
0.059633765
0.05923377
0.05811593
0.06100439
0.06262126
0.05871974
0.062386
0.062258244
0.062022176
0.060729604
0.05969778
0.06232047
0.063660055
0.06366264
0.06726884
0.06672679
0.06828421
0.0682861
0.06749062
0.06782377
0.06513897
0.06168263
0.06347712
0.0619394
0.06035757
0.059451804
0.058968842
0.059480935
0.06143787
0.060775653
0.061800182
0.06364895
0.069009125
0.06829099
0.06855345
0.066806935
0.07082389
0.070447735
0.06832238
0.0677046
0.06675633
0.06584486
0.06897033
0.06641214
0.066040784
0.0652427
0.063710205
0.06408602
0.06478054
0.06268428
0.061180476
0.05907323
0.058994353
0.059263375
0.061554752
0.06191942
0.06413015
0.0637987
0.062426746
0.06598801
0.06594277
0.06535401
0.06325361
0.060482673
0.06023015
0.062023185
0.06249499
0.061153635
0.06361933
0.06704049
0.068577744
0.067437366
0.06902696
0.066366844
0.066500016
0.06936971
0.06622379
0.06673389
0.06759313
0.065652326
0.06579974
0.06777979
0.06677575
0.067681886
0.0682968
0.06921323
0.0724811
0.07094523
0.07121918
0.07005713
0.06813158
0.06800384
0.06918378
0.0683743
0.07021728
0.068466954
0.06987916
0.07025904
0.07090859
0.072724074
0.07003146
0.06793001
0.0646043
0.06569698
0.06473846
0.06452195
0.065481246
0.06309334
0.06334045
0.06430142
0.06422269
0.06836247
0.068158455
0.07128877
0.06894179
0.06854224
0.07053708
0.07185834
0.06927829
0.067676395
0.066872574
0.06660141
0.06942519
0.069261394
0.06986665
0.06818755
0.06937867
0.071013935
0.07315764
0.073264614
0.07436587
0.07487495
0.07540571
0.07520255
0.07695393
0.076481074
0.076160945
0.07449324
0.073227935
0.07107793
0.07134326
0.07129059
0.06966586
0.067033045
0.06514365
0.06566178
0.06612886
0.06505357
0.06553437
0.061063807
0.062032904
0.061507937
0.06434391
0.06483722
0.06445569
0.06402681
0.061384898
0.057589356
0.057674143
0.057750896
0.05625518
0.054607052
0.05245282
0.051534563
0.050200045
0.05185034
0.053034734
0.053849626
0.055893637
0.05413013
0.055559866
0.05620223
0.057723377
0.057771336
0.05842302
0.05945935
0.05658021
0.057974078
0.05653509
0.058724873
0.060027875
0.058973745
0.059252933
0.059876543
0.06056932
0.060266625
0.059205562
0.058479857
0.05618545
0.057987615
0.0561577
0.056158643
0.056329798
0.055125427
0.053735428
0.0520531
0.051651888
0.051740304
0.051521055
0.05179389
0.052137244
0.051259764
0.04961448
0.04887771
0.04803436
0.048432674
0.049779702
0.050099608
0.050504535
0.04997669
0.049261495
0.05014899
0.049820364
0.050583746
0.05154003
0.052445214
0.052088283
0.054264665
0.055169143
0.054616448
0.05462481
0.0564287
0.058377277
0.059804033
0.060615104
0.059292965
0.06141877
0.06069358
0.06226549
0.059589516
0.058854397
0.05857539
0.05954246
0.05856434
0.05550567
0.05385956
0.054576192
0.056448728
0.054470345
0.056597825
0.055964127
0.057104018
0.056837205
0.058057673
0.058475293
0.057868127
0.060964394
0.06242679
0.06356568
0.062794365
0.06227455
0.06133165
0.059878793
0.05916615
0.059062656
0.06123878
0.06410079
0.06485109
0.06683523
0.06502382
0.06624394
0.06717301
0.06847363
0.06936321
0.06913016
0.06991298
0.07152546
0.06945611
0.06651481
0.066246234
0.067382045
0.06661988
0.068503976
0.07009092
0.06900204
0.06999558
0.06928843
0.06628757
0.06597431
0.06666608
0.066041104
0.06586063
0.065110914
0.06385268
0.06224548
0.06058345
0.06354398
0.06451449
0.06569856
0.06965092
0.07058792
0.071956426
0.07528826
0.07431648
0.07411737
0.07507902
0.075415984
0.07643088
0.07349368
0.07218751
0.074601814
0.07306299
0.074056245
0.071498975
0.06877449
0.07113822
0.07284564
0.074878916
0.073787294
0.07468042
0.076764554
0.07459763
0.07289527
0.074475676
0.07219783
0.074993506
0.0769739
0.07761741
0.07664328
0.07722459
0.0767012
0.07863852
0.08039015
0.08308787
0.08502547
0.08393372
0.08756211
0.08760536
0.08625892
0.089224644
0.08982761
0.092922665
0.09400227
0.09363441
0.09195804
0.091051474
0.0923755
0.0881395
0.08796871
0.085911565
0.083296336
0.08397354
0.08222937
0.082457155
0.0820553
0.07723307
0.07643976
0.07466281
0.07287636
0.073416464
0.07368133
0.0744291
0.07338253
0.07380117
0.07121918
0.07301609
0.07180739
0.071754776
0.07369255
0.07423471
0.075027645
0.076125085
0.07693505
0.076280944
0.07636851
0.07555725
0.073010266
0.073501535
0.07652489
0.077347405
0.07778803
0.07655527
0.07620829
0.07732609
0.0766237
0.07619826
0.07560328
0.0768692
0.078731254
0.08046017
0.08131672
0.078915134
0.07651763
0.074180976
0.07514007
0.075162806
0.076229885
0.07672431
0.07770471
0.0780612
0.07768712
0.07605615
0.07531051
0.077317216
0.07685072
0.07707983
0.07572372
0.075937204
0.077382185
0.07551734
0.075516425
0.07580194
0.07527991
0.07330801
0.07327106
0.07457118
0.07281036
0.07087883
0.07128301
0.07143037
0.07138021
0.07098376
0.07181637
0.071916975
0.0734571
0.07318966
0.0709842
0.06989332
0.06836752
0.067587405
0.06721566
0.06595516
0.067186534
0.06854191
0.06675799
0.06694752
0.06445149
0.062418975
0.06229857
0.061571945
0.05999447
0.05879162
0.056677047
0.05535354
0.056646448
0.056212336
0.0549478
0.056025594
0.0566949
0.055753093
0.057680618
0.05641024
0.05510558
0.05451418
0.054204907
0.054419003
0.054610465
0.054885384
0.05527747
0.056523193
0.057582263
0.057064384
0.058299363
0.060864713
0.060262986
0.059352458
0.05908083
0.061109293
0.06078605
0.06051387
0.061124783
0.059526697
0.060686447
0.062387254
0.0618223
0.06300364
0.06507308
0.06526026
0.06418957
0.06341016
0.061246023
0.059556402
0.06023064
0.060387913
0.059993286
0.05818568
0.057260573
0.055429883
0.055269107
0.055146813
0.053195626
0.051611982
0.051180586
0.05068926
0.050546855
0.05012343
0.04895475
0.04801396
0.04856324
0.04878897
0.04711718
0.047636643
0.04779876
0.047723174
0.049027786
0.05004973
0.049865913
0.048687246
0.049804095
0.05047892
0.0507904
0.050347976
0.05229157
0.05261291
0.05248269
0.052268844
0.0534027
0.053525206
0.053460363
0.052422944
0.05312228
0.053366303
0.054110903
0.052765384
0.052719027
0.052396607
0.05390906
0.053555895
0.053435918
0.052873254
0.052425943
0.050998613
0.050643694
0.04998333
0.050173793
0.05051426
0.050044872
0.04931742
0.04955979
0.049335647
0.04844228
0.048070654
0.04825085
0.04904978
0.04831706
0.047375355
0.046369422
0.046510108
0.045648236
0.04528133
0.04517555
0.04524702
0.044990424
0.04597955
0.04646288
0.045513686
0.045910973
0.04521377
0.044910066
0.045205038
0.04529449
0.046214443
0.045840994
0.047290366
0.04747717
0.046806637
0.047347557
0.046865188
0.04810627
0.048209045
0.049286135
0.050870597
0.04980905
0.04914538
0.04860525
0.048889823
0.049051616
0.050772864
0.05147579
0.052546106
0.052931286
0.052445307
0.051859632
0.050964072
0.051014252
0.052751265
0.051308982
0.050557002
0.050801516
0.049733922
0.050121255
0.050759993
0.051009968
0.050369967
0.050416317
0.050403822
0.051155396
0.050105073
0.05074609
0.050626248
0.051146768
0.051325403
0.05184185
0.05257734
0.052700732
0.05303889
0.053802572
0.05298509
0.052532077
0.051659912
0.051442634
0.05189826
0.052974034
0.0538061
0.05282089
0.0527112
0.053132508
0.053692
0.05326675
0.052544173
0.053093012
0.05382538
0.053792045
0.05476933
0.054425735
0.054336816
0.05443673
0.05460328
0.053005885
0.05165005
0.052053846
0.051017933
0.050194807
0.05015277
0.050230432
0.04971108
0.049945507
0.050648347
0.050219964
0.049962536
0.0496896
0.049014073
0.048332363
0.048602536
0.049371753
0.04884982
0.049660955
0.0496121
0.049924407
0.05045884
0.051070932
0.050623924
0.05073528
0.050914392
0.05126192
0.05166141
0.052377272
0.05287208
0.053652123
0.052908655
0.053381458
0.05258981
0.052876893
0.05281002
0.053327188
0.054042414
0.05577481
0.056786977
0.05672153
0.057140637
0.057612058
0.05861198
0.059567597
0.05989758
0.060378388
0.060983997
0.060625236
0.05985308
0.058883842
0.05688202
0.056497533
0.05555292
0.054973435
0.054460682
0.05477691
0.053342395
0.052403975
0.05132175
0.051266745
0.051449668
0.050268844
0.050033074
0.04988691
0.04876209
0.04839002
0.047496084
0.047580637
0.047206227
0.046158075
0.046014514
0.04514844
0.045213647
0.04456727
0.044066973
0.0439933
0.043861482
0.04377605
0.043327015
0.04271514
0.042661272
0.041891728
0.041898638
0.041629143
0.04154773
0.041212432
0.040807996
0.04006765
0.039583817
0.039233882
0.038862098
0.03830897
0.03780972
0.037226565
0.03656786
0.036141388
0.03547439
0.03518727
0.034678757
0.034080848
0.03363068
0.033087328
0.03256964
0.032076035
0.031605065
0.0311554
0.030725814
0.03031518
0.029922454
0.029546674
0.029186953
0.02884246
0.028512433
0.028196158
0.027892973
0.027602263
0.027323453
0.027056005
0.026799422
0.026553232
0.026317
0.026090318
0.025872799
0.025664084
0.025463834
0.025271736
0.02508749
0.024910819
0.024741456
0.024579158
0.024423692
0.024274837
0.024132393
0.023996161
0.023865962
0.023741625
0.02362299
0.023509903
0.023402223
0.023299819
0.023202563
0.023110338
0.023023034
0.022940548
0.022862783
0.02278965
0.022721065
0.022656951
0.022597233
0.022541849
0.022490732
0.022443831
0.022401093
0.02236247
0.022327922
0.022297412
0.022270905
0.022248376
0.022229798
0.022215154
0.022204429
0.022197608
0.022194685
0.022194685
0.022194685
0.022194685
0.022194685
0.022194685
0.022194685
0.022194685
0.022194685
0.022194685
0.022194685
0.022194685
0.022194685
0.022194685
0.022194685
0.022194685
0.022194685
0.022194685
0.022194685
0.022194685
0.022194685
0.022194685
0.022194685
0.022194685
0.022194685
0.022194685
0.022194685
0.022194685
0.022194685
0.022194685
0.022194685
0.022194685
0.022194685
0.022194685
0.022194685
0.022194685
0.022194685
0.022194685
0.022194685
0.022194685
0.022194685
0.022194685
0.022194685
0.022194685
0.022194685
0.022194685
0.022194685
0.022194685
0.022194685
0.022194685
0.022194685
0.022194685
0.022194685
0.022194685
0.022194685
0.022194685
0.022194685
0.022194685
0.022194685
0.022194685
0.022194685
0.022194685
0.022194685
0.022194685
0.022194685
0.022194685
0.022194685
0.022194685
0.022194685
0.022194685
0.022194685
0.022194685
0.022194685
0.022194685
0.022194685
0.022194685
0.022194685
0.022194685
0.022194685
0.022194685
0.022194685
0.022194685
0.022194685
0.022194685
0.022194685
0.022194685
0.022194685
0.022194685
0.022194685
0.022194685
0.022194685
0.022194685
0.022194685
0.022194685
0.022194685
0.022194685
0.022194685
0.022194685
0.022194685
0.022194685
0.022194685
0.022194685
0.022194685
0.022194685
0.022194685
0.022194685
0.022194685
