1440.2458
487.0452
225.00533
159.599
125.75427
104.34219
89.24842
77.68325
68.74583
61.541573
55.623882
50.63516
46.53624
42.81083
39.62104
36.94144
34.51346
32.185383
30.218052
28.43714
26.912128
25.3766
24.075397
22.82939
21.677475
20.683073
19.85502
18.855997
18.255215
17.572449
16.671118
16.061176
15.480418
14.746017
14.217656
13.673432
13.17995
12.737036
12.461571
11.954374
11.465358
11.189547
10.773788
10.482541
10.14574
9.857956
9.687116
9.375198
9.031191
8.756165
8.533255
8.312642
8.095848
7.994404
7.8008842
7.4715486
7.264051
7.1235657
6.969165
6.817399
6.6506104
6.60417
6.3913417
6.197695
6.0665207
5.929009
5.8135796
5.7515574
5.6076136
5.4887996
5.3460717
5.2928624
5.1739335
5.034725
4.9342732
4.8609796
4.7759604
4.7138305
4.6026897
4.5115037
4.450649
4.3498335
4.254407
4.1912827
4.1341834
4.074493
4.0073166
3.9574325
3.8794498
3.885738
3.7812724
3.692302
3.6410818
3.604048
3.5633695
3.4925113
3.4275632
3.4002185
3.351458
3.3022914
3.2491243
3.221023
3.1673856
3.1355193
3.0998416
3.094389
3.036151
2.975404
2.9408257
2.8985338
2.8794117
2.8410296
2.8383145
2.762591
2.753365
2.7274616
2.681412
2.6295533
2.6257865
2.5851412
2.5380616
2.543384
2.4781532
2.4769297
2.503171
2.4154773
2.386219
2.3828146
2.3592079
2.324702
2.2958426
2.2991848
2.2601242
2.24481
2.2277296
2.2033668
2.1898096
2.1685038
2.160057
2.1393976
2.1063194
2.072002
2.0613623
2.05349
2.032148
2.0054872
1.9942007
1.9747673
1.9623172
1.9499193
1.9363202
1.909923
1.9044511
1.8834891
1.8702582
1.8621249
1.8454738
1.8246719
1.8161768
1.8065974
1.7845336
1.7852281
1.752496
1.743908
1.7708441
1.7324263
1.7287236
1.7125556
1.7153611
1.6932406
1.6711539
1.6566921
1.6410149
1.648829
1.6433322
1.6268619
1.6360792
1.6041868
1.6474273
1.6291859
1.5748191
1.5685481
1.5661396
1.5507513
1.5547446
1.5301231
1.5113348
1.5122418
1.5068187
1.4932171
1.4822484
1.4721524
1.4561061
1.4444181
1.43341
1.436651
1.4209163
1.412306
1.4029219
1.3980701
1.3899829
1.3799564
1.3684353
1.3700812
1.3568743
1.3549705
1.3450129
1.3323638
1.3294916
1.331832
1.3138694
1.3075542
1.300154
1.3017969
1.2962273
1.2844764
1.276439
1.2779313
1.2748097
1.2711898
1.254875
1.2528985
1.2543308
1.241109
1.231999
1.22865
1.2262971
1.2171663
1.2225353
1.236238
1.2140797
1.2008637
1.1987221
1.1919215
1.1893767
1.1809659
1.1873342
1.1740576
1.1742638
1.1669372
1.1635113
1.1646247
1.1599917
1.1571339
1.1541375
1.1409096
1.1453367
1.1461793
1.1448328
1.1214311
1.126074
1.124421
1.1148701
1.1125785
1.1098375
1.104702
1.1038858
1.1047271
1.0969696
1.0932026
1.0967999
1.0893884
1.0808895
1.0842913
1.0800444
1.0937955
1.0743781
1.0710622
1.0638072
1.0688686
1.0635085
1.0646254
1.0690974
1.0534832
1.0561255
1.0500894
1.0574074
1.0481596
1.0541489
1.0526434
1.0631294
1.0375465
1.0413423
1.0489987
1.0396458
1.0468981
1.0395099
1.0433774
1.0370294
1.03596
1.0274271
1.0317887
1.0240004
1.0198985
1.0243076
1.0132489
1.0151175
1.0160776
1.0158309
1.0040323
1.0157479
0.9978127
1.0027658
0.99650824
1.003577
0.9942073
0.9847984
0.98355055
0.98067325
0.9788538
0.98811036
0.9745137
0.9714949
0.9711328
0.97148955
0.9720878
0.9737449
0.9675674
0.9695541
0.97462994
0.9611999
0.9618602
0.9636403
0.96513605
0.95962256
0.9507925
0.95702094
0.9602748
0.95172966
0.9575017
0.9534807
0.9494299
0.946052
0.9366216
0.9341615
0.9342813
0.93371874
0.930931
0.93666184
0.93565416
0.9275152
0.92484194
0.93280095
0.9296186
0.9252664
0.93442446
0.92605895
0.92351604
0.9216744
0.91873527
0.91608256
0.9166673
0.9087527
0.916294
0.91024417
0.9144966
0.9076407
0.91001713
0.8973315
0.8969058
0.90563774
0.89608663
0.8915688
0.8980683
0.89392567
0.8930086
0.8867033
0.8929801
0.89441633
0.88456494
0.8877924
0.8832215
0.8815073
0.87633884
0.870706
0.87669784
0.87511283
0.88034844
0.8713016
0.8723039
0.8746537
0.87340796
0.8663516
0.86863524
0.87605387
0.8677678
0.8717792
0.8717668
0.8685823
0.8698726
0.8617343
0.8591774
0.865372
0.8579746
0.856831
0.859993
0.85106856
0.8594834
0.8443504
0.8500367
0.8460929
0.8488048
0.8498074
0.8433616
0.83844125
0.8440502
0.8389159
0.8404465
0.8354435
0.8392718
0.840707
0.82991505
0.8279826
0.83278507
0.8212311
0.82866645
0.83245945
0.8255845
0.82866436
0.82107127
0.8193451
0.81824714
0.8160506
0.8171927
0.8095449
0.81176114
0.8158262
0.8200517
0.80822355
0.811098
0.80466545
0.8068183
0.80839694
0.79954284
0.7957247
0.7984067
0.7974304
0.79163057
0.798088
0.7935619
0.7997514
0.79317087
0.7953741
0.79445946
0.7920958
0.7894814
0.7861951
0.7853741
0.7887647
0.7894216
0.7776853
0.7839671
0.7836497
0.77988636
0.77159965
0.78081095
0.77806854
0.77777225
0.77413315
0.7727581
0.7773909
0.7739145
0.76498944
0.77463657
0.76914054
0.76552725
0.76809067
0.7628464
0.76697546
0.7667664
0.7621841
0.76924604
0.7635205
0.75617975
0.7598787
0.75868493
0.75718904
0.75789255
0.75138205
0.75354075
0.7581895
0.7613912
0.7653216
0.772225
0.75962067
0.7538284
0.75717795
0.75754744
0.756138
0.7565399
0.7636575
0.75127167
0.7493609
0.74938655
0.7542755
0.7561638
0.74593306
0.7546128
0.7532352
0.75246674
0.7464597
0.74869096
0.7538266
0.75027156
0.75608766
0.7546665
0.75436777
0.7432666
0.7486428
0.7465854
0.7405754
0.74400073
0.7450724
0.7787086
0.7491319
0.7512642
0.745876
0.74552673
0.7497551
0.74893546
0.74821657
0.7447161
0.74529505
0.7474943
0.74331343
0.73647326
0.7586118
0.7402759
0.7393972
0.73299956
0.741311
0.7342673
0.74220073
0.7289232
0.7377955
0.73668325
0.73898876
0.7328006
0.7320637
0.73326087
0.7361322
0.73009425
0.73196083
0.7278554
0.7322388
0.72792774
0.7346711
0.7362495
0.7359001
0.72772735
0.72647303
0.73646617
0.7246085
0.7271476
0.7296396
0.73319304
0.73054606
0.73633814
0.7317133
0.7290862
0.73269
0.73487246
0.7335728
0.72857344
0.7290768
0.7326155
0.73498523
0.73536795
0.7351871
0.7377296
0.730922
0.72968066
0.72875917
0.7356227
0.7312915
0.73233116
0.7342376
0.7320507
0.736984
0.7295405
0.7326357
0.7344191
0.72777313
0.7242433
0.7298077
0.73412025
0.7283678
0.73440313
0.72446513
0.7280359
0.7191316
0.7267446
0.7225369
0.7260267
0.72231114
0.7249216
0.7265602
0.72704184
0.71803784
0.7188478
0.7228687
0.7224142
0.72707105
0.7227945
0.7231322
0.7261032
0.7167561
0.7185469
0.7221147
0.7191794
0.72226316
0.7187897
0.71289
0.7165238
0.7134956
0.71897864
0.70593596
0.7123721
0.7170068
0.7127028
0.71651095
0.70708543
0.7096188
0.72410804
0.7107394
0.70811063
0.7172883
0.7185881
0.70407283
0.706219
0.70466304
0.7115114
0.70782906
0.7067303
0.70508707
0.7027933
0.706935
0.7018538
0.700728
0.7086575
0.70454377
0.69673306
0.6987683
0.69638425
0.6926805
0.69894457
0.69477886
0.6928413
0.69485545
0.69848084
0.696014
0.6988124
0.702252
0.69216025
0.69662666
0.70033073
0.69257724
0.6974376
0.69240934
0.6915966
0.69324154
0.6953162
0.6951472
0.6923935
0.69101304
0.69465286
0.6974447
0.69847447
0.6915516
0.69311565
0.69345593
0.6943754
0.6939133
0.69778377
0.6877124
0.70099366
0.6920363
0.6944483
0.6917968
0.69310296
0.69102854
0.69093305
0.68953824
0.68734115
0.6983965
0.68878156
0.6903158
0.6944887
0.6891526
0.69232523
0.68897676
0.69275194
0.6940412
0.6835264
0.68236053
0.690492
0.68803626
0.68603885
0.6862936
0.6878633
0.688859
0.6938521
0.68885213
0.6850928
0.68436396
0.6815144
0.68372524
0.6911967
0.69321907
0.6895968
0.68725055
0.694317
0.6925565
0.6879383
0.68248004
0.67942953
0.68368065
0.6871637
0.68046653
0.6840974
0.6841969
0.689475
0.671533
0.68298155
0.673418
0.6833675
0.67766297
0.67986053
0.6783567
0.6789751
0.6799278
0.6719684
0.67310494
0.6777705
0.68195826
0.6720532
0.6758799
0.6767708
0.6752082
0.6718931
0.6705175
0.6693589
0.6720684
0.6695165
0.6718573
0.6676536
0.6765095
0.66902417
0.66974884
0.6678621
0.66803974
0.666163
0.66728145
0.66263825
0.66541153
0.6631775
0.6565974
0.658498
0.6640667
0.6632332
0.65876865
0.65854794
0.6636957
0.66398513
0.6646123
0.660217
0.65264314
0.6590528
0.65863204
0.65662104
0.6540171
0.6586897
0.65447843
0.6545099
0.6542623
0.6572883
0.64692503
0.6539198
0.65638924
0.65049154
0.6431367
0.65342516
0.6553035
0.6512136
0.64882666
0.65330243
0.6525508
0.65168846
0.65877527
0.6557201
0.6489823
0.6585236
0.6551843
0.65374297
0.6501403
0.6468014
0.6503877
0.6498252
0.65033716
0.6529232
0.646778
0.6456824
0.6507813
0.64860106
0.6462905
0.64952564
0.65164495
0.64827955
0.65027404
0.648811
0.65379524
0.65102947
0.64825594
0.64704126
0.6456278
0.65230834
0.64860886
0.6452014
0.6463648
0.6463816
0.64914006
0.65424746
0.6473891
0.6541407
0.6469941
0.64847344
0.6533152
0.6463538
0.65023375
0.64491427
0.64031607
0.6470652
0.64454174
0.64191645
0.6446169
0.6443954
0.63900036
0.64275324
0.6467947
0.6430384
0.64494836
0.6414251
0.63989234
0.63797045
0.6382464
0.6364288
0.64461017
0.641724
0.63314074
0.63499695
0.6309173
0.6338417
0.6313424
0.63389945
0.6338072
0.63046837
0.6315451
0.6322976
0.63174427
0.63266635
0.626933
0.6270028
0.6299754
0.6289697
0.62972456
0.62407476
0.6284107
0.6306787
0.6199752
0.6281454
0.6286355
0.63058573
0.62667936
0.61853045
0.6181955
0.62321055
0.6202072
0.61781734
0.6200612
0.62522155
0.6162223
0.61363775
0.614017
0.62108326
0.6170645
0.62298095
0.6099994
0.61331666
0.6141117
0.6163045
0.61313206
0.6069263
0.6115456
0.6128951
0.6145682
0.60831857
0.6086441
0.60441023
0.6071997
0.60727394
0.6131126
0.6094006
0.6120799
0.603953
0.60109717
0.61078304
0.6008504
0.6071114
0.61029905
0.6132712
0.6048237
0.6056796
0.6053912
0.60559195
0.6064993
0.60746706
0.5984937
0.5985513
0.60354686
0.6013318
0.6058936
0.6016823
0.60037535
0.6028511
0.6034073
0.6015093
0.59794474
0.6067508
0.60574
0.60005337
0.6007158
0.5984612
0.6038868
0.59525466
0.6012053
0.6002043
0.59260285
0.5994323
0.6001676
0.59503734
0.6034734
0.60049933
0.5927702
0.59471244
0.5921932
0.5987254
0.5956366
0.5992559
0.5994375
0.58921427
0.59514815
0.5916326
0.5879013
0.58983326
0.5923709
0.5948218
0.5905901
0.5967855
0.5945506
0.59075797
0.5846239
0.5909294
0.57914543
0.5884926
0.58255696
0.5801593
0.58026004
0.5883067
0.5845406
0.5814928
0.5790283
0.58291125
0.585498
0.58432144
0.58512306
0.58293366
0.58180803
0.58944076
0.57915515
0.5925843
0.5878104
0.5804427
0.5809674
0.58522654
0.58579445
0.58708733
0.59227306
0.5851967
0.5838943
0.5788814
0.58629763
0.5876754
0.5865107
0.5788123
0.58423716
0.5878111
0.5834362
0.5899091
0.5866156
0.57740456
0.5811129
0.5842125
0.58097476
0.5800931
0.5832116
0.58244634
0.5820489
0.5824363
0.5818712
0.5878382
0.5842019
0.5892543
0.5784409
0.5840332
0.580341
0.58636963
0.581446
0.58416396
0.5857473
0.5849916
0.5821817
0.5829362
0.5858164
0.58457446
0.5784513
0.5814295
0.57312614
0.58095735
0.5878309
0.57818747
0.5813535
0.58242667
0.58144265
0.5807358
0.57909954
0.58408695
0.5810176
0.5807654
0.5844685
0.5818403
0.5853549
0.58252686
0.5816658
0.5829284
0.57822365
0.5691457
0.58319217
0.5681858
0.5782502
0.5768235
0.5762598
0.57647204
0.5809844
0.582675
0.57123333
0.57557636
0.5733757
0.56932676
0.57372636
0.57220274
0.571306
0.5735143
0.5746088
0.5709985
0.57173026
0.5695174
0.5693863
0.5738854
0.5731682
0.5698181
0.56966805
0.56923133
0.5661027
0.5678763
0.5691534
0.5576679
0.56000274
0.57304007
0.5595184
0.5597537
0.5621705
0.5588087
0.55792034
0.5651365
0.5577415
0.5654092
0.5598358
0.5586556
0.55760765
0.5627118
0.5574682
0.56013685
0.5577749
0.56431085
0.55677134
0.5630152
0.5625574
0.563534
0.55985165
0.560968
0.55892086
0.5581645
0.5581648
0.5589461
0.5668319
0.5608451
0.5556105
0.56242794
0.5608468
0.5619166
0.5580731
0.55842936
0.5582619
0.5573822
0.55834854
0.5600261
0.5629989
0.55770904
0.5560211
0.5598831
0.5571198
0.555452
0.55905324
0.55551606
0.5528758
0.55316836
0.5607153
0.5563699
0.557707
0.5564742
0.5495643
0.5559702
0.55645823
0.5573214
0.54817915
0.5497771
0.5526233
0.5574932
0.5606325
0.56380415
0.5571775
0.55490124
0.5457765
0.55133617
0.55938506
0.55000466
0.55257696
0.5484417
0.5585398
0.5515268
0.555621
0.5530268
0.55278623
0.555854
0.55823874
0.55408233
0.55364144
0.5613503
0.55660295
0.55522794
0.5564827
0.5532649
0.5579675
0.5607459
0.5549332
0.55598426
0.55328465
0.55063236
0.5527555
0.55394924
0.55556655
0.5484074
0.5535112
0.5484131
0.5517353
0.55605644
0.5471059
0.543057
0.5418404
0.547364
0.5497416
0.54549855
0.5411244
0.53752434
0.540694
0.541888
0.5449983
0.53922725
0.53525466
0.53782666
0.5442068
0.537563
0.53731316
0.54048586
0.5379318
0.5379892
0.5344265
0.5407863
0.53444093
0.53605264
0.53557605
0.53588724
0.5357272
0.53395635
0.5267955
0.531925
0.5356308
0.5316468
0.52953935
0.5333681
0.5329721
0.5260074
0.52703875
0.5273077
0.5266548
0.53201
0.53842455
0.52873486
0.5261931
0.52670056
0.52648705
0.5240133
0.525564
0.52561074
0.5183114
0.5175993
0.5189299
0.5218068
0.5229885
0.51842624
0.5193515
0.51511514
0.51412374
0.5140271
0.51502657
0.5142477
0.51279515
0.5123581
0.51765096
0.5131846
0.51560897
0.5156703
0.51141155
0.51285636
0.51108
0.5103345
0.51344305
0.5112201
0.5106772
0.5146719
0.5082113
0.5115176
0.50681484
0.51191306
0.51422024
0.5136015
0.5167836
0.5115533
0.5056931
0.51529473
0.5116279
0.51012325
0.517277
0.5099149
0.50870967
0.51124156
0.5084238
0.5046378
0.5053857
0.51383895
0.51524013
0.51026046
0.5127129
0.51458466
0.50510925
0.50961417
0.5096905
0.5127487
0.51363915
0.5125204
0.5105216
0.5172404
0.51335096
0.51202726
0.513714
0.5106646
0.513166
0.5106868
0.50970334
0.52064645
0.51655763
0.5254027
0.52201134
0.5130511
0.5120218
0.51347214
0.51708347
0.5125086
0.509602
0.51579136
0.51734483
0.5119699
0.51232487
0.50948936
0.51715195
0.51434785
0.51520836
0.5110675
0.51694643
0.5200119
0.51448077
0.51646656
0.511695
0.51642275
0.50730354
0.5124679
0.5088772
0.5162147
0.5101068
0.5075756
0.50986415
0.5060508
0.5086276
0.5123349
0.50976783
0.5114786
0.50840515
0.50370514
0.51151794
0.5123035
0.5112923
0.509637
0.51013017
0.5129023
0.50714797
0.5038234
0.5055687
0.50376874
0.5036274
0.5084907
0.5045769
0.50463575
0.50657606
0.5023114
0.50429183
0.50561374
0.5020891
0.502679
0.502376
0.50659007
0.50379664
0.5023491
0.50611717
0.49595368
0.49893978
0.5028942
0.49865735
0.49964106
0.5042898
0.50164235
0.5031342
0.4981651
0.5051656
0.49896476
0.5005833
0.5016535
0.49970928
0.5021762
0.49733177
0.50104755
0.49893764
0.49648476
0.49654496
0.50221556
0.49887988
0.50508505
0.49622944
0.49942473
0.5005069
0.49878776
0.49209288
0.49364203
0.49540552
0.4991969
0.49113187
0.49498305
0.49946627
0.49655196
0.5004249
0.49764645
0.50244486
0.49578437
0.49227503
0.4959369
0.5059288
0.4901831
0.49735942
0.49402356
0.49878702
0.49431267
0.49374428
0.49401385
0.49955624
0.5000839
0.49361876
0.4849899
0.49945337
0.4973926
0.49980792
0.50197536
0.49473137
0.4989079
0.49837354
0.49109712
0.4995039
0.503252
0.49535778
0.49626416
0.4941243
0.49783176
0.49864388
0.49802557
0.50235647
0.49524605
0.4962759
0.49834847
0.49804822
0.4934404
0.49753425
0.4935499
0.50156474
0.4956898
0.49377048
0.49191603
0.49617606
0.49895722
0.4880168
0.49311212
0.4963658
0.49964648
0.49595845
0.49959067
0.4951849
0.49461016
0.495922
0.49175197
0.4944061
0.49299252
0.4956219
0.49226636
0.49325675
0.49097806
0.48949412
0.49182057
0.48685452
0.48560977
0.49098212
0.49227476
0.48886028
0.48411506
0.48542833
0.49091357
0.486104
0.4926023
0.48699546
0.48313084
0.4833859
0.4899533
0.48147777
0.4865133
0.4819278
0.48035833
0.4938807
0.48758644
0.4802082
0.48159054
0.47652078
0.48055342
0.47251606
0.47640362
0.47709334
0.47870833
0.4792762
0.47167376
0.4779903
0.47477528
0.47216913
0.4711964
0.47411233
0.46977705
0.47030544
0.47094017
0.47278956
0.46666673
0.4709426
0.47030073
0.47201288
0.4674285
0.4702834
0.467337
0.4691456
0.46651894
0.4683707
0.46620417
0.46352476
0.46167848
0.46700865
0.4696753
0.4677793
0.46066993
0.4646753
0.46027875
0.4690967
0.4612931
0.4607667
0.46184957
0.46699175
0.46389368
0.4584872
0.46188718
0.45870447
0.45427856
0.45906943
0.45469427
0.45647153
0.45803785
0.45820856
0.45779443
0.45859686
0.4568251
0.45893958
0.45715892
0.45812222
0.4528123
0.45137444
0.45477977
0.454552
0.45478702
0.45853347
0.4577544
0.45831636
0.45722276
0.45665556
0.4525846
0.45826662
0.45514673
0.45247212
0.45696303
0.45075443
0.44593078
0.45173812
0.45075625
0.45359942
0.4549297
0.45335194
0.452122
0.44980216
0.451048
0.44983676
0.44932374
0.44913012
0.44963408
0.44304004
0.4508121
0.44521642
0.45043242
0.44629803
0.44800383
0.44516057
0.45704004
0.4501921
0.44836238
0.44758156
0.44702604
0.4433169
0.4478114
0.44792837
0.45629674
0.4462037
0.44775397
0.4488362
0.4488808
0.45076013
0.45156425
0.44690293
0.45348278
0.4471684
0.44836557
0.45079637
0.4500738
0.45509547
0.45179302
0.45210716
0.44988564
0.4477376
0.44316453
0.45364362
0.45141426
0.45208484
0.4544081
0.45405152
0.45014274
0.44803286
0.4498011
0.45200482
0.4555807
0.45213407
0.45350173
0.45569882
0.45145023
0.45242712
0.45434266
0.45087132
0.4571311
0.44874945
0.4523955
0.44601226
0.44609934
0.45332992
0.44261345
0.45568144
0.45422214
0.44967908
0.4467457
0.45438778
0.44929695
0.44968027
0.44792825
0.44861558
0.44571263
0.4469946
0.4505524
0.4447452
0.43588722
0.44344372
0.44719967
0.4437401
0.44319996
0.43842354
0.44490573
0.44556257
0.44337952
0.44183108
0.44123125
0.44023752
0.43901232
0.44030154
0.44295484
0.44446898
0.4448252
0.44465572
0.4382129
0.442307
0.43944767
0.4425022
0.43947613
0.44593686
0.43936813
0.4351147
0.43701896
0.43548384
0.43324366
0.43781367
0.4376785
0.43218523
0.43277252
0.43814638
0.43535697
0.42587784
0.43248332
0.42676666
0.4305417
0.42872864
0.4367386
0.4327952
0.43653956
0.42574975
0.43219632
0.43461454
0.4328735
0.43236798
0.42592713
0.4315452
0.43036842
0.4279641
0.43376154
0.42493463
0.42980704
0.4267416
0.4283937
0.43395633
0.42686486
0.4314127
0.42778385
0.43026453
0.42834687
0.4282558
0.4309021
0.43605116
0.42909136
0.4313625
0.42130822
0.42360035
0.4209406
0.42911154
0.42631596
0.42125407
0.4338957
0.42747998
0.42800432
0.4235884
0.42709252
0.42306015
0.43009287
0.42686173
0.42754892
0.42637748
0.4291876
0.42001325
0.423206
0.41945285
0.4229866
0.41953367
0.4244027
0.42891416
0.42618302
0.42515266
0.42604482
0.421456
0.4276173
0.42326558
0.42010376
0.41804782
0.42767146
0.42471072
0.41803995
0.42194518
0.4222769
0.42117766
0.4224585
0.41518152
0.42572677
0.41585022
0.41317007
0.4254138
0.42418024
0.42464426
0.4241092
0.41774485
0.4150477
0.4239347
0.42239726
0.418678
0.4121058
0.417854
0.41920713
0.4168521
0.41703504
0.41425884
0.4141743
0.413188
0.4195892
0.41720086
0.408289
0.41876647
0.41759095
0.41385955
0.41895398
0.41677758
0.41207227
0.41944125
0.41282552
0.41600308
0.41667458
0.41722327
0.41664073
0.41879743
0.41644105
0.4114395
0.41804084
0.41854078
0.41639683
0.41973418
0.4156591
0.4158251
0.41583094
0.4185862
0.42013785
0.41955128
0.42100966
0.41324314
0.41850698
0.42206934
0.4197922
0.41572893
0.4141643
0.4198201
0.41811326
0.4164474
0.4119661
0.41360492
0.40672368
0.41183743
0.4200782
0.41242698
0.41157869
0.40763447
0.41053423
0.41061574
0.41433248
0.40900683
0.41385597
0.4110631
0.41135487
0.4104534
0.41623813
0.40418166
0.41050264
0.4036572
0.4110248
0.40892413
0.40745857
0.40198004
0.41117287
0.40695214
0.4091782
0.41095665
0.4038494
0.40694353
0.40797
0.4108347
0.40863687
0.41456497
0.40655842
0.40750322
0.40795252
0.41262868
0.4088094
0.40622202
0.4041354
0.40279058
0.40215206
0.40787837
0.4094217
0.40911296
0.40659314
0.4025902
0.4006686
0.4090002
0.4038456
0.4088352
0.40467042
0.40361273
0.40480277
0.40548915
0.40626842
0.40389097
0.4053852
0.40539834
0.4062333
0.4026092
0.40702617
0.40494782
0.40411484
0.40071842
0.40213427
0.4022447
0.4032248
0.4000407
0.40262645
0.40281242
0.40609846
0.4044781
0.39910594
0.40428987
0.39915976
0.40115523
0.40460888
0.39744082
0.40198228
0.40224773
0.40495113
0.4048892
0.40019822
0.4000799
0.39909092
0.40447563
0.40388173
0.40166023
0.3975532
0.39954722
0.40006298
0.4027067
0.40484
0.39902672
0.4044655
0.39975855
0.4044997
0.3983321
0.39468706
0.39999762
0.39442286
0.4018155
0.39368242
0.39634022
0.39370003
0.40046614
0.39862192
0.39154568
0.39665473
0.39281595
0.39560613
0.39893907
0.3935586
0.39873102
0.39141324
0.3930171
0.39463767
0.39370146
0.3972275
0.39407316
0.40326554
0.397556
0.39785737
0.3946257
0.39211372
0.3960496
0.3957073
0.39177117
0.39973792
0.39896223
0.3971608
0.3963542
0.40211162
0.39748207
0.39960238
0.38991746
0.39636233
0.39697275
0.39341477
0.39545637
0.39480376
0.39504713
0.40065894
0.3984278
0.39880723
0.4011608
0.39742514
0.39451227
0.3928133
0.39552614
0.39329907
0.39989904
0.40185106
0.3944663
0.3897168
0.39175838
0.38782588
0.39246735
0.38956356
0.39267662
0.39468127
0.39339525
0.39014506
0.390279
0.39438343
0.39494705
0.39641765
0.3928741
0.3897002
0.38716885
0.39066654
0.385955
0.3877985
0.38768822
0.38971218
0.38768265
0.38735703
0.3911946
0.3887568
0.38700196
0.3920478
0.3874628
0.39366618
0.38585138
0.38945433
0.3858755
0.3898843
0.39365816
0.3884787
0.3850599
0.38617188
0.38718185
0.38847384
0.38961336
0.39185086
0.38310876
0.3883062
0.38512158
0.38378817
0.38971737
0.38571596
0.38502023
0.37995693
0.38565108
0.38150242
0.381177
0.37865
0.37977266
0.38191405
0.37985933
0.37597144
0.37948954
0.381547
0.38002175
0.37948436
0.376278
0.38123003
0.37799436
0.371
0.3802802
0.37312403
0.37183204
0.37803108
0.3802849
0.3840391
0.37940574
0.37293923
0.37780857
0.37418008
0.38032824
0.37903714
0.3749476
0.3804375
0.37103638
0.37611702
0.37863863
0.37971574
0.38060528
0.3753953
0.38448578
0.37791634
0.37249827
0.3763723
0.37769437
0.376174
0.37618133
0.37711298
0.37459245
0.3740046
0.37336707
0.3759289
0.37911367
0.37200958
0.37066922
0.36919582
0.37750426
0.37350994
0.3738931
0.371855
0.37079874
0.36746645
0.37987456
0.37252533
0.37840766
0.37253675
0.37620765
0.37097162
0.37685525
0.3818427
0.3702115
0.37827092
0.37700504
0.37556294
0.37189028
0.37440696
0.37641793
0.37731168
0.37527385
0.37849554
0.37816387
0.3782755
0.37467796
0.37487772
0.3717629
0.3741261
0.37167102
0.3712197
0.37009197
0.3736623
0.37163708
0.37212482
0.3731068
0.36498445
0.3753209
0.36991188
0.36555535
0.37459415
0.36266747
0.37011853
0.36966377
0.36875
0.37221593
0.3677301
0.36698988
0.37099385
0.36832634
0.36816046
0.36808893
0.36677915
0.37011576
0.3672156
0.3712677
0.36709225
0.36278364
0.3666003
0.3686607
0.37097013
0.3653146
0.37196323
0.3653215
0.36800155
0.36707217
0.36283
0.36934757
0.3637893
0.36577678
0.36779442
0.36675465
0.36432782
0.36755154
0.36664823
0.36545697
0.3672503
0.36269003
0.36662662
0.36272287
0.36695036
0.3661332
0.3628411
0.36194357
0.36248267
0.36613467
0.3605359
0.36253247
0.3614122
0.36470324
0.35829595
0.36230487
0.36304474
0.3638751
0.35585433
0.36352757
0.35951152
0.3583765
0.35975218
0.36401737
0.35865873
0.3575385
0.3571248
0.3538882
0.3568753
0.36202192
0.3622769
0.36041096
0.35556638
0.35923076
0.36891013
0.35903436
0.35861224
0.36266255
0.35948893
0.3606603
0.36110577
0.36172047
0.35655305
0.36108997
0.3535312
0.3565426
0.35800672
0.3539699
0.35918584
0.3520742
0.3508006
0.35227004
0.35793516
0.3520782
0.35630918
0.35284218
0.35456842
0.35416597
0.35104492
0.3538928
0.34962332
0.35299805
0.35638696
0.35493916
0.35664037
0.35450992
0.3536628
0.3490665
0.3564724
0.34807903
0.3539284
0.34986869
0.35743585
0.35494798
0.34760037
0.35520616
0.35401753
0.35314897
0.35946473
0.36072654
0.35799292
0.35960296
0.3525801
0.3546725
0.35219026
0.35535404
0.35529914
0.35701835
0.35710776
0.35660553
0.35407817
0.35782227
0.34982386
0.35163993
0.35071114
0.34970835
0.3531555
0.35287458
0.3499036
0.3510606
0.35495928
0.34821674
0.3565188
0.3512939
0.35134462
0.35282603
0.35471115
0.34957346
0.35592866
0.35038346
0.34726226
0.34782535
0.346685
0.35012245
0.35152918
0.34775046
0.3540516
0.3475411
0.34581307
0.34082133
0.34601122
0.34325892
0.341547
0.33989757
0.34638792
0.34431002
0.344515
0.34216115
0.34384033
0.3434303
0.33714345
0.33894494
0.33608344
0.33807242
0.3419812
0.34259072
0.3422247
0.33721772
0.3403458
0.33624014
0.33891696
0.33551902
0.33797577
0.34057745
0.33470452
0.33726647
0.3301775
0.33509833
0.3329608
0.33424267
0.33589482
0.34380212
0.33268064
0.33816767
0.33916816
0.3332803
0.3340198
0.336428
0.3377129
0.3314058
0.33787665
0.33325693
0.33262074
0.3384474
0.33581504
0.3303615
0.33181468
0.3302191
0.33631793
0.3323385
0.33249083
0.33842504
0.33228114
0.33634916
0.33008942
0.332324
0.32973
0.329517
0.33241686
0.33469594
0.330899
0.32812485
0.32759842
0.3288312
0.33085325
0.32855853
0.3307483
0.3320967
0.3310286
0.33011657
0.33637
0.3298454
0.33520198
0.33494562
0.3285551
0.32911432
0.3284873
0.33596814
0.33118212
0.332083
0.33077607
0.32781208
0.33179957
0.33107805
0.32838348
0.33473903
0.33330363
0.3337409
0.33568415
0.33145186
0.3290268
0.33271942
0.32533503
0.32827455
0.32479906
0.32970357
0.32966244
0.33218256
0.33343077
0.33512494
0.3260821
0.3263118
0.32980603
0.3311662
0.3317789
0.32950976
0.3312691
0.33553943
0.32695517
0.33326074
0.32800746
0.33546022
0.3295739
0.33173522
0.3333768
0.33209488
0.33515283
0.33152574
0.32715642
0.3398774
0.33588868
0.33261028
0.33808362
0.33663008
0.33116478
0.3291324
0.3326144
0.33529568
0.32773384
0.33361465
0.33702588
0.33704704
0.3329591
0.3271652
0.3330924
0.3277072
0.33377174
0.3300443
0.33914113
0.3353405
0.3301317
0.33465707
0.33228153
0.3326029
0.3279277
0.33657038
0.3267939
0.33000767
0.33085638
0.33481002
0.33330816
0.33040076
0.33256623
0.33428118
0.33112338
0.3340398
0.33047447
0.3308689
0.32651863
0.3310537
0.33001888
0.3264146
0.32792622
0.3286733
0.33422935
0.32871118
0.3308132
0.33126774
0.3282909
0.3290435
0.32569307
0.3300564
0.32857564
0.32745737
0.3277117
0.3225685
0.32980344
0.32697108
0.3253439
0.3255185
0.3263588
0.32752684
0.32744426
0.33147597
0.32524076
0.3280258
0.3292028
0.32854775
0.3265169
0.32194495
0.32674068
0.32576716
0.32754543
0.32546678
0.32438788
0.33062032
0.33304143
0.3302552
0.32951027
0.32635787
0.3240954
0.32349607
0.33032915
0.32429647
0.32639983
0.32816476
0.32623845
0.32851765
0.33036846
0.32022822
0.32599568
0.32745308
0.3278503
0.3285978
0.32702228
0.32629457
0.3285705
0.3233499
0.32531
0.32223475
0.32629815
0.32600427
0.32858187
0.32622498
0.3217999
0.31938562
0.32343456
0.32087916
0.3228326
0.32283106
0.32074678
0.31892955
0.32165417
0.31833115
0.31662416
0.3185128
0.3196583
0.31989715
0.31847322
0.31397563
0.32054457
0.31200132
0.31525275
0.31259438
0.3190492
0.31742093
0.30945525
0.31412742
0.3135607
0.31622013
0.3105715
0.31377378
0.3169944
0.3109111
0.31882733
0.31379044
0.30935428
0.31570962
0.31278798
0.31266984
0.31802693
0.3135246
0.30770394
0.3133324
0.31755742
0.31629094
0.3120716
0.31387565
0.32190555
0.31911975
0.31477526
0.31706092
0.311497
0.31191245
0.3110105
0.31605673
0.30699682
0.31600964
0.31670448
0.31088558
0.31183133
0.30917358
0.31112668
0.31595486
0.31440032
0.30899498
0.31935585
0.3115792
0.31983468
0.31212816
0.31371722
0.3129745
0.31663474
0.3163839
0.3134345
0.31001195
0.3068692
0.31855634
0.31354094
0.31251377
0.3128565
0.314764
0.31320107
0.32110354
0.31754327
0.3164461
0.3127568
0.30962375
0.3091418
0.31788692
0.31619897
0.31438303
0.31457043
0.31402737
0.31390762
0.31343135
0.31454924
0.31466928
0.31256098
0.31486216
0.31762242
0.31257546
0.32203463
0.31890553
0.32110155
0.31415704
0.31652486
0.31375173
0.3160874
0.31729963
0.31033248
0.31075358
0.3116426
0.3192345
0.31532687
0.31397736
0.3118909
0.3158818
0.31668156
0.31606254
0.30929786
0.31337807
0.3100995
0.31260085
0.30943006
0.31011876
0.31483296
0.30906376
0.30913103
0.30566198
0.3139364
0.306754
0.31003892
0.31078297
0.313288
0.3138982
0.30910274
0.31665346
0.311233
0.31457013
0.31790417
0.3179922
0.30947846
0.31218606
0.31135678
0.3128289
0.31296536
0.31062585
0.3164061
0.31848636
0.31492198
0.31620058
0.3136492
0.31093234
0.310426
0.31263813
0.31818077
0.30922136
0.31470162
0.3150307
0.31393406
0.31542584
0.3099379
0.31333753
0.30475748
0.30867183
0.30819145
0.30958843
0.31033757
0.3061986
0.30921254
0.3060469
0.30513823
0.30104896
0.30394077
0.30606318
0.3015559
0.30387712
0.3051052
0.30542248
0.3010109
0.30272976
0.30381274
0.30377898
0.3015598
0.29784805
0.30426076
0.3016541
0.2994474
0.2989035
0.30176556
0.30091733
0.30128172
0.29667994
0.30224267
0.30154106
0.3007957
0.29761073
0.29536352
0.30106944
0.2997598
0.30136237
0.29773474
0.2979615
0.29816866
0.302224
0.29656136
0.2963656
0.29832044
0.2964728
0.29803595
0.2934898
0.29699942
0.29785907
0.30338022
0.2999395
0.29856378
0.2975961
0.2951319
0.29494125
0.2966982
0.29633117
0.2971636
0.2963077
0.2933735
0.29963812
0.29292372
0.2960067
0.2929763
0.30178323
0.29788473
0.29750744
0.29817086
0.2951888
0.29877892
0.29579803
0.29946175
0.29996642
0.29260382
0.29464602
0.28899577
0.2951908
0.29169658
0.29401654
0.29629648
0.28910938
0.29472986
0.2995416
0.29407653
0.29242992
0.2923471
0.28903145
0.28721175
0.2906051
0.29128993
0.28869674
0.295354
0.28973457
0.2919134
0.28841507
0.29216465
0.28431866
0.28954065
0.2882941
0.2849229
0.2846715
0.2853089
0.2877341
0.2887127
0.28724504
0.29051545
0.2851796
0.288009
0.2836514
0.28456065
0.28770423
0.28213978
0.28696635
0.28655726
0.28957117
0.2869926
0.28049695
0.28731084
0.28658047
0.28392997
0.2839798
0.28389895
0.2832036
0.28146592
0.28503886
0.28721854
0.28580746
0.2816758
0.28818515
0.27994153
0.281091
0.28249806
0.28657103
0.28275108
0.2829176
0.2819326
0.28109118
0.28344968
0.28032532
0.28426018
0.28347698
0.2833058
0.28427872
0.28246793
0.28325596
0.2818866
0.28006575
0.28082845
0.28336856
0.28546903
0.27942812
0.28026718
0.29206353
0.28393865
0.28833777
0.28257766
0.28664342
0.2845647
0.27961293
0.2822029
0.28289968
0.28574422
0.28780833
0.2826026
0.27921274
0.28075913
0.28459898
0.27912697
0.285068
0.28211188
0.28473228
0.2800891
0.2852771
0.28502157
0.28071475
0.28385973
0.280743
0.28421837
0.28321666
0.2862739
0.28445822
0.28707337
0.29152766
0.28298387
0.28309262
0.28492898
0.28449506
0.28542
0.28254798
0.2894571
0.28512588
0.28174764
0.28153822
0.28412035
0.28450274
0.286077
0.28342417
0.28737587
0.2836826
0.28624701
0.28203264
0.28482017
0.28392094
0.2836674
0.28849417
0.28052852
0.28375027
0.28509286
0.28851938
0.2858756
0.29475868
0.29121354
0.28626847
0.28440353
0.2894658
0.2896197
0.29105514
0.28490883
0.28822473
0.28956166
0.2920372
0.28755465
0.28419665
0.28668988
0.29197228
0.28796086
0.29565808
0.2847675
0.28749633
0.2848544
0.28224158
0.28939623
0.28960472
0.28163332
0.28672025
0.28315124
0.2819775
0.28159153
0.28374797
0.28313565
0.2873808
0.28033972
0.28105292
0.286917
0.28759354
0.2814389
0.289007
0.28592932
0.289352
0.28365526
0.28246713
0.2865844
0.28843775
0.28383845
0.27884352
0.28570077
0.28238976
0.28446794
0.2804578
0.28175914
0.28157702
0.28308234
0.28416649
0.28208485
0.2859267
0.28103092
0.27500117
0.28238872
0.2787036
0.28473133
0.2797779
0.28438294
0.29125747
0.28386045
0.2818812
0.28001547
0.2862704
0.2819067
0.28537583
0.2851743
0.27886477
0.28458586
0.2822825
0.28486314
0.2826896
0.28530523
0.28267443
0.28757825
0.28623694
0.27728793
0.28504965
0.2823263
0.2830645
0.28139082
0.2940499
0.28423765
0.2804357
0.28277668
0.28402016
0.28155828
0.28026155
0.2838313
0.2857943
0.28595963
0.28421876
0.28266847
0.27889255
0.2896946
0.27826515
0.2880497
0.28427055
0.28479764
0.28353056
0.28518158
0.28328764
0.28372818
0.2837608
0.28266707
0.28191537
0.28107658
0.28135878
0.2768802
0.27194524
0.2784289
0.27716666
0.280938
0.28079945
0.28428108
0.2820217
0.2814427
0.27786618
0.28144535
0.28043047
0.2757271
0.2738833
0.27912048
0.27500063
0.28163648
0.27301946
0.2745941
0.28161246
0.2818851
0.27577808
0.27584058
0.27697316
0.27320737
0.2775628
0.28161457
0.28116745
0.2748355
0.2762466
0.27533337
0.28328812
0.27540904
0.2791696
0.28239763
0.27791855
0.28270096
0.27654734
0.27679527
0.27692282
0.27951974
0.2770723
0.27544475
0.27395508
0.28068778
0.2748247
0.27410433
0.27477065
0.27589312
0.2801092
0.2752713
0.27307412
0.27133596
0.2727684
0.26934344
0.27179992
0.27150667
0.26751637
0.2710942
0.26694238
0.27114868
0.27260703
0.2661246
0.27202645
0.2699094
0.2684788
0.26695296
0.26605678
0.2677268
0.27164415
0.26322237
0.2685093
0.26861128
0.269208
0.26854175
0.2708683
0.2667606
0.26339427
0.26147354
0.26797992
0.26247555
0.26132673
0.26027384
0.26573724
0.26456356
0.26571473
0.26196066
0.26370198
0.2645574
0.26346338
0.2654771
0.26156297
0.26155072
0.2655431
0.26484168
0.2617349
0.26259515
0.26007643
0.26304686
0.25643235
0.26162064
0.26520735
0.25954968
0.25751537
0.264271
0.257406
0.26416433
0.26219812
0.2637705
0.2690186
0.2592301
0.26090875
0.2615379
0.26488808
0.26139003
0.2647656
0.26367247
0.26401147
0.26412863
0.26551518
0.2706099
0.2629683
0.26486784
0.26201215
0.26027367
0.2653097
0.26092216
0.26184672
0.25796542
0.26242632
0.26597464
0.2608501
0.26412827
0.26318514
0.26345626
0.2633105
0.2639058
0.2591854
0.2616151
0.26450568
0.266217
0.25922042
0.25668344
0.26004413
0.26294532
0.26212525
0.26093137
0.25736094
0.25985307
0.25875893
0.2564079
0.2610164
0.25468272
0.25525388
0.25251564
0.2520418
0.25497097
0.25577304
0.25884143
0.25567538
0.25355712
0.2528918
0.24824996
0.25003684
0.25128353
0.24809761
0.25291958
0.2530413
0.24706087
0.25053537
0.24862422
0.24874932
0.24654497
0.24926509
0.25056568
0.24590658
0.24727951
0.24459635
0.24702321
0.25302833
0.24344648
0.2559597
0.24943672
0.24988015
0.25126636
0.24647753
0.24862713
0.24888161
0.24915674
0.24743296
0.2485438
0.2508654
0.25067106
0.24849406
0.24795824
0.25019124
0.24556665
0.24631946
0.24893102
0.25262552
0.24507742
0.24959084
0.24893677
0.2562427
0.24244978
0.24312261
0.24621119
0.24818078
0.23913388
0.24416241
0.24639586
0.24350823
0.24179284
0.25151226
0.2437399
0.2410658
0.24543147
0.24720149
0.24815947
0.24219911
0.23673098
0.24434474
0.24021117
0.24166517
0.24515162
0.24147151
0.24365214
0.24327564
0.24775955
0.2478835
0.23732124
0.24101827
0.24689692
0.24453254
0.2501219
0.24554417
0.2462216
0.24875012
0.2439497
0.24362956
0.24377975
0.24307448
0.24714863
0.24338213
0.24028614
0.23963726
0.24774703
0.23965007
0.2460103
0.2417868
0.23969702
0.2445045
0.2443186
0.24166538
0.24520548
0.24138424
0.24501199
0.23636138
0.24337642
0.24357702
0.24019152
0.23888226
0.24688767
0.2455455
0.24527247
0.24158366
0.24104781
0.24455932
0.24238156
0.24952778
0.24446115
0.24229422
0.24960835
0.24829741
0.2474259
0.24817163
0.23832642
0.24742678
0.246595
0.24444202
0.2473353
0.24120264
0.23924322
0.24431217
0.24527177
0.24499923
0.24238135
0.2382814
0.2449585
0.24576224
0.24547817
0.24771944
0.24404739
0.24397735
0.2432186
0.24570778
0.23755506
0.23732336
0.24084003
0.24191117
0.24857748
0.24939094
0.24424468
0.2456878
0.24505447
0.2380912
0.24672708
0.23926093
0.24292853
0.24299541
0.24449454
0.24093287
0.24093676
0.24537511
0.24277282
0.24695447
0.23836628
0.2422625
0.24538878
0.24319556
0.23526649
0.24358872
0.24218467
0.23654552
0.24069639
0.23900867
0.23806052
0.23697123
0.2360595
0.2343052
0.24296692
0.24054928
0.24190001
0.2437937
0.24043502
0.23922141
0.23549588
0.23626845
0.23652872
0.23244818
0.23702122
0.23303375
0.23338234
0.24118184
0.23117098
0.23840286
0.23127331
0.229829
0.23466392
0.22707647
0.23527867
0.23082624
0.23186615
0.22801954
0.23057148
0.22886428
0.22709528
0.22847481
0.22904846
0.22908986
0.22675543
0.2360064
0.22675024
0.23066515
0.23204683
0.2245336
0.22329219
0.22756295
0.22822009
0.22622402
0.22547147
0.23114091
0.22694989
0.22386882
0.23028918
0.22819711
0.22837433
0.22647569
0.22071066
0.22410557
0.22577512
0.22458744
0.22230124
0.22765599
0.22258058
0.22255135
0.2221582
0.22037269
0.22409992
0.22086719
0.22570357
0.22045721
0.222616
0.22220631
0.2257706
0.22504653
0.22123674
0.22378656
0.23127057
0.22259341
0.22673374
0.2197778
0.21627754
0.21991894
0.22883439
0.2214475
0.22519988
0.22330506
0.22691512
0.22267035
0.21816848
0.22541639
0.22156838
0.22033097
0.22399852
0.22105876
0.21865715
0.2178331
0.22269244
0.2245341
0.21806277
0.22519399
0.22482301
0.22401503
0.22161618
0.21812944
0.21604545
0.22076505
0.22344898
0.22494738
0.22196361
0.22284457
0.22711979
0.22517057
0.22781028
0.21828721
0.21953286
0.22430462
0.23027703
0.21954608
0.22277126
0.22157973
0.22575216
0.2244252
0.22678964
0.2249956
0.22760978
0.227177
0.22678666
0.22666326
0.2255936
0.22379205
0.22518991
0.22708796
0.22443824
0.22147152
0.22333223
0.22847854
0.22348937
0.22084421
0.22757007
0.2243975
0.23081616
0.22909626
0.2309335
0.22383763
0.22495633
0.22648971
0.2275832
0.22804211
0.2232666
0.23301277
0.22990473
0.22789782
0.22779705
0.22699909
0.22656095
0.22319157
0.22960293
0.2214859
0.22354321
0.21871804
0.23241033
0.22216535
0.22456516
0.22058691
0.21947569
0.22564141
0.22155039
0.21559945
0.21458076
0.22219847
0.22091864
0.22178756
0.21846648
0.224904
0.22299583
0.22108701
0.22171746
0.21896811
0.21758038
0.21545835
0.2184896
0.22603016
0.22281846
0.22906086
0.22777794
0.21841815
0.22306477
0.2277385
0.21908858
0.21882764
0.22301444
0.21828333
0.22264041
0.22244287
0.22047965
0.22422948
0.22362615
0.21330935
0.22443853
0.21875522
0.21885619
0.21497868
0.22073688
0.22030017
0.22188021
0.21631666
0.21298195
0.21259657
0.2167214
0.21560012
0.21383123
0.2195654
0.21373591
0.215494
0.2093936
0.21157967
0.2059759
0.20950668
0.20926525
0.21155134
0.21016234
0.21057653
0.20795782
0.21606198
0.21350715
0.2159875
0.2128287
0.21024549
0.2111535
0.21135622
0.21672635
0.21325077
0.20945534
0.21040401
0.21414259
0.21171501
0.2076265
0.21158694
0.21305718
0.2116902
0.21475923
0.2174884
0.21198191
0.21547621
0.21340412
0.21030675
0.20977095
0.21403258
0.21289742
0.21463041
0.21274301
0.21659936
0.2186298
0.20899342
0.2124171
0.21711165
0.2194182
0.21231242
0.21929333
0.21018292
0.21519464
0.21840407
0.2133591
0.21541756
0.22089937
0.22213744
0.21526408
0.2161023
0.21331717
0.20992918
0.21154927
0.21052504
0.22080962
0.22083728
0.21464801
0.21946697
0.21631408
0.21710587
0.21466917
0.21345949
0.21911041
0.22091237
0.21117474
0.21357992
0.22051112
0.21859318
0.2178336
0.218522
0.2136142
0.21513931
0.21736132
0.2214872
0.21664028
0.21524835
0.21466483
0.21790344
0.2204776
0.21368079
0.21238007
0.21528694
0.21856259
0.21543944
0.21502441
0.22018643
0.21698003
0.21567774
0.21171962
0.21701896
0.21456307
0.20850651
0.21397911
0.2133236
0.21368912
0.2093027
0.21945588
0.21378843
0.21350572
0.21216822
0.21160841
0.2110268
0.21839958
0.20932725
0.2128614
0.21050595
0.21195216
0.21686201
0.21344548
0.20909078
0.21539743
0.2136432
0.2128789
0.21493076
0.21351075
0.21425393
0.21128607
0.21597259
0.21887407
0.21561424
0.22101197
0.2066452
0.21271162
0.21346581
0.2152749
0.21301253
0.2168095
0.21249749
0.21035984
0.20565164
0.2129583
0.21143122
0.21234745
0.21156207
0.21120328
0.21250907
0.21357009
0.2105293
0.21270533
0.20927979
0.21156122
0.20896949
0.21366437
0.21048303
0.21228537
0.21432932
0.21331108
0.2162777
0.21114942
0.21590945
0.22225821
0.21744426
0.21726952
0.21372598
0.20965499
0.20770341
0.20862179
0.21041957
0.21439618
0.21367586
0.21542463
0.2071017
0.21299231
0.21745887
0.21340667
0.21977828
0.21440569
0.21116664
0.21016705
0.20701425
0.20716137
0.21193874
0.21087609
0.21186808
0.2067402
0.20146947
0.20677531
0.20843647
0.21061227
0.20926248
0.2038652
0.20657162
0.20287584
0.20897673
0.20611033
0.20244558
0.20374076
0.20273937
0.20409058
0.20657009
0.2025145
0.20481685
0.2105266
0.20383367
0.20249175
0.19849928
0.20381127
0.20925748
0.19965756
0.21124434
0.20638207
0.20971987
0.20482413
0.20218639
0.20308575
0.20558025
0.21407382
0.20716955
0.20381999
0.20723973
0.21181856
0.20105809
0.20201272
0.20654279
0.20525306
0.20651802
0.20901802
0.2031523
0.21058379
0.20960535
0.2067709
0.20769194
0.2033927
0.20559017
0.20438921
0.21292306
0.20267174
0.2066068
0.20117794
0.20356517
0.20510682
0.20227435
0.19736278
0.19963284
0.20310782
0.20106933
0.20140104
0.2015447
0.20170285
0.21287292
0.20050675
0.20453209
0.20199125
0.20106436
0.20520334
0.20591152
0.2029636
0.2030594
0.2076745
0.20593724
0.20352557
0.19506149
0.20395872
0.19916461
0.20199239
0.20903565
0.19762406
0.20043424
0.2049491
0.20013547
0.19504073
0.19900134
0.20665519
0.1982935
0.20534131
0.20201357
0.20074871
0.20315704
0.20056608
0.20195606
0.2034501
0.19624886
0.19374397
0.19917479
0.20251077
0.20129082
0.20395175
0.20330125
0.20240864
0.20187429
0.20279764
0.20350502
0.19713905
0.2050491
0.20051584
0.2011422
0.20142479
0.19647409
0.20096892
0.20525318
0.19972208
0.19745487
0.19198008
0.19830431
0.19970539
0.19443652
0.19937989
0.19516979
0.19702236
0.1973384
0.20026596
0.2019072
0.19818807
0.19584684
0.19956587
0.20009072
0.20068558
0.19629143
0.19865409
0.19813065
0.2072254
0.19989881
0.19876617
0.19666272
0.19859673
0.19889452
0.20022823
0.20039469
0.19502455
0.20145229
0.19397654
0.20108266
0.19824767
0.1984695
0.20170805
0.19694985
0.20118539
0.20348583
0.19984964
0.20445795
0.19778958
0.19873726
0.20439819
0.1985248
0.2034235
0.19699529
0.19732328
0.19637392
0.19998579
0.20092373
0.19886868
0.20035397
0.19909821
0.20364861
0.2049225
0.19740278
0.19742413
0.20352574
0.1986817
0.19509774
0.19861475
0.19585207
0.19130594
0.19497779
0.1964219
0.19654585
0.2006801
0.19523095
0.19311915
0.2054514
0.19635378
0.19870992
0.19494735
0.1980596
0.18908793
0.19824114
0.19220005
0.19352594
0.19425933
0.19378456
0.20089099
0.19232838
0.19691907
0.19076167
0.19744854
0.18689671
0.201972
0.1854214
0.19021928
0.19318502
0.19038452
0.19543535
0.19564858
0.1949598
0.19001044
0.19243942
0.18739052
0.19374041
0.19028024
0.19505064
0.19641547
0.18914175
0.19383699
0.19053273
0.18614995
0.19258252
0.19252999
0.19187124
0.1851776
0.1897548
0.19350146
0.19409738
0.19432141
0.18654262
0.19327946
0.18907218
0.18696022
0.19246869
0.19264922
0.18887834
0.18872474
0.19175918
0.1908818
0.18937114
0.19031458
0.1909059
0.18804191
0.18947183
0.18995978
0.18772179
0.19023062
0.18484053
0.18833472
0.18688484
0.1907064
0.19260585
0.18866098
0.18921398
0.1858299
0.18430087
0.18903086
0.18948197
0.1807162
0.18448795
0.18516488
0.18499835
0.1863121
0.18846889
0.18935566
0.18940103
0.18528204
0.19130358
0.18302895
0.18570065
0.19352975
0.18593049
0.18580393
0.18784054
0.18742877
0.1885403
0.18400174
0.19124377
0.18621479
0.18483739
0.1838367
0.19021901
0.17980362
0.18398462
0.18530223
0.18638946
0.18564408
0.18218818
0.18146431
0.18237358
0.17948475
0.18335819
0.1808812
0.18016517
0.1795458
0.18484077
0.18399873
0.18396313
0.1857005
0.18054822
0.18184565
0.1793667
0.18375652
0.18318252
0.1852418
0.17799337
0.184838
0.17538117
0.17732872
0.1827513
0.18463647
0.17439833
0.18121532
0.18432167
0.18418188
0.18367247
0.18392679
0.1796375
0.18109386
0.18052197
0.18061322
0.17789899
0.18285881
0.18190469
0.17757022
0.18411775
0.17923364
0.18445817
0.17704697
0.1829963
0.18329206
0.18386988
0.18018287
0.18057524
0.17875722
0.18799783
0.17825246
0.1745544
0.17560805
0.18020232
0.17879881
0.17598635
0.1798792
0.18231833
0.18014796
0.18223377
0.18117614
0.1806031
0.18350667
0.18305695
0.17555249
0.17712633
0.18016368
0.17482418
0.1768655
0.177075
0.17800204
0.18162505
0.17627613
0.18200955
0.1794352
0.17799893
0.18439032
0.1807063
0.17472637
0.17670885
0.17340463
0.17414802
0.17401281
0.17754674
0.17888065
0.17872706
0.18274991
0.17660221
0.17955147
0.17672192
0.17543615
0.181853
0.17809868
0.17424968
0.17338645
0.17185973
0.17482111
0.1769149
0.17813873
0.1777126
0.17456743
0.17381835
0.17318137
0.17232285
0.16662785
0.17384453
0.17216654
0.17405523
0.17082196
0.17702524
0.1709851
0.1681825
0.17967902
0.17358273
0.16923383
0.17058118
0.17174965
0.165117
0.16909999
0.17383808
0.16823179
0.16834125
0.16728425
0.17131157
0.1680157
0.1707218
0.17296405
0.16701888
0.1699269
0.17017378
0.16365576
0.16948591
0.17084013
0.1719038
0.16929145
0.17144452
0.16766264
0.16538389
0.16708829
0.16349265
0.16859886
0.1693162
0.16685744
0.16993172
0.17203008
0.16451363
0.17064938
0.16590367
0.16707185
0.16652504
0.16986942
0.1681975
0.16791719
0.17368537
0.16266179
0.16944925
0.16182807
0.16710377
0.1701302
0.1658168
0.17500225
0.16584638
0.16392328
0.1650769
0.162904
0.16386731
0.16897404
0.16781072
0.16870229
0.16565616
0.16783023
0.1658821
0.17432895
0.16672152
0.16146214
0.16673791
0.16289763
0.16895337
0.16051193
0.15884587
0.16313961
0.1664217
0.16692984
0.16765246
0.16395213
0.16100621
0.1586922
0.16439967
0.16417424
0.16378939
0.16794719
0.17357644
0.16259384
0.16468191
0.16854914
0.16036397
0.16889253
0.16681232
0.16779986
0.16642806
0.1597905
0.1621837
0.1626836
0.16547002
0.1672361
0.16691245
0.16900627
0.16964665
0.17380257
0.16863285
0.1626352
0.1686574
0.1685778
0.16560037
0.16559404
0.16639079
0.16410184
0.16851771
0.16287296
0.16023724
0.1687024
0.1670665
0.15941958
0.16521533
0.16298693
0.16656436
0.1632072
0.16215703
0.16828538
0.15915309
0.1603695
0.16373032
0.16258131
0.17091578
0.168447
0.16140398
0.16756877
0.16240954
0.16229126
0.15876265
0.16085866
0.16075045
0.1664412
0.1534305
0.16309193
0.15978655
0.16148989
0.16075128
0.1549116
0.15447503
0.16241801
0.15544072
0.16151974
0.15946919
0.16239019
0.15653868
0.15750627
0.15930276
0.15621836
0.16009872
0.15258354
0.1534774
0.15700124
0.15645526
0.15741557
0.1594875
0.15574859
0.153624
0.16086648
0.15799041
0.15884031
0.15758005
0.15702945
0.15699972
0.15302278
0.15882948
0.15442872
0.15869215
0.15100455
0.1609406
0.15261023
0.15331061
0.15318735
0.15324046
0.15993766
0.15701313
0.1575416
0.16058183
0.15336816
0.14995296
0.14976925
0.15289243
0.15577458
0.15318829
0.15336828
0.15180594
0.15710002
0.15240109
0.15003365
0.15494677
0.15853342
0.15212491
0.15218161
0.1569669
0.15580405
0.15293245
0.15454286
0.15249704
0.1591609
0.15018642
0.15823896
0.16030037
0.15226473
0.15388297
0.1586781
0.15345836
0.15227272
0.15065184
0.1493786
0.15635073
0.15694788
0.15277073
0.15172851
0.1518949
0.15775412
0.14804713
0.1536569
0.15397379
0.15896492
0.15298916
0.14556435
0.14862694
0.15513238
0.14669423
0.14460802
0.15174462
0.14385585
0.15057874
0.14821158
0.14777325
0.15044253
0.1524508
0.15132757
0.14562419
0.1464831
0.15009078
0.14875312
0.14992613
0.15163404
0.14471537
0.14951995
0.14671004
0.14343843
0.14611144
0.1429248
0.15218717
0.14236337
0.13896416
0.14078347
0.1492865
0.13806073
0.14816463
0.14902417
0.15040883
0.14282332
0.14123136
0.14071731
0.14601655
0.14624025
0.14653517
0.14799824
0.14295807
0.14372943
0.14175428
0.14380738
0.14523686
0.13956273
0.14338067
0.147222
0.1499327
0.14028826
0.14926702
0.14464267
0.14528641
0.1396276
0.14218752
0.14448306
0.13879423
0.14842875
0.1448931
0.14559472
0.15261254
0.14156327
0.1485018
0.14591634
0.14375955
0.14232098
0.14573883
0.14573886
0.14664428
0.1469357
0.14642113
0.1495065
0.14759332
0.14816026
0.1467069
0.15000388
0.1469706
0.14676411
0.14750421
0.14356482
0.143243
0.15421413
0.14136736
0.14382379
0.1465935
0.14636797
0.14384186
0.14431562
0.1450676
0.14748627
0.14136986
0.14464897
0.14211361
0.14771484
0.13695824
0.14002874
0.13748817
0.14488733
0.14137407
0.14611092
0.13329792
0.13880032
0.14827983
0.13790761
0.13806705
0.13466504
0.13400659
0.13347164
0.14729522
0.13678876
0.1385674
0.14043982
0.13855302
0.14191343
0.14257345
0.14172634
0.14342305
0.14417478
0.13491641
0.14055091
0.1397393
0.1385684
0.14682798
0.14123541
0.14526328
0.14429569
0.14404435
0.14323625
0.1406226
0.14058708
0.14452294
0.1392875
0.14663057
0.14321639
0.13988286
0.14126065
0.1423327
0.14050135
0.1405829
0.1400371
0.14742075
0.13733146
0.1427118
0.14324662
0.14139016
0.14065072
0.13845192
0.14072609
0.14197922
0.14645238
0.14162904
0.14148286
0.14944877
0.14953862
0.14608821
0.14629364
0.13678053
0.1488748
0.14139405
0.14186923
0.14593501
0.14085694
0.14419703
0.14064455
0.1505397
0.14624588
0.13885188
0.14194079
0.14275736
0.14684786
0.14450094
0.14207673
0.14010365
0.14863753
0.14172523
0.1486204
0.14087412
0.14217085
0.14433204
0.13806868
0.14267358
0.14411826
0.14264412
0.1474074
0.13269754
0.13984011
0.14208269
0.13829537
0.13982798
0.13798244
0.13629755
0.13916028
0.141526
0.13717669
0.14038931
0.13993578
0.13721143
0.14187503
0.13822798
0.14087327
0.1397215
0.1387314
0.14623468
0.14405441
0.14165008
0.13724793
0.13719295
0.13158637
0.1362188
0.1489111
0.14663018
0.14076103
0.14709935
0.1407172
0.13815382
0.13885254
0.13414748
0.1386034
0.13893317
0.13546494
0.1316231
0.13755617
0.13411035
0.13585363
0.1399546
0.13575758
0.13445921
0.13733317
0.13984609
0.141582
0.13597998
0.13558543
0.14135584
0.14016913
0.13216378
0.13776797
0.13621715
0.14110495
0.13759375
0.13798477
0.13737312
0.1371592
0.13463342
0.14180408
0.13623875
0.13849616
0.1426859
0.13736872
0.13223453
0.13571711
0.13930202
0.12880336
0.1364964
0.14575408
0.13364111
0.13436735
0.14279087
0.13804348
0.13644929
0.13693649
0.13878317
0.13907503
0.12999816
0.13270319
0.13964908
0.1350965
0.13906178
0.13612798
0.1330654
0.13111301
0.13895641
0.13543119
0.13334107
0.13378158
0.13255586
0.13245237
0.13683252
0.13277376
0.13178979
0.13404433
0.131501
0.13731349
0.1297943
0.14199464
0.14064796
0.13805057
0.13895136
0.13830234
0.13245334
0.13285744
0.13508095
0.13844705
0.13448483
0.12838262
0.13719133
0.13266262
0.13500881
0.1345721
0.13702272
0.12704878
0.13492878
0.13626197
0.13277537
0.1332851
0.13582247
0.13561217
0.1397946
0.13469611
0.13447858
0.12911277
0.13191321
0.13640724
0.1339997
0.13487643
0.13505226
0.13391934
0.14223804
0.13835819
0.13022254
0.13490474
0.13436873
0.12719391
0.12884024
0.12988691
0.13313128
0.13508831
0.13314894
0.13254637
0.13785873
0.13447775
0.13076015
0.13186446
0.12956743
0.13535789
0.13713051
0.13065529
0.13794288
0.13791525
0.13628262
0.13377109
0.13155201
0.13590476
0.13528909
0.13120368
0.13924862
0.13431028
0.14073709
0.13579549
0.13977988
0.13581969
0.13347001
0.1325378
0.13540609
0.12648776
0.12594286
0.13332853
0.12697935
0.13038388
0.12832846
0.13633156
0.13112924
0.13530175
0.131081
0.1253099
0.13650435
0.13724501
0.12934196
0.13672921
0.13486125
0.12293968
0.13469656
0.13785662
0.13076384
0.12752597
0.13325262
0.13248532
0.12772015
0.121491686
0.129549
0.12438875
0.12610275
0.12674733
0.12958945
0.12630816
0.13215303
0.12908398
0.12576991
0.12965323
0.12751505
0.124786526
0.12971582
0.12719965
0.13298446
0.12648198
0.12912682
0.13071236
0.13223064
0.12640443
0.13111174
0.12651744
0.13400808
0.13490345
0.123548724
0.12625049
0.12163892
0.1242325
0.12322268
0.11960556
0.12704107
0.12211985
0.12625746
0.12339769
0.12289231
0.11693233
0.12280516
0.122531466
0.11782548
0.12488365
0.11851815
0.11972525
0.11898423
0.11621841
0.12293903
0.112843156
0.11212013
0.11501961
0.12531064
0.119251765
0.120382234
0.118642926
0.114063494
0.11986509
0.118839405
0.118862316
0.11810248
0.1119317
0.113764994
0.11159417
0.12019685
0.11667749
0.118034236
0.11762171
0.1203254
0.10950696
0.11161942
0.11185014
0.1135363
0.11521611
0.11951654
0.11721169
0.11116956
0.1147105
0.119158916
0.11185452
0.11260352
0.11378131
0.11390746
0.113841414
0.11464107
0.11885532
0.119372465
0.11230542
0.12334302
0.11557757
0.11771521
0.11258471
0.11270537
0.114649445
0.11916963
0.11402833
0.120800324
0.117409326
0.122118615
0.114641815
0.10978356
0.115352966
0.11506445
0.11790499
0.113465086
0.112365454
0.11749756
0.115122646
0.11553888
0.1150027
0.11357935
0.116565436
0.117329866
0.11415045
0.11164717
0.11824528
0.10825291
0.11790399
0.10653348
0.11460025
0.115054615
0.10755388
0.11570891
0.111820735
0.11261664
0.11711261
0.11300414
0.10873102
0.11495496
0.115773626
0.11609878
0.111244835
0.11869393
0.11220456
0.11880049
0.10938703
0.11009618
0.11425239
0.11067984
0.1109277
0.11246235
0.11463588
0.115856014
0.11268214
0.11669028
0.10573342
0.11392333
0.1150456
0.11477238
0.11157638
0.110044725
0.11303518
0.11204565
0.116758145
0.10896654
0.11609541
0.112182185
0.11667641
0.11184768
0.11543795
0.108237416
0.11709592
0.110461876
0.1140787
0.109954916
0.11565191
0.120702766
0.112082474
0.11379734
0.11054149
0.11608742
0.113354556
0.122784555
0.11291026
0.11434675
0.12101971
0.11351237
0.11408343
0.1235641
0.120903164
0.12584208
0.118669
0.1145746
0.11812723
0.1187771
0.12644373
0.12095298
0.116535835
0.11669961
0.11627813
0.11685222
0.11952316
0.12551162
0.119538054
0.115077116
0.116660275
0.11769716
0.1129165
0.12116476
0.1230733
0.11663777
0.11904173
0.12039448
0.116669856
0.12135741
0.1259228
0.114767574
0.117428534
0.11278816
0.110345624
0.12420092
0.11755561
0.11701722
0.12118423
0.12160791
0.11693946
0.11215265
0.117644764
0.12191404
0.114730634
0.12077159
0.11990261
0.1109883
0.119741835
0.11303298
0.1193447
0.11790646
0.115753986
0.116406135
0.113819726
0.118617505
0.1126438
0.120657295
0.12674817
0.128216
0.12153968
0.12032223
0.11394392
0.12054933
0.1168983
0.11700288
0.11411079
0.120350525
0.12460956
0.11629362
0.113467306
0.112966925
0.114781775
0.117878
0.11946448
0.121142656
0.11467993
0.115464404
0.11082121
0.121045016
0.119300246
0.10918168
0.118115105
0.12173886
0.11459899
0.11753173
0.117228754
0.115287155
0.11547622
0.11092826
0.119831584
0.11306606
0.11179794
0.115623266
0.111469015
0.109989114
0.107706696
0.10614975
0.11383554
0.120165914
0.11087008
0.108710304
0.107967846
0.10911393
0.10980332
0.10831137
0.10371403
0.11317772
0.11031322
0.11149219
0.10354059
0.10961637
0.10758925
0.106214456
0.110250354
0.103024565
0.10451422
0.10917332
0.106583886
0.10632209
0.10956294
0.109725624
0.11019791
0.09953299
0.098096885
0.10428928
0.10853999
0.10716243
0.105388574
0.10114692
0.1038214
0.10146251
0.1077106
0.1090538
0.10588466
0.103661664
0.10933297
0.111530505
0.10827197
0.110644735
0.104008004
0.106406674
0.10525885
0.11078867
0.11016952
0.10554445
0.11019633
0.11067781
0.11557759
0.10819077
0.110511184
0.108326785
0.11024615
0.10705121
0.10457827
0.110741384
0.11007551
0.11177527
0.1059827
0.11605272
0.10813485
0.1102279
0.11769084
0.10710166
0.11282169
0.11012796
0.10773292
0.1082119
0.1088059
0.11041682
0.114217594
0.110954836
0.11040842
0.1119129
0.11542766
0.10826422
0.11604195
0.10830544
0.10706897
0.105723836
0.108769454
0.10924937
0.10810121
0.104751416
0.11013733
0.11247268
0.105075434
0.11326755
0.106170416
0.11268715
0.108861975
0.10690125
0.10972676
0.11631509
0.10894311
0.11171688
0.1150006
0.10997319
0.10531332
0.1100963
0.113175765
0.113676175
0.10338555
0.10718008
0.10809186
0.09941217
0.101547375
0.10743704
0.10927705
0.10378188
0.10582875
0.10302673
0.10526127
0.10800122
0.10065073
0.09779759
0.105646975
0.096679695
0.10033277
0.10264021
0.10689189
0.10533243
0.10002236
0.10266205
0.105541945
0.107250504
0.106160015
0.10437085
0.104572095
0.10095186
0.10263655
0.09766197
0.10162415
0.097931944
0.105967395
0.10267727
0.10032805
0.10599375
0.109058864
0.09848551
0.09559316
0.1042413
0.09948557
0.10457346
0.10651436
0.09670992
0.1027878
0.10227492
0.10351179
0.101416014
0.098752245
0.09804918
0.103312515
0.106320895
0.111567646
0.1029427
0.103777714
0.100253716
0.1021273
0.10270412
0.101437256
0.09756198
0.100264035
0.09809295
0.10709096
0.103753835
0.093656085
0.103870496
0.10120934
0.101672895
0.1067503
0.108306766
0.10988044
0.10121111
0.09887582
0.106887065
0.104065746
0.10656463
0.10077239
0.10304955
0.101957306
0.10417251
0.104369566
0.10009366
0.10554814
0.10655541
0.107503615
0.09997265
0.1077844
0.09544187
0.09921954
0.10121312
0.10853628
0.10804951
0.10607153
0.112395145
0.098644294
0.102812044
0.09951256
0.1019797
0.09714608
0.098924205
0.10633851
0.10344596
0.09928645
0.09890781
0.09896841
0.097810805
0.09535306
0.10529929
0.09643229
0.10387286
0.109008595
0.098294534
0.10064533
0.103329286
0.09881899
0.098201476
0.09978749
0.10582612
0.0934746
0.10092643
0.10377783
0.10366087
0.09796284
0.097600065
0.10364767
0.10845477
0.09896048
0.099138185
0.10172827
0.10320928
0.10827313
0.09970725
0.09991481
0.09921435
0.10701815
0.1033043
0.10836475
0.09891695
0.09845829
0.10083692
0.10156933
0.10188283
0.098718695
0.10104103
0.101121366
0.10092803
0.09648804
0.10106146
0.101804614
0.09641402
0.104824066
0.10324428
0.09700576
0.102814615
0.098655716
0.10199034
0.09464263
0.10491762
0.10209116
0.09194869
0.096402064
0.10091095
0.1023702
0.09906684
0.09667536
0.099373534
0.094401486
0.0989403
0.099328354
0.101575434
0.09838653
0.096817
0.0993451
0.10108069
0.0978616
0.09915196
0.096264556
0.10088062
0.09887791
0.09438268
0.09739474
0.095992856
0.10053299
0.1032995
0.097319186
0.107378066
0.10528684
0.09822548
0.10416074
0.098668985
0.1057981
0.10834188
0.106052555
0.09831957
0.1004362
0.094595686
0.09605502
0.10559681
0.09969839
0.09492086
0.10695098
0.09457051
0.1055351
0.1047687
0.10737261
0.09991652
0.09388554
0.09929785
0.09491917
0.102636255
0.104760505
0.101642124
0.10203081
0.10071191
0.09927569
0.09860505
0.098974645
0.10682096
0.09520313
0.10160058
0.09983438
0.10022226
0.103790864
0.10048725
0.09614964
0.09896501
0.0949004
0.094649225
0.099069454
0.10345865
0.103659354
0.09983623
0.102326296
0.09911391
0.10437243
0.10782827
0.095132925
0.09664926
0.10094563
0.09589285
0.09940904
0.09704862
0.10498204
0.09605737
0.09154449
0.097604685
0.09332145
0.09288475
0.10264594
0.09999737
0.10061367
0.096558504
0.10091979
0.101367846
0.096565664
0.093415074
0.10091902
0.09632313
0.10367982
0.0982803
0.10828367
0.08855578
0.09895096
0.10364936
0.09665731
0.09686317
0.09233358
0.09222107
0.101875745
0.09992552
0.102269396
0.09493725
0.0966033
0.09171388
0.10326941
0.09162085
0.094465576
0.09454261
0.09640397
0.09815788
0.094272465
0.09309175
0.092789635
0.09579715
0.093631625
0.08768158
0.09121781
0.095031336
0.10653802
0.091980755
0.095067374
0.094365396
0.09155561
0.09405352
0.09213543
0.091850586
0.09378555
0.08687358
0.08919812
0.09170276
0.08805608
0.09366961
0.09286009
0.095461085
0.09101827
0.088148
0.08614171
0.08732569
0.093353994
0.09594044
0.08598844
0.09047566
0.09410828
0.08828604
0.09072145
0.0924122
0.082652055
0.092147455
0.0899641
0.09611637
0.08568994
0.09463588
0.08291153
0.09537222
0.08876542
0.08916046
0.08925459
0.09870994
0.10137276
0.083291546
0.090647385
0.09374181
0.082876466
0.089675814
0.08075364
0.08495462
0.08472101
0.0847352
0.09372856
0.08646586
0.08778298
0.084299736
0.087574266
0.08940778
0.08406291
0.08297794
0.08355243
0.08858083
0.087642714
0.08367975
0.08526457
0.08372094
0.08465772
0.08611552
0.082624525
0.088871025
0.08690446
0.08000463
0.089858875
0.08810501
0.08537132
0.08910198
0.08614934
0.08422012
0.0894458
0.08556608
0.085277736
0.089372896
0.08663243
0.07960624
0.083241746
0.08826098
0.09460626
0.08563847
0.07751925
0.083277084
0.081476994
0.08048931
0.092280254
0.08117978
0.083238326
0.077117115
0.085818835
0.085882775
0.08064566
0.08143638
0.083093815
0.07788098
0.07771423
0.087331004
0.08861241
0.07970009
0.08040114
0.09065328
0.08455543
0.082326144
0.07913287
0.08599381
0.080500975
0.08511065
0.0787815
0.08499304
0.08493942
0.07765493
0.08129854
0.08928334
0.09374074
0.08533364
0.07986707
0.085556395
0.089071564
0.08694249
0.09102058
0.08296035
0.08520993
0.08122079
0.08465206
0.08753399
0.0872974
0.08674492
0.08659629
0.08413895
0.08582437
0.08365316
0.08732641
0.087504685
0.08676312
0.0844851
0.08217569
0.08100887
0.09303208
0.08488613
0.08049248
0.08796897
0.08340149
0.089596845
0.0879606
0.08296524
0.07673146
0.07956296
0.08090004
0.08467997
0.08155546
0.0826428
0.089769416
0.08761865
0.08653409
0.07877888
0.08425058
0.078501396
0.08074088
0.077895336
0.081336185
0.08000368
0.08410556
0.07761113
0.0782837
0.077397056
0.080924995
0.07484386
0.08988911
0.090005495
0.07716975
0.080717355
0.075817674
0.07758618
0.08484108
0.073223904
0.08479271
0.07905381
0.0797908
0.08054071
0.07971179
0.08329661
0.087161146
0.08207479
0.08593767
0.08432035
0.084367305
0.08558433
0.07852687
0.082777366
0.089277096
0.08710523
0.088304706
0.08466176
0.08145464
0.08551157
0.08309569
0.07998833
0.081938304
0.084506035
0.08289248
0.07989029
0.08525124
0.079968825
0.08089063
0.080562435
0.08138961
0.080127314
0.084698796
0.090813585
0.083666034
0.08356574
0.083709754
0.09011724
0.081600755
0.084352575
0.07705119
0.08571594
0.09031454
0.079387434
0.08404616
0.07910735
0.08048433
0.08676315
0.08373371
0.0816912
0.082384944
0.077062204
0.07055958
0.0830772
0.08012442
0.07743103
0.078928426
0.07801085
0.07670506
0.07978487
0.07739612
0.08055993
0.08164959
0.08487344
0.078495264
0.081439614
0.08453649
0.07749479
0.07700112
0.08306493
0.08590395
0.07986786
0.082845405
0.07888025
0.07841582
0.08659215
0.08952682
0.082890734
0.076337844
0.081287235
0.08441473
0.07682864
0.08348522
0.0846169
0.08696076
0.07615597
0.08839515
0.081075184
0.083859414
0.080409445
0.08723292
0.08219354
0.084239736
0.08473358
0.08194904
0.08567099
0.08332702
0.082829125
0.08822787
0.081260286
0.088494524
0.08239896
0.08280436
0.08390417
0.0792321
0.09222935
0.085585654
0.08946133
0.08733928
0.08373208
0.08345227
0.089404084
0.08129994
0.0822026
0.08356953
0.07929094
0.08755754
0.0833672
0.07677559
0.07884495
0.08313606
0.08186299
0.08280131
0.082636364
0.07915038
0.08196073
0.077963576
0.096297346
0.08742726
0.078295186
0.08147761
0.09128794
0.08111892
0.07875017
0.08062317
0.0806349
0.08361183
0.0955025
0.07093081
0.07749807
0.09888819
0.084668346
0.089321874
0.07558085
0.08338024
0.08539228
0.08100461
0.084063545
0.07934288
0.088269815
0.0829636
0.080317944
0.084134616
0.080530584
0.07880841
0.08168076
0.08077696
0.07200313
0.0730107
0.08514894
0.07319368
0.080216594
0.07878703
0.0829072
0.07852366
0.074629895
0.072679415
0.06974443
0.0818263
0.07484774
0.07358487
0.084516816
0.07892836
0.0752041
0.08335227
0.083658695
0.08246423
0.082339466
0.07658442
0.071775235
0.082620144
0.080512986
0.077633865
0.07935142
0.081783906
0.07518629
0.08111475
0.08329672
0.07960724
0.07101245
0.083721906
0.07673363
0.08221258
0.07706163
0.07070494
0.07243154
0.07331789
0.077117704
0.0749087
0.080757655
0.08296725
0.08078245
0.07328518
0.08765858
0.078209214
0.07496037
0.07263867
0.08612767
0.07874501
0.07724085
0.07476787
0.07679351
0.079672165
0.07494896
0.07592185
0.073378466
0.08022165
0.07041231
0.07483658
0.08346002
0.07490982
0.07334985
0.076371156
0.080851
0.07557315
0.095231414
0.06987701
0.07698581
0.074968904
0.078218296
0.07307
0.07090675
0.08124354
0.072269835
0.07114662
0.07574929
0.071060926
0.08221966
0.071098775
0.073862836
0.07333597
0.08198193
0.07006788
0.07821483
0.0802065
0.07221717
0.0766278
0.07897494
0.07410727
0.074505284
0.07122055
0.07073655
0.07919787
0.0785796
0.07453042
0.07709734
0.07344299
0.07737967
0.069540024
0.06859235
0.07059848
0.075099066
0.06875545
0.06622315
0.06803261
0.07163832
0.06926165
0.06990898
0.07359188
0.07101971
0.076044776
0.07167286
0.0722705
0.07186132
0.069412105
0.06821676
0.06717664
0.066038854
0.06803495
0.07428486
0.06725377
0.06566791
0.0666708
0.0679016
0.06893584
0.07266175
0.069361575
0.06739077
0.06625912
0.06541309
0.06483075
0.0650286
0.066756465
0.06863526
0.06911216
0.06812982
0.06746276
0.06525088
0.06472163
0.06232815
0.06429121
0.06423923
0.065692075
0.06704189
0.06872282
0.06698819
0.06545047
0.06423417
0.066250525
0.066271394
0.067010716
0.06654017
0.065651536
0.063409895
0.06528153
0.06611474
0.07028942
0.06913453
0.0695634
0.06451079
0.06483942
0.06497678
0.068586
0.06901905
0.06884518
0.06826228
0.069566414
0.06834354
0.07074394
0.07154566
0.076037675
0.072373025
0.07166834
0.07032486
0.07088304
0.068023324
0.068024084
0.06850247
0.070294105
0.071063615
0.07168547
0.0717946
0.06985676
0.06783607
0.06607004
0.068942554
0.06803961
0.06950016
0.06770792
0.06961374
0.068572395
0.07041261
0.07134645
0.072466195
0.07291949
0.06994155
0.0694616
0.066573136
0.06783951
0.066364355
0.067329064
0.06673545
0.06891201
0.07043585
0.07169076
0.07245897
0.07306963
0.07228024
0.071065925
0.07227555
0.07581567
0.07633298
0.07247359
0.07009542
0.07059689
0.07179481
0.07157797
0.07120573
0.07096367
0.07560559
0.08521362
0.07466888
0.07085504
0.0757414
0.074113294
0.07358588
0.06865484
0.06910271
0.06897433
0.07165099
0.07009728
0.06793979
0.066909105
0.06847575
0.06936806
0.069896065
0.069604784
0.068137504
0.06589863
0.06436482
0.06708051
0.07045692
0.07274853
0.07470147
0.07379735
0.0740902
0.07066574
0.0693221
0.065588616
0.06819258
0.0681444
0.070047125
0.070289426
0.07202851
0.07257481
0.07055701
0.070518464
0.072642334
0.073916815
0.07344546
0.07431844
0.07367189
0.073904775
0.074018545
0.074912466
0.07536384
0.072859265
0.07458693
0.07508727
0.076681934
0.07582657
0.077333555
0.0747424
0.07282888
0.069986925
0.07538184
0.07715942
0.07962152
0.07691988
0.082209654
0.09255728
0.081968464
0.07595906
0.074857496
0.07672316
0.07730351
0.0758623
0.07715439
0.079176694
0.08189191
0.080918685
0.082697265
0.08071742
0.0800542
0.07703415
0.076069355
0.08085828
0.0890294
0.083003424
0.08248573
0.086449556
0.088236004
0.086029544
0.08344299
0.07791122
0.080561094
0.08016226
0.08937862
0.100113705
0.08447153
0.07613422
0.07656801
0.07716152
0.07739172
0.07862438
0.079314165
0.079807155
0.078845315
0.077315934
0.07713227
0.076151356
0.07562478
0.07946136
0.07969984
0.07925478
0.07767407
0.08158808
0.08217455
0.08052351
0.077835694
0.08219293
0.08346065
0.081278495
0.08083426
0.07964344
0.08223336
0.080290005
0.08097612
0.080007136
0.07820096
0.07735767
0.07710374
0.07964723
0.07727193
0.07616502
0.07309804
0.07451744
0.07535928
0.075286135
0.07605691
0.077021286
0.07833765
0.07761488
0.07748595
0.076388754
0.07507937
0.07370852
0.072229974
0.07349153
0.07264351
0.07703882
0.07235331
0.07403788
0.071497396
0.07477372
0.072922625
0.069113575
0.07253251
0.075477056
0.0820929
0.076854885
0.07472765
0.06952832
0.07225841
0.071697414
0.07376605
0.07538919
0.0791951
0.08073763
0.08047225
0.07744506
0.07823213
0.07727005
0.08122973
0.080464244
0.08097639
0.07863137
0.077521205
0.07865149
0.07577467
0.072872624
0.070935905
0.07290423
0.074192494
0.07682133
0.07690503
0.07749518
0.07340646
0.0717773
0.07119531
0.07514893
0.07572016
0.0776259
0.073477775
0.07704366
0.075636014
0.07851181
0.076133616
0.07610453
0.072958805
0.0713188
0.068497844
0.07483518
0.076601095
0.07972694
0.07408392
0.07439881
0.075860545
0.074075155
0.07426107
0.07093666
0.07053563
0.06939627
0.068712726
0.06861744
0.06569325
0.06696123
0.07320317
0.07627737
0.07939185
0.075399235
0.07408384
0.07122124
0.071483694
0.070317365
0.06786934
0.065835886
0.063695095
0.066687144
0.06816636
0.07365295
0.074223764
0.073982775
0.07330508
0.06798027
0.06953918
0.06846556
0.07006873
0.07076232
0.07089183
0.07283239
0.081732914
0.07993266
0.08215416
0.07267939
0.07320718
0.072324276
0.072030716
0.07175664
0.07104872
0.06865049
0.06997318
0.07054873
0.07152436
0.067989536
0.0700122
0.07223759
0.077189036
0.07430937
0.06980239
0.069740705
0.06999166
0.073537536
0.071284786
0.069823
0.070621416
0.07186311
0.07505
0.07284261
0.070702195
0.06708486
0.06882501
0.071700476
0.07378689
0.07117488
0.07056915
0.0690517
0.07106029
0.072720684
0.07347351
0.071272925
0.068108656
0.07074803
0.071564406
0.070742264
0.06623948
0.069984525
0.07082667
0.06939248
0.06637897
0.070513405
0.07318296
0.0765147
0.073218875
0.071739465
0.066619165
0.06713336
0.06887744
0.07106549
0.0665818
0.06916224
0.06780525
0.070985615
0.06850368
0.07065212
0.0708035
0.074269004
0.07476228
0.074982494
0.072249025
0.073851496
0.07437295
0.0784116
0.076731995
0.07585218
0.0756338
0.079358675
0.084968984
0.081097044
0.07722553
0.071490146
0.07179129
0.073920324
0.078445286
0.07734732
0.07793669
0.07505455
0.07394755
0.07020557
0.06904346
0.07231689
0.07569395
0.07753264
0.078068346
0.07704936
0.07680538
0.07772513
0.0769273
0.07780441
0.074472845
0.070814684
0.06968143
0.07154522
0.07534004
0.074644074
0.07632571
0.07558869
0.075642735
0.07300363
0.07115357
0.07031929
0.07439831
0.07467877
0.07643142
0.069611736
0.071554996
0.068498515
0.07381711
0.072193675
0.072357945
0.06776254
0.069110274
0.07062075
0.072246835
0.07342816
0.073045515
0.07561548
0.07657625
0.08135823
0.08207176
0.07961791
0.07888595
0.07503989
0.075839035
0.07326584
0.07203825
0.07172157
0.07448021
0.07853791
0.07699771
0.073419444
0.072553225
0.069139816
0.07157675
0.0688309
0.07256299
0.0699874
0.07194866
0.07165312
0.07099127
0.069533736
0.068466425
0.06721446
0.064601935
0.06897079
0.06992538
0.073351555
0.072787315
0.0726825
0.07351283
0.071765706
0.06934181
0.06893445
0.06924236
0.07105927
0.067787156
0.065509915
0.06718529
0.07233158
0.07224504
0.07548914
0.070771456
0.06954099
0.06570514
0.064912006
0.06835221
0.06843392
0.06939952
0.06698983
0.066665664
0.064494945
0.066488154
0.066971086
0.06992665
0.0687059
0.06855038
0.06962777
0.06865345
0.06770364
0.065418646
0.063471384
0.060516104
0.061731678
0.06327803
0.06570153
0.062420517
0.059764948
0.05807619
0.060408916
0.06439939
0.070187874
0.07217174
0.07088758
0.066126764
0.0654088
0.06902153
0.07000225
0.06996928
0.062259495
0.059617303
0.05677132
0.058281235
0.0631288
0.069602296
0.07044484
0.067756526
0.063571215
0.06705298
0.06733342
0.0704106
0.07196146
0.068679176
0.0651811
0.06729012
0.071406014
0.075786255
0.07149975
0.073810235
0.07251689
0.07193273
0.067492254
0.066236086
0.06730057
0.06854119
0.06857337
0.07013005
0.07515843
0.07816428
0.079608046
0.076289795
0.07410968
0.07090442
0.06792385
0.06442235
0.06464274
0.07082495
0.07511133
0.12144988
0.20886189
0.1360408
0.09015112
0.06915907
0.06617709
0.06983401
0.075611025
0.08054033
0.07488015
0.070277944
0.07130654
0.071847975
0.07096941
0.066347405
0.069407016
0.07134986
0.070864476
0.06709962
0.070443995
0.0747621
0.075123236
0.071101055
0.06946217
0.06786499
0.066423945
0.065765224
0.06597673
0.06972504
0.068259336
0.06824736
0.06593167
0.06160589
0.065656625
0.067456126
0.07403625
0.071236424
0.07044444
0.06720977
0.067439474
0.06405055
0.06757996
0.06528334
0.06808716
0.060863737
0.063875526
0.06315843
0.068281904
0.06371451
0.061691314
0.059781987
0.06444151
0.06608525
0.06584866
0.06497308
0.06403766
0.064832374
0.06314523
0.06473545
0.06795768
0.07239465
0.071934976
0.06941609
0.06753816
0.065402724
0.06331456
0.06194592
0.061955914
0.060243722
0.0640689
0.06523234
0.06776939
0.0651572
0.07141124
0.068633914
0.067959264
0.06335697
0.065846965
0.06783688
0.06502168
0.06959627
0.067276135
0.072727166
0.06966681
0.06815886
0.06662499
0.065406896
0.06939456
0.07019631
0.06814557
0.06532108
0.06220187
0.06552246
0.0632358
0.060563736
0.060875125
0.06504336
0.06860659
0.06721933
0.0667625
0.06604775
0.06521592
0.06403448
0.06462396
0.062803745
0.059551865
0.059119813
0.06247133
0.066410996
0.065847725
0.06488987
0.06318237
0.062274996
0.061057102
0.06158319
0.06444568
0.06555448
0.06445291
0.064615786
0.065983474
0.064455055
0.06291795
0.06278214
0.06535585
0.0692273
0.06809263
0.0760826
0.07172053
0.06925072
0.061096188
0.060895767
0.061237693
0.062120426
0.062722154
0.0605308
0.0608222
0.060374815
0.06316124
0.065688565
0.06782354
0.06791939
0.06553025
0.061556093
0.05699785
0.054852024
0.054988373
0.054943375
0.05531959
0.05721734
0.05820387
0.05653074
0.055918045
0.05322922
0.054412648
0.0558442
0.057766784
0.062921934
0.06459668
0.06572716
0.065914035
0.06356226
0.061320435
0.057274092
0.057926018
0.057684742
0.059214402
0.058163296
0.05923894
0.056795556
0.05617375
0.056157894
0.05539554
0.05666371
0.056091323
0.059215214
0.058983147
0.059189063
0.057833463
0.0607774
0.058497284
0.057896424
0.056009
0.05484611
0.053563375
0.05283556
0.054129153
0.059134662
0.05922055
0.059985645
0.059842795
0.06097665
0.056681808
0.0577416
0.055001725
0.054091025
0.053026665
0.05322536
0.05295436
0.055157777
0.058991674
0.057504207
0.058172308
0.05876003
0.057545975
0.05527979
0.054700445
0.05417522
0.053758048
0.054013446
0.054631263
0.053948615
0.05492316
0.053813834
0.054330297
0.051629
0.050913293
0.049228337
0.04876399
0.047322515
0.047846377
0.048535123
0.047516167
0.04811404
0.050688595
0.050303917
0.05322412
0.0523717
0.052248728
0.054037496
0.052296404
0.04925261
0.05035766
0.050286338
0.044178598
0.04639975
0.046500728
0.047320914
0.04849044
0.04907146
0.047086246
0.04749571
0.048056375
0.045613352
0.046515286
0.047876492
0.047676545
0.047984544
0.048930265
0.04800951
0.047646206
0.048156947
0.046244007
0.046694554
0.04596135
0.047485784
0.045764767
0.04576892
0.04566577
0.046756376
0.046239037
0.04776786
0.0479865
0.047080413
0.04864521
0.05149147
0.051583618
0.051249497
0.051475417
0.053475067
0.05012143
0.050754298
0.053208947
0.05416445
0.054451562
0.058067426
0.0564232
0.057333726
0.058665663
0.05507093
0.052100625
0.05382226
0.050738376
0.050235182
0.048671525
0.049020767
0.04873318
0.05014147
0.04731752
0.04819392
0.04723925
0.04763843
0.048415758
0.05232312
0.054825522
0.057700492
0.056847833
0.055004142
0.05324229
0.052490685
0.04962929
0.051627368
0.051604837
0.05142224
0.053428724
0.056341354
0.057005778
0.060097713
0.060538
0.061469287
0.0617992
0.060293615
0.059938777
0.06084943
0.056996334
0.058052804
0.05910841
0.05766065
0.05650163
0.06065511
0.055929106
0.053893708
0.05396513
0.054192226
0.052991606
0.055685133
0.05801278
0.059310623
0.059389103
0.058459964
0.05855161
0.05733221
0.057061434
0.055271316
0.0586385
0.059141427
0.05859993
0.058781017
0.059493113
0.055992562
0.054782033
0.054198824
0.055042487
0.05673159
0.055806227
0.054733098
0.05307998
0.050676014
0.05171283
0.0497666
0.049079217
0.0507976
0.050029848
0.04974139
0.04773872
0.049070384
0.05093366
0.05402128
0.05728385
0.058100276
0.05803702
0.05573892
0.05152998
0.050016485
0.05109343
0.05002499
0.052670795
0.054160535
0.05645112
0.055999555
0.0521187
0.05227064
0.05079172
0.05069435
0.052931167
0.053753998
0.055695407
0.055573005
0.05489025
0.055393744
0.058246054
0.05796951
0.05709932
0.059686285
0.061599255
0.060754918
0.059992254
0.05871382
0.061833195
0.057665274
0.05946688
0.060393922
0.063595116
0.060864646
0.061526816
0.05902183
0.058033146
0.05480704
0.05605442
0.058159314
0.056275483
0.05739757
0.060469612
0.062098645
0.059376337
0.06543276
0.06487408
0.065286845
0.06150966
0.063586555
0.060633402
0.06321137
0.060821924
0.061380573
0.062929586
0.06524918
0.06389233
0.06577629
0.065903954
0.0642916
0.060808394
0.05992434
0.059815846
0.062030833
0.0639584
0.06322231
0.06418913
0.062099967
0.05885928
0.057962038
0.054867636
0.056765184
0.05738344
0.06054574
0.06514274
0.066276975
0.06912506
0.06901168
0.06886784
0.06811604
0.069320016
0.0707085
0.07080534
0.07322413
0.07239726
0.07002021
0.069810964
0.06839197
0.06665553
0.06812413
0.06861569
0.0662188
0.06725665
0.06625
0.063190676
0.06358543
0.06443026
0.063977696
0.06359596
0.06743757
0.068099394
0.06900114
0.07028057
0.0681651
0.06553873
0.06756007
0.06910175
0.067273736
0.06959804
0.069561474
0.06667482
0.06681563
0.06979859
0.07028164
0.07146286
0.07214149
0.07067845
0.06975256
0.06765681
0.06694283
0.067398414
0.0670133
0.067175634
0.06830937
0.067147255
0.06798199
0.067299016
0.06555586
0.064401776
0.06666867
0.065174505
0.065403216
0.061748877
0.06075059
0.05948684
0.0568518
0.055297658
0.054957587
0.058267243
0.058176603
0.057347093
0.05820923
0.05844619
0.05976774
0.0593042
0.06362085
0.06702207
0.06566589
0.06632819
0.06475215
0.06011149
0.059481826
0.053432643
0.05455763
0.053468127
0.052354597
0.052613664
0.05319616
0.055966124
0.05690235
0.05689743
0.055967815
0.057600282
0.059057698
0.059287503
0.056369375
0.053209573
0.051574305
0.051981397
0.052144747
0.050867435
0.051086087
0.052727744
0.054545127
0.056201074
0.055355206
0.05375473
0.056021314
0.054506723
0.05345876
0.054109495
0.053369652
0.054069676
0.054581374
0.056425467
0.057812534
0.057393026
0.058858436
0.057791416
0.057969403
0.06183773
0.058710363
0.058694974
0.05906116
0.056050003
0.056703962
0.055442933
0.049628604
0.050733343
0.0512573
0.04979977
0.04856739
0.050838597
0.052283965
0.053035468
0.051622476
0.05127622
0.05030855
0.05280897
0.054208625
0.05083124
0.05400497
0.05389438
0.053690024
0.0525711
0.05167789
0.053948246
0.055107873
0.055110108
0.05823184
0.057762615
0.059110813
0.05911244
0.058423832
0.058712218
0.056388102
0.053396095
0.05494951
0.053618368
0.052249048
0.05146496
0.05104688
0.05149018
0.053184215
0.05261096
0.053497855
0.055098254
0.059738338
0.05911668
0.059343874
0.057831995
0.061309304
0.06098368
0.059143856
0.05860907
0.057788186
0.056999166
0.05970475
0.057490237
0.057168767
0.056477897
0.055151284
0.05547661
0.05607783
0.054263186
0.052961398
0.051137242
0.05106896
0.051301844
0.053285398
0.053601075
0.05551481
0.05522789
0.054040246
0.057123084
0.057083923
0.056574255
0.054756027
0.05235734
0.052138742
0.0536909
0.05409932
0.052938163
0.055072617
0.058034167
0.059364904
0.05837773
0.05975378
0.057451025
0.057566304
0.06005048
0.05732719
0.05776876
0.058512565
0.056832492
0.056960106
0.058674145
0.05780499
0.058589406
0.059121706
0.05991502
0.06274389
0.061414346
0.061651494
0.06064555
0.058978684
0.058868103
0.05988953
0.059188794
0.060784187
0.059269004
0.060491487
0.060820337
0.061382625
0.06295422
0.060623325
0.058804195
0.05592526
0.056871146
0.056041397
0.055853974
0.056684393
0.054617293
0.054831196
0.055663068
0.055594925
0.05917855
0.059001945
0.061711736
0.05968005
0.059334174
0.06106103
0.062204782
0.059971344
0.058584645
0.057888813
0.057654083
0.060098507
0.059956715
0.060480658
0.05902713
0.060058232
0.061473817
0.06332953
0.06342214
0.064375445
0.06481614
0.065275595
0.06509972
0.06661583
0.06620649
0.065929376
0.06448571
0.06339038
0.061529215
0.0617589
0.061713304
0.06030684
0.058027726
0.05639216
0.05684068
0.05724501
0.056314174
0.056730382
0.052860405
0.053699315
0.05324487
0.055699855
0.05612689
0.05579662
0.055425353
0.05313836
0.049852718
0.049926113
0.049992554
0.048697777
0.047271058
0.04540623
0.044611335
0.043456096
0.04488469
0.04590997
0.04661539
0.048384804
0.04685821
0.04809587
0.048651937
0.049968734
0.05001025
0.050574385
0.051471494
0.04897914
0.050185755
0.048940085
0.050835688
0.051963642
0.051051125
0.051292807
0.05183264
0.052432347
0.052170318
0.0512518
0.05062359
0.048637412
0.050197475
0.04861339
0.048614208
0.04876237
0.047719795
0.04651653
0.04506021
0.044712897
0.044789433
0.04459964
0.04483582
0.04513305
0.04437345
0.0429492
0.042311408
0.041581355
0.041926157
0.043092225
0.043369155
0.04371968
0.04326275
0.042643636
0.0434119
0.04312742
0.04378825
0.044616066
0.045399647
0.045090668
0.04697467
0.04775764
0.047279194
0.047286432
0.048847985
0.05053479
0.05176987
0.05247198
0.05132746
0.053167682
0.052539915
0.05390065
0.051584173
0.050947808
0.050706286
0.051543437
0.05069672
0.04804896
0.04662399
0.047244344
0.048865322
0.047152717
0.04899439
0.048445825
0.04943258
0.04920161
0.05025812
0.050619636
0.05009404
0.052774347
0.054040283
0.055026174
0.05435848
0.053908493
0.053092264
0.051834587
0.05121768
0.051128093
0.053011872
0.05548939
0.0561389
0.05785649
0.05628842
0.05734463
0.05814889
0.059274785
0.060044847
0.05984311
0.060520764
0.061916623
0.06012527
0.057579115
0.057346616
0.058329843
0.057670068
0.05930105
0.060674798
0.059732206
0.06059227
0.059980124
0.0573824
0.057111222
0.057710063
0.057169046
0.057012815
0.056363817
0.055274617
0.05388333
0.05244458
0.05500739
0.055847514
0.056872513
0.06029391
0.061105035
0.062289692
0.065173924
0.064332694
0.06416033
0.06499279
0.06528449
0.06616304
0.06362043
0.062489733
0.064579695
0.063247606
0.06410742
0.061893698
0.059535224
0.061581403
0.06305945
0.06481957
0.063874595
0.06464774
0.06645189
0.064576074
0.06310242
0.0644705
0.06249867
0.064918764
0.06663311
0.06719017
0.06634691
0.066850126
0.06639705
0.0680741
0.06959042
0.07192572
0.07360302
0.072657935
0.075798884
0.07583632
0.07467077
0.07723807
0.07776003
0.08043929
0.08137386
0.081055425
0.07960426
0.07881948
0.07996564
0.076298706
0.076150864
0.07437008
0.07210618
0.07269241
0.07118255
0.07137974
0.07103187
0.066857465
0.06617073
0.064632505
0.06308604
0.06355359
0.06378287
0.064430185
0.06352421
0.06388661
0.061651494
0.063207
0.062160682
0.062115137
0.06379259
0.064261906
0.06494832
0.06589833
0.06659948
0.066033244
0.066109054
0.06540678
0.06320196
0.06362723
0.06624442
0.06695644
0.06733787
0.066270724
0.06597036
0.06693798
0.066329956
0.065961674
0.065446615
0.06654248
0.06815438
0.06965103
0.07039251
0.06831356
0.066238135
0.06421539
0.06504564
0.06506532
0.065989055
0.06641705
0.06726575
0.067574345
0.06725052
0.06583866
0.06519318
0.06693031
0.06652648
0.066724814
0.065550886
0.06573569
0.066986546
0.06537223
0.06537143
0.0656186
0.06516669
0.06345971
0.06342772
0.06455318
0.06302891
0.06135687
0.061706748
0.061834306
0.06179089
0.061447695
0.062168453
0.062255543
0.06358877
0.06335725
0.061448075
0.060503747
0.059182927
0.058507614
0.058185805
0.057094645
0.0581606
0.059333887
0.057789624
0.057953693
0.055792984
0.054033518
0.053929288
0.05330028
0.051934723
0.050893467
0.049062967
0.047917265
0.04903648
0.048660684
0.047566034
0.048499033
0.04907842
0.04826314
0.049931716
0.048832003
0.047702614
0.047190662
0.04692294
0.047108274
0.047274016
0.047512002
0.047851413
0.048929784
0.049846575
0.04939827
0.050467342
0.052688055
0.052167166
0.051378958
0.051143825
0.05289978
0.052619964
0.052384347
0.05291319
0.05152979
0.05253374
0.05400606
0.053517
0.054539636
0.05633107
0.0564931
0.055566248
0.054891545
0.05301814
0.051555507
0.052139167
0.05227531
0.0519337
0.05036893
0.0495681
0.047983352
0.047844175
0.04773831
0.046049245
0.044678353
0.04430491
0.04387959
0.043756317
0.043389775
0.042378098
0.041563693
0.04203918
0.042234585
0.040787388
0.041237067
0.041377403
0.04131197
0.042441323
0.043325976
0.043166853
0.04214653
0.04311334
0.043697506
0.043967143
0.043584153
0.045266643
0.04554481
0.045432087
0.04524697
0.046228502
0.04633455
0.046278417
0.04538037
0.045985755
0.046196993
0.046841566
0.045676805
0.045636673
0.04535757
0.04666684
0.04636112
0.046257257
0.045770183
0.04538296
0.044147383
0.043840144
0.043268498
0.043433372
0.0437281
0.04332177
0.042692043
0.042901855
0.042707823
0.041934475
0.04161277
0.04176876
0.04246036
0.041826073
0.04101088
0.040140085
0.040261872
0.039515782
0.039198168
0.0391066
0.039168466
0.038946345
0.03980259
0.040220987
0.03939931
0.039743226
0.039139684
0.03887678
0.039132126
0.03920956
0.040005926
0.039682645
0.04093731
0.04109902
0.040518567
0.040986817
0.04056925
0.041643605
0.04173257
0.04266496
0.044036567
0.043117628
0.042543113
0.04207555
0.042321894
0.04246195
0.043951962
0.044560455
0.045486983
0.04582042
0.045399725
0.044892732
0.04411748
0.04416092
0.045664582
0.04441606
0.0437651
0.043976765
0.04305259
0.04338789
0.04394082
0.044157214
0.043603193
0.043643314
0.043632496
0.044283103
0.043373883
0.043928787
0.043825045
0.044275634
0.044430275
0.04487734
0.04551402
0.045620836
0.045913566
0.046574656
0.045866996
0.045474842
0.04471984
0.044531755
0.04492617
0.045857422
0.046577707
0.045724854
0.0456299
0.04599461
0.04647894
0.046110816
0.04548531
0.04596042
0.046594396
0.04656554
0.04741154
0.0471141
0.04703713
0.047123615
0.04726779
0.045884997
0.044711307
0.045060858
0.04416411
0.043451563
0.043415174
0.043482404
0.043032818
0.043235753
0.04384417
0.04347334
0.043250494
0.043014225
0.042429447
0.041839324
0.042073198
0.04273908
0.042287264
0.04298943
0.04294714
0.043217488
0.043680128
0.044209987
0.04382303
0.043919425
0.04407448
0.04437532
0.04472114
0.045340832
0.045769166
0.04644442
0.045800827
0.046210114
0.045524817
0.04577333
0.045715444
0.046163134
0.046782278
0.048281938
0.04915813
0.049101476
0.04946428
0.04987237
0.050737962
0.051565196
0.051850848
0.052267067
0.052791316
0.052480754
0.05181233
0.0509733
0.049240407
0.04890757
0.04808986
0.04758822
0.047144353
0.047418103
0.046176296
0.045363948
0.044427108
0.044379495
0.044537842
0.043515652
0.04331156
0.043185025
0.04221132
0.041889235
0.041115392
0.041188587
0.040864475
0.039957132
0.039832857
0.03908313
0.039139576
0.038580038
0.03814695
0.038083177
0.037969068
0.03789511
0.037506398
0.036976725
0.036930095
0.03626393
0.036269914
0.03603662
0.035966147
0.03567589
0.035325788
0.034684904
0.03426607
0.033963144
0.033641305
0.03316249
0.032730304
0.032225493
0.031655278
0.0312861
0.030708706
0.030460162
0.030019963
0.029502377
0.029112685
0.028642328
0.028194185
0.027766893
0.027359195
0.026969938
0.026598062
0.026242593
0.025902627
0.025577331
0.025265934
0.024967723
0.02468203
0.024408245
0.02414579
0.023894135
0.023652779
0.023421261
0.023199147
0.022986032
0.022781536
0.022585306
0.022397008
0.022216333
0.022042986
0.021876695
0.0217172
0.021564262
0.021417653
0.021277158
0.021142576
0.02101372
0.020890411
0.020772481
0.020659775
0.02055214
0.020449443
0.020351548
0.020258335
0.020169687
0.020085497
0.02000566
0.019930085
0.01985868
0.019791363
0.019728055
0.019668683
0.019613182
0.019561488
0.019513544
0.019469295
0.019428695
0.019391697
0.019358262
0.019328356
0.019301943
0.019279
0.019259496
0.019243415
0.019230738
0.019221453
0.019215548
0.019213019
0.019213019
0.019213019
0.019213019
0.019213019
0.019213019
0.019213019
0.019213019
0.019213019
0.019213019
0.019213019
0.019213019
0.019213019
0.019213019
0.019213019
0.019213019
0.019213019
0.019213019
0.019213019
0.019213019
0.019213019
0.019213019
0.019213019
0.019213019
0.019213019
0.019213019
0.019213019
0.019213019
0.019213019
0.019213019
0.019213019
0.019213019
0.019213019
0.019213019
0.019213019
0.019213019
0.019213019
0.019213019
0.019213019
0.019213019
0.019213019
0.019213019
0.019213019
0.019213019
0.019213019
0.019213019
0.019213019
0.019213019
0.019213019
0.019213019
0.019213019
0.019213019
0.019213019
0.019213019
0.019213019
0.019213019
0.019213019
0.019213019
0.019213019
0.019213019
0.019213019
0.019213019
0.019213019
0.019213019
0.019213019
0.019213019
0.019213019
0.019213019
0.019213019
0.019213019
0.019213019
0.019213019
0.019213019
0.019213019
0.019213019
0.019213019
0.019213019
0.019213019
0.019213019
0.019213019
0.019213019
0.019213019
0.019213019
0.019213019
0.019213019
0.019213019
0.019213019
0.019213019
0.019213019
0.019213019
0.019213019
0.019213019
0.019213019
0.019213019
0.019213019
0.019213019
0.019213019
0.019213019
0.019213019
0.019213019
0.019213019
0.019213019
0.019213019
0.019213019
0.019213019
0.019213019
0.019213019
