1262.6497
426.98785
197.26001
139.91891
110.24756
91.4758
78.24323
68.10416
60.268806
53.952904
48.764923
44.391354
40.797874
37.531845
34.735386
32.386208
30.257616
28.216618
26.491877
24.930567
23.593605
22.247421
21.106668
20.014307
19.004433
18.13265
17.406706
16.53087
16.004171
15.405597
14.615409
14.080679
13.571534
12.927691
12.464482
11.987367
11.554735
11.166436
10.924939
10.480285
10.051569
9.809769
9.445277
9.189942
8.894672
8.642375
8.492601
8.219147
7.9175587
7.6764455
7.481023
7.2876134
7.0975523
7.008617
6.83896
6.550235
6.368324
6.2451615
6.1098
5.976748
5.8305264
5.789812
5.603228
5.4334593
5.3184605
5.197905
5.0967093
5.042335
4.916141
4.811978
4.68685
4.6402016
4.535938
4.413895
4.32583
4.2615743
4.1870384
4.13257
4.035134
3.955192
3.901841
3.813457
3.7297976
3.6744576
3.6243987
3.5720687
3.513176
3.469443
3.4010763
3.406589
3.315005
3.2370057
3.1921015
3.159634
3.1239717
3.061851
3.0049117
2.9809387
2.938191
2.8950872
2.8484762
2.82384
2.7768164
2.7488797
2.7176013
2.712821
2.6617644
2.608508
2.5781937
2.5411167
2.5243526
2.4907033
2.4883232
2.421937
2.4138486
2.3911393
2.350768
2.305304
2.3020017
2.2663684
2.2250943
2.2297604
2.172573
2.1715004
2.194506
2.1176257
2.0919755
2.0889907
2.0682948
2.038044
2.0127432
2.0156732
1.9814291
1.9680035
1.953029
1.9316704
1.919785
1.9011065
1.8937013
1.8755893
1.8465899
1.8165041
1.8071765
1.800275
1.7815646
1.7581915
1.7482966
1.7312596
1.7203447
1.7094755
1.6975533
1.6744112
1.6696141
1.6512369
1.6396375
1.6325071
1.6179091
1.5996722
1.5922247
1.5838265
1.5644835
1.5650923
1.5363964
1.5288675
1.552482
1.5188016
1.5155554
1.501381
1.5038406
1.4844478
1.4650846
1.4524062
1.438662
1.4455125
1.4406936
1.4262543
1.4343349
1.4063752
1.4442837
1.4282917
1.3806287
1.375131
1.3730196
1.3595288
1.3630297
1.3414443
1.3249726
1.3257679
1.3210135
1.3090891
1.2994729
1.2906218
1.2765542
1.2663075
1.2566568
1.2594981
1.2457037
1.238155
1.2299281
1.2256746
1.2185848
1.2097944
1.199694
1.201137
1.1895587
1.1878896
1.1791599
1.1680706
1.1655525
1.1676044
1.1518567
1.1463202
1.1398325
1.1412729
1.1363901
1.1260881
1.1190417
1.1203501
1.1176134
1.11444
1.1001368
1.098404
1.0996597
1.0880684
1.0800817
1.0771456
1.0750829
1.067078
1.0717849
1.0837979
1.0643721
1.0527856
1.0509081
1.0449461
1.0427152
1.0353415
1.0409245
1.029285
1.0294658
1.0230427
1.0200392
1.0210153
1.0169536
1.0144483
1.0118213
1.0002244
1.0041057
1.0048444
1.003664
0.98314786
0.9872182
0.9857691
0.9773959
0.9753869
0.97298384
0.96848166
0.9677661
0.9685037
0.9617027
0.95840025
0.9615539
0.95505637
0.94760543
0.9505878
0.9468645
0.95892
0.941897
0.9389899
0.9326295
0.9370668
0.9323677
0.9333468
0.9372674
0.9235786
0.9258951
0.9206032
0.9270189
0.9189115
0.92416227
0.92284244
0.9320353
0.909607
0.9129348
0.9196471
0.9114475
0.91780555
0.9113284
0.9147189
0.9091537
0.9082162
0.90073544
0.90455925
0.89773136
0.89413524
0.89800066
0.88830554
0.88994384
0.89078546
0.89056915
0.8802255
0.89049643
0.8747728
0.8791151
0.8736292
0.87982637
0.871612
0.86336327
0.8622693
0.8597468
0.85815173
0.86626685
0.8543468
0.85170025
0.85138285
0.8516956
0.85222006
0.85367286
0.848257
0.8499988
0.85444874
0.84267473
0.8432536
0.8448141
0.8461255
0.8412919
0.83355063
0.8390111
0.8418637
0.8343722
0.83943254
0.8359074
0.8323561
0.8293947
0.8211272
0.81897044
0.8190754
0.8185823
0.81613827
0.82116246
0.820279
0.8131437
0.8108001
0.81777763
0.8149877
0.8111721
0.81920093
0.81186694
0.8096376
0.80802304
0.8054464
0.80312073
0.8036334
0.79669476
0.80330616
0.7980023
0.8017304
0.79571986
0.7978033
0.7866819
0.78630865
0.7939639
0.7855905
0.7816298
0.7873279
0.783696
0.78289205
0.77736425
0.7828671
0.7841262
0.77548957
0.7783191
0.77431184
0.77280897
0.7682778
0.76333964
0.7685926
0.76720303
0.771793
0.7638618
0.76474047
0.7668005
0.7657084
0.75952214
0.76152414
0.768028
0.7607637
0.76428044
0.7642696
0.76147777
0.76260895
0.75547415
0.7532326
0.7586633
0.7521781
0.7511755
0.7539476
0.7461236
0.7535009
0.7402339
0.745219
0.7417615
0.74413896
0.745018
0.73936707
0.73505336
0.73997074
0.7354695
0.73681134
0.7324253
0.73578155
0.73703974
0.7275785
0.7258844
0.7300947
0.71996546
0.7264839
0.72980917
0.72378194
0.72648203
0.71982527
0.71831197
0.7173494
0.7154237
0.71642494
0.70972025
0.7116632
0.715227
0.7189315
0.70856184
0.7110818
0.7054424
0.70732987
0.7087138
0.7009516
0.6976042
0.69995546
0.69909954
0.6940149
0.6996761
0.69570804
0.7011343
0.6953653
0.69729686
0.69649494
0.6944228
0.69213074
0.6892497
0.68852997
0.69150245
0.69207835
0.6817892
0.6872964
0.68701816
0.68371886
0.676454
0.6845294
0.6821252
0.68186545
0.6786751
0.6774696
0.68153113
0.6784834
0.6706589
0.6791164
0.67429817
0.67113036
0.6733777
0.66878015
0.67240006
0.6722167
0.6681995
0.6743906
0.66937107
0.66293555
0.66617835
0.6651318
0.6638203
0.6644371
0.65872943
0.66062194
0.66469747
0.6675044
0.6709501
0.67700225
0.66595215
0.6608741
0.6638106
0.66413456
0.66289896
0.6632512
0.6694912
0.65863264
0.6569575
0.65698
0.6612661
0.66292155
0.65395236
0.6615618
0.6603541
0.65968037
0.65441406
0.65637016
0.6608725
0.65775585
0.6628548
0.6616089
0.661347
0.65161467
0.65632796
0.65452427
0.64925534
0.65225834
0.6531979
0.6826863
0.65675676
0.6586261
0.65390235
0.65359616
0.6573031
0.6565845
0.6559543
0.65288544
0.65339303
0.65532106
0.65165573
0.645659
0.6650677
0.6489928
0.64822245
0.64261365
0.64990026
0.6437251
0.65068024
0.63904
0.6468182
0.64584315
0.64786434
0.64243925
0.6417932
0.64284277
0.64536005
0.6400666
0.641703
0.6381038
0.64194673
0.63816726
0.6440791
0.6454629
0.64515656
0.6379916
0.63689196
0.64565283
0.6352573
0.6374833
0.63966805
0.6427833
0.6404627
0.64554054
0.64148605
0.6391829
0.64234227
0.6442556
0.6431162
0.6387333
0.6391746
0.64227694
0.64435446
0.64469004
0.6445315
0.64676046
0.6407923
0.639704
0.63889617
0.6449134
0.6411162
0.6420277
0.64369905
0.6417818
0.6461068
0.6395812
0.64229465
0.6438582
0.63803166
0.63493717
0.6398154
0.6435962
0.638553
0.6438442
0.6351316
0.6382621
0.63045573
0.63713
0.63344115
0.63650066
0.6332432
0.6355318
0.6369683
0.6373906
0.6294969
0.630207
0.633732
0.63333356
0.6374162
0.633667
0.63396305
0.6365677
0.6283732
0.6299432
0.633071
0.6304977
0.6332012
0.630156
0.62498385
0.62816954
0.62551475
0.6303217
0.61888725
0.6245298
0.628593
0.6248197
0.6281583
0.61989504
0.622116
0.63481855
0.6230984
0.6207938
0.62883973
0.62997925
0.6172539
0.6191354
0.6177713
0.6237752
0.62054694
0.61958367
0.6181431
0.61613214
0.61976314
0.6153085
0.6143215
0.6212732
0.6176668
0.6108192
0.6126035
0.6105134
0.6072663
0.612758
0.60910594
0.6074073
0.6091731
0.6123515
0.6101888
0.6126421
0.61565757
0.6068103
0.6107259
0.6139732
0.6071758
0.61143684
0.60702866
0.60631615
0.6077582
0.60957706
0.6094289
0.6070147
0.6058045
0.60899544
0.61144304
0.6123459
0.60627663
0.60764784
0.60794616
0.60875225
0.6083471
0.6117403
0.6029108
0.6145544
0.60670155
0.60881615
0.60649157
0.6076367
0.60581803
0.60573435
0.60451156
0.6025854
0.6122775
0.60384816
0.60519326
0.60885155
0.6041735
0.6069549
0.60401934
0.60732895
0.60845923
0.5992411
0.5982189
0.6053477
0.6031948
0.60144365
0.601667
0.60304314
0.60391605
0.60829353
0.6039101
0.60061425
0.5999753
0.59747714
0.59941536
0.6059655
0.6077385
0.6045629
0.602506
0.608701
0.6071576
0.6031089
0.5983237
0.59564936
0.59937626
0.6024298
0.59655845
0.59974164
0.59982884
0.6044561
0.5887265
0.59876335
0.5903791
0.5991017
0.5941006
0.5960272
0.5947088
0.59525096
0.5960862
0.5891083
0.59010464
0.5941949
0.5978663
0.5891826
0.5925374
0.59331846
0.59194857
0.58904225
0.58783627
0.58682054
0.5891959
0.58695865
0.58901083
0.58532554
0.5930894
0.58652705
0.5871624
0.5855083
0.58566403
0.58401877
0.5849992
0.58092856
0.5833599
0.58140135
0.57563263
0.5772988
0.58218086
0.58145016
0.57753617
0.5773427
0.58185565
0.5821094
0.58265924
0.57880586
0.57216597
0.57778525
0.57741636
0.5756534
0.5733705
0.5774669
0.573775
0.57380253
0.5735855
0.57623833
0.5671529
0.5732852
0.5754501
0.5702797
0.56383175
0.57285154
0.5744983
0.57091266
0.5688201
0.57274395
0.572085
0.571329
0.57754195
0.57486355
0.5689565
0.5773213
0.5743938
0.5731302
0.56997174
0.5670446
0.57018864
0.56969553
0.5701443
0.57241154
0.56702405
0.5660636
0.5705337
0.56862235
0.5665966
0.5694329
0.57129085
0.5683405
0.57008904
0.56880635
0.57317597
0.5707513
0.56831974
0.56725484
0.56601566
0.5718725
0.56862915
0.5656418
0.5666618
0.56667656
0.56909484
0.57357246
0.56755984
0.5734789
0.56721354
0.5685104
0.57275516
0.5666522
0.5700537
0.5653901
0.561359
0.5672759
0.56506354
0.562762
0.56512946
0.56493527
0.56020546
0.5634956
0.56703866
0.56374556
0.56542003
0.5623312
0.5609874
0.55930257
0.5595445
0.557951
0.56512356
0.5625932
0.5550684
0.5566957
0.5531192
0.55568296
0.55349183
0.55573356
0.5556527
0.55272555
0.5536695
0.5543292
0.55384415
0.5546525
0.5496261
0.5496873
0.55229336
0.55141175
0.5520735
0.54712033
0.5509216
0.55291
0.54352635
0.55068904
0.55111873
0.55282843
0.5494037
0.5422597
0.541966
0.5463627
0.5437297
0.5416345
0.5436017
0.54812574
0.5402362
0.5379703
0.53830284
0.5444977
0.5409745
0.5461614
0.5347806
0.5376888
0.5383858
0.5403083
0.53752697
0.53208643
0.5361362
0.53731924
0.538786
0.533307
0.53359246
0.52988064
0.53232616
0.53239125
0.5375099
0.5342556
0.5366046
0.5294798
0.5269761
0.5354676
0.5267598
0.53224874
0.5350433
0.537649
0.53024316
0.53099346
0.5307407
0.53091663
0.5317121
0.5325605
0.52469367
0.52474415
0.5291237
0.52718174
0.5311811
0.52748907
0.52634335
0.5285138
0.5290014
0.52733743
0.5242124
0.5319326
0.53104645
0.526061
0.5266418
0.5246652
0.52942175
0.52185404
0.5270709
0.5261933
0.5195292
0.5255165
0.52616113
0.52166355
0.52905935
0.526452
0.51967597
0.5213787
0.5191701
0.5248968
0.5221889
0.5253619
0.5255211
0.51655847
0.5217607
0.5186786
0.51540744
0.51710117
0.51932585
0.5214746
0.5177647
0.5231961
0.52123684
0.51791185
0.51253414
0.5180621
0.50773126
0.51592577
0.5107221
0.5086201
0.5087084
0.5157628
0.5124611
0.50978917
0.50762856
0.5110327
0.5133005
0.51226896
0.51297176
0.5110523
0.5100655
0.516757
0.5077398
0.51951295
0.5153277
0.5088686
0.50932854
0.5130625
0.51356035
0.5146938
0.51924014
0.5130363
0.5118945
0.50749975
0.5140015
0.5152094
0.5141883
0.5074392
0.5121951
0.51532835
0.5114929
0.5171676
0.5142803
0.506205
0.5094561
0.5121735
0.509335
0.508562
0.511296
0.5106251
0.5102767
0.51061636
0.51012087
0.5153521
0.5121642
0.5165936
0.5071136
0.5120163
0.50877935
0.5140646
0.5097481
0.5121309
0.51351905
0.5128565
0.5103931
0.5110546
0.51357955
0.5124908
0.5071227
0.5097336
0.5024542
0.5093197
0.5153457
0.5068914
0.50966704
0.5106079
0.50974524
0.50912553
0.50769097
0.5120634
0.5093726
0.50915146
0.5123979
0.5100938
0.5131751
0.51069576
0.5099408
0.5110477
0.50692314
0.49896455
0.511279
0.49812302
0.50694644
0.5056956
0.5052014
0.50538754
0.50934345
0.5108255
0.50079477
0.5046023
0.502673
0.4991233
0.5029804
0.5016447
0.5008585
0.5027945
0.503754
0.5005889
0.5012304
0.4992904
0.49917552
0.5031198
0.50249106
0.49955407
0.49942252
0.49903962
0.4962968
0.4978517
0.49897134
0.4889021
0.49094903
0.50237876
0.49052438
0.49073073
0.49284947
0.4899022
0.4891234
0.49544972
0.48896664
0.49568877
0.49080265
0.48976803
0.48884928
0.493324
0.488727
0.4910666
0.48899588
0.4947259
0.4881161
0.49359003
0.49318868
0.49404484
0.49081656
0.49179524
0.49000055
0.48933744
0.48933768
0.49002266
0.49693605
0.4916875
0.48709837
0.49307516
0.49168897
0.4926269
0.48925737
0.48956963
0.4894228
0.48865166
0.4894988
0.4909695
0.49357572
0.48893815
0.48745835
0.49084416
0.48842156
0.48695943
0.49011663
0.4870156
0.4847009
0.48495737
0.49157372
0.48776418
0.4889364
0.4878556
0.48179772
0.4874137
0.48784158
0.48859832
0.48058337
0.4819843
0.4844795
0.48874897
0.49150112
0.4942817
0.48847216
0.48647657
0.478477
0.4833511
0.49040753
0.48218378
0.48443893
0.4808136
0.4896665
0.4835182
0.48710763
0.48483327
0.4846224
0.4873119
0.48940253
0.48575866
0.48537213
0.49213043
0.48796844
0.486763
0.487863
0.485042
0.4891647
0.49160057
0.48650458
0.48742607
0.48505932
0.48273408
0.48459542
0.48564196
0.4870599
0.4807835
0.48525795
0.48078847
0.483701
0.48748937
0.4796425
0.4760929
0.47502628
0.47986877
0.4819532
0.47823334
0.47439855
0.47124243
0.47402123
0.47506797
0.47779474
0.47273535
0.46925262
0.47150746
0.47710085
0.47127634
0.47105727
0.47383875
0.47159964
0.47164997
0.46852657
0.4741022
0.46853924
0.4699522
0.4695344
0.4698072
0.46966687
0.46811438
0.46183655
0.46633354
0.4695824
0.46608964
0.46424204
0.4675987
0.4672515
0.46114564
0.4620498
0.4622856
0.4617132
0.46640804
0.47203162
0.4635368
0.46130842
0.4617533
0.46156612
0.45939738
0.4607569
0.46079788
0.4543986
0.4537743
0.45494083
0.457463
0.458499
0.45449933
0.45531043
0.45159647
0.4507273
0.45064268
0.45151883
0.45083603
0.44956258
0.44917947
0.45381963
0.449904
0.4520294
0.45208317
0.44834957
0.44961625
0.44805896
0.44740534
0.4501306
0.44818175
0.44770584
0.4512079
0.445544
0.44844252
0.44431973
0.44878927
0.45081195
0.4502695
0.4530592
0.44847387
0.44333628
0.45175394
0.4485393
0.44722015
0.45349178
0.4470375
0.44598088
0.44820055
0.44573024
0.44241107
0.4430668
0.45047766
0.45170605
0.44734043
0.4494905
0.45113143
0.4428244
0.44677386
0.4468408
0.44952187
0.4503025
0.44932166
0.44756937
0.45345968
0.45004985
0.44888937
0.45036817
0.44769472
0.44988772
0.44771424
0.446852
0.45644575
0.45286113
0.46061552
0.45764235
0.44978696
0.44888458
0.4501561
0.45332208
0.44931138
0.4467632
0.45218933
0.45355126
0.44883913
0.4491503
0.44666442
0.45338213
0.45092383
0.45167822
0.44804797
0.45320195
0.45588946
0.45104036
0.45278123
0.4485981
0.45274287
0.4447481
0.4492757
0.4461278
0.45256048
0.44720572
0.44498664
0.44699302
0.4436499
0.44590893
0.44915906
0.44690856
0.4484084
0.44571388
0.44159347
0.44844288
0.44913152
0.44824502
0.44679382
0.44722623
0.44965655
0.44461176
0.44169715
0.44322723
0.4416492
0.4415253
0.44578892
0.44235775
0.4424093
0.44411036
0.4403716
0.44210783
0.44326672
0.4401767
0.44069386
0.44042826
0.44412264
0.4416737
0.4404046
0.44370803
0.43479782
0.43741572
0.44088253
0.43716812
0.4380305
0.44210604
0.43978503
0.4410929
0.43673655
0.4428738
0.4374376
0.43885654
0.43979478
0.43809032
0.44025308
0.43600598
0.43926355
0.4374138
0.43526343
0.4353162
0.44028753
0.4373632
0.4428032
0.43503958
0.43784085
0.43878955
0.43728244
0.4314131
0.43277124
0.43431726
0.4376411
0.4305706
0.43394688
0.4378773
0.4353223
0.4387177
0.43628186
0.4404886
0.4346494
0.4315728
0.4347831
0.4435429
0.4297388
0.4360302
0.4331057
0.4372818
0.43335918
0.43286088
0.43309718
0.43795615
0.43841878
0.43275082
0.42518598
0.43786597
0.43605933
0.43817678
0.44007698
0.43372625
0.43738773
0.4369193
0.43054014
0.4379103
0.4411962
0.43427542
0.43507
0.43319404
0.4364443
0.4371563
0.43661425
0.4404111
0.43417746
0.43508032
0.4368973
0.4366341
0.43259445
0.4361835
0.43269044
0.439717
0.4345665
0.43288383
0.43125805
0.4349928
0.43743098
0.42783967
0.43230665
0.43515912
0.43803528
0.434802
0.43798634
0.43412384
0.43361998
0.43477005
0.43111423
0.4334411
0.4322018
0.43450695
0.43156517
0.43243346
0.43043575
0.4291348
0.43117437
0.4268207
0.42572942
0.43043932
0.43157256
0.42857912
0.42441902
0.42557034
0.4303792
0.42616272
0.4318597
0.42694423
0.42355615
0.42377976
0.42953736
0.42210692
0.4265215
0.42250147
0.42112553
0.43298045
0.42746234
0.4209939
0.42220578
0.41776118
0.42129657
0.41425028
0.41765848
0.41826317
0.419679
0.42017683
0.41351184
0.4190495
0.41623092
0.41394615
0.4130934
0.41564974
0.41184902
0.41231227
0.4128687
0.41449007
0.40912223
0.41287085
0.41230816
0.41380915
0.4097901
0.41229293
0.40970987
0.41129544
0.40899268
0.4106161
0.4087167
0.40636772
0.4047491
0.40942198
0.41175982
0.41009763
0.4038649
0.40737638
0.40352196
0.41125256
0.40441123
0.40394974
0.4048991
0.4094072
0.40669113
0.4019513
0.40493205
0.40214178
0.39826167
0.40246177
0.39862612
0.40018418
0.4015574
0.40170702
0.40134397
0.40204746
0.4004942
0.40234792
0.40078685
0.40163136
0.3969762
0.39571562
0.39870107
0.39850137
0.39870742
0.40199187
0.4013089
0.40180156
0.4008428
0.40034553
0.39677656
0.40175793
0.39902276
0.39667794
0.40061513
0.3951721
0.39094323
0.39603445
0.39517367
0.39766625
0.3988325
0.39744928
0.396371
0.39433724
0.39542943
0.39436758
0.39391783
0.39374807
0.3941899
0.38840893
0.39522263
0.39031693
0.39488977
0.39126518
0.39276063
0.390268
0.4006826
0.3946791
0.393075
0.39239046
0.39190343
0.38865167
0.39259192
0.3926945
0.40003097
0.3911825
0.39254162
0.3934904
0.39352947
0.39517707
0.39588204
0.3917955
0.397564
0.39202824
0.3930778
0.39520884
0.3945754
0.39897782
0.3960826
0.396358
0.39441043
0.39252725
0.3885181
0.39770502
0.39575055
0.39633843
0.39837524
0.39806262
0.39463583
0.3927861
0.39433628
0.39626828
0.39940324
0.3963816
0.39758062
0.39950678
0.39578208
0.3966385
0.39831784
0.39527455
0.40076244
0.39341432
0.3966108
0.39101464
0.391091
0.39743
0.38803497
0.39949155
0.3982122
0.39422932
0.39165765
0.39835742
0.3938943
0.3942304
0.3926944
0.39329696
0.390752
0.39187586
0.39499497
0.38990384
0.38213813
0.38876283
0.39205566
0.38902268
0.38854915
0.3843617
0.39004457
0.3906204
0.38870656
0.38734907
0.3868232
0.385952
0.38487786
0.38600814
0.38833424
0.3896617
0.389974
0.38982537
0.38417703
0.3877663
0.38525957
0.38793743
0.38528448
0.39094856
0.3851898
0.3814609
0.38313034
0.3817845
0.37982056
0.38382703
0.38370854
0.37889263
0.37940753
0.38411874
0.38167328
0.37336302
0.37915397
0.37414223
0.37745175
0.3758623
0.38288456
0.3794274
0.38271004
0.37325072
0.37890235
0.3810224
0.37949604
0.37905285
0.37340623
0.3783315
0.37729988
0.37519202
0.38027456
0.37253612
0.3768077
0.37412027
0.37556863
0.38044533
0.37422833
0.37821537
0.375034
0.3772088
0.3755276
0.37544775
0.3777677
0.38228184
0.3761803
0.37817138
0.36935687
0.37136635
0.3690346
0.37619796
0.3737471
0.3693094
0.3803922
0.3747676
0.37522727
0.3713559
0.3744279
0.37089276
0.3770583
0.3742256
0.374828
0.37380102
0.37626463
0.36822158
0.37102064
0.3677303
0.3708283
0.36780113
0.37206978
0.37602493
0.37363055
0.37272725
0.3735094
0.36948642
0.374888
0.37107286
0.3683009
0.3664985
0.37493545
0.37233981
0.36649162
0.36991528
0.37020612
0.3692424
0.37036532
0.36398566
0.37323058
0.3645719
0.36222222
0.3729562
0.37187475
0.37228155
0.37181243
0.3662329
0.36386833
0.3716595
0.37031162
0.36705098
0.3612892
0.3663286
0.36751488
0.3654502
0.3656106
0.36317676
0.3631026
0.36223796
0.36784983
0.36575598
0.35794303
0.36712855
0.36609796
0.36282668
0.36729294
0.3653849
0.36125982
0.36772013
0.36192018
0.3647059
0.3652946
0.36577564
0.36526492
0.3671557
0.36508986
0.36070508
0.3664924
0.3669307
0.3650511
0.3679769
0.36440432
0.36454985
0.36455497
0.3669705
0.3683308
0.36781657
0.36909512
0.3622863
0.36690107
0.3700241
0.3680278
0.36446556
0.36309385
0.36805224
0.36655587
0.36509544
0.36116672
0.36260346
0.35657072
0.36105394
0.3682785
0.36157078
0.36082706
0.35736924
0.3599114
0.35998288
0.3632413
0.35857236
0.36282358
0.36037508
0.36063087
0.35984057
0.36491197
0.3543422
0.35988373
0.3538824
0.3603415
0.35849985
0.35721502
0.35241205
0.3604713
0.35677102
0.3587226
0.36028177
0.3540509
0.35676348
0.3576634
0.36017483
0.35824803
0.3634451
0.35642585
0.35725415
0.35764807
0.3617476
0.35839927
0.35613096
0.35430163
0.35312262
0.35256284
0.35758305
0.35893607
0.35866538
0.3564563
0.35294694
0.3512623
0.35856652
0.35404757
0.3584219
0.35477066
0.3538434
0.35488668
0.35548842
0.35617164
0.35408735
0.3553973
0.35540882
0.35614085
0.35296363
0.35683593
0.35501385
0.3542836
0.351306
0.35254726
0.35264403
0.35350332
0.35071182
0.35297874
0.35314178
0.35602263
0.35460207
0.34989235
0.35443705
0.34993953
0.35168895
0.3547167
0.34843254
0.35241398
0.35264674
0.35501677
0.35496247
0.35084993
0.3507462
0.34987918
0.3545999
0.35407922
0.35213166
0.34853107
0.3502792
0.35073137
0.3530491
0.3549193
0.3498229
0.354591
0.3504645
0.354621
0.3492139
0.34601834
0.35067406
0.34578672
0.3522678
0.3451376
0.34746766
0.34515303
0.35108483
0.349468
0.34326434
0.3477434
0.34437796
0.34682408
0.34974605
0.34502906
0.34956366
0.34314823
0.3445543
0.34597507
0.3451543
0.34824553
0.34548014
0.35353902
0.3485335
0.3487977
0.34596455
0.34376234
0.34721288
0.3469128
0.34346202
0.3504464
0.34976634
0.34818706
0.3474799
0.35252738
0.34846872
0.35032755
0.3418369
0.34748703
0.3480222
0.34490293
0.3466928
0.3461207
0.34633404
0.35125384
0.34929782
0.34963048
0.35169384
0.3484188
0.3458651
0.34437564
0.34675398
0.34480152
0.35058764
0.35229895
0.3458248
0.34166098
0.3434508
0.34000322
0.34407234
0.34152663
0.3442558
0.34601328
0.34488583
0.34203643
0.34215385
0.34575218
0.34624627
0.34753555
0.34442893
0.34164643
0.3394272
0.34249362
0.33836305
0.3399792
0.33988255
0.34165692
0.33987764
0.3395922
0.34295657
0.34081936
0.3392809
0.34370455
0.33968493
0.34512335
0.3382722
0.34143087
0.33829334
0.3418078
0.34511632
0.34057555
0.33757833
0.3385532
0.3394386
0.34057128
0.3415703
0.34353188
0.33586776
0.3404243
0.3376324
0.3364634
0.34166145
0.33815345
0.33754352
0.3331046
0.33809662
0.3344595
0.33417422
0.33195883
0.33294302
0.3348204
0.33301902
0.32961056
0.33269483
0.33449858
0.3331614
0.33269027
0.3298793
0.3342207
0.331384
0.32525212
0.333388
0.32711425
0.3259816
0.33141622
0.3333921
0.3366834
0.33262137
0.32695225
0.33122113
0.3280401
0.3334301
0.33229822
0.32871297
0.3335259
0.32528403
0.3297382
0.33194885
0.33289313
0.333673
0.32910547
0.337075
0.33131564
0.32656565
0.329962
0.33112103
0.32978815
0.32979456
0.33061135
0.3284016
0.32788625
0.3273273
0.32957327
0.33236533
0.3261372
0.32496214
0.32367042
0.33095437
0.32745257
0.3277885
0.3260017
0.32507572
0.3221543
0.33303237
0.32658938
0.33174637
0.3265994
0.32981762
0.32522726
0.33038536
0.33475783
0.32456085
0.33162647
0.3305167
0.32925242
0.32603264
0.328239
0.33000198
0.3307855
0.32899898
0.3318234
0.33153266
0.33163053
0.32847658
0.3286517
0.32592097
0.32799277
0.3258404
0.32544476
0.3244561
0.32758614
0.32581067
0.32623824
0.32709914
0.31997836
0.32904023
0.32429817
0.32047886
0.3284031
0.3179471
0.32447934
0.32408068
0.3232796
0.32631814
0.32238546
0.3217365
0.32524675
0.32290816
0.32276273
0.32270005
0.32155177
0.32447693
0.32193437
0.3254868
0.32182625
0.31804892
0.32139495
0.32320127
0.32522595
0.3202678
0.3260966
0.32027385
0.32262343
0.32180864
0.31808957
0.32380348
0.3189306
0.320673
0.32244185
0.32153025
0.3194027
0.3222289
0.32143697
0.3203926
0.3219648
0.31796685
0.32141805
0.31799567
0.32170185
0.32098547
0.31809932
0.31731248
0.31778505
0.32098678
0.31607834
0.3178287
0.3168466
0.31973183
0.31411463
0.3176292
0.31827784
0.3190058
0.31197408
0.31870112
0.3151803
0.31418526
0.31539127
0.3191305
0.31443265
0.31345055
0.31308788
0.3102504
0.31286913
0.31738114
0.31760466
0.31596884
0.31172162
0.31493413
0.32341996
0.31476197
0.3143919
0.31794277
0.31516048
0.3161874
0.31657797
0.31711686
0.31258664
0.3165641
0.30993742
0.3125775
0.31386104
0.31032202
0.3148948
0.3086601
0.30754352
0.30883175
0.3137983
0.30866358
0.31237283
0.30933335
0.31084672
0.3104939
0.30775774
0.31025442
0.3065114
0.30947
0.31244102
0.31117177
0.31266317
0.31079543
0.31005275
0.30602324
0.31251594
0.30515754
0.31028563
0.30672652
0.3133606
0.3111795
0.3047379
0.3114058
0.31036377
0.3096023
0.3151393
0.3162455
0.31384894
0.31526044
0.30910358
0.31093797
0.3087618
0.31153548
0.31148735
0.31299457
0.31307295
0.31263265
0.31041694
0.31369933
0.30668724
0.30827934
0.3074651
0.30658594
0.309608
0.30936176
0.30675712
0.30777144
0.31118938
0.30527827
0.31255662
0.30797598
0.30802044
0.3093192
0.31097186
0.30646768
0.31203926
0.3071778
0.3044415
0.30493516
0.3039354
0.306949
0.30818227
0.30486947
0.31039363
0.30468592
0.303171
0.29879478
0.3033447
0.3009318
0.29943097
0.29798493
0.30367497
0.3018533
0.30203298
0.29996938
0.30144152
0.30108207
0.29557043
0.29714978
0.2946411
0.29638484
0.29981163
0.300346
0.3000251
0.29563552
0.2983779
0.29477853
0.29712525
0.2941463
0.2963001
0.298581
0.29343224
0.2956783
0.28946343
0.2937775
0.29190356
0.29302734
0.29447576
0.30140802
0.29165792
0.29646835
0.29734546
0.29218364
0.29283196
0.29494318
0.29606968
0.29054025
0.2962132
0.29216313
0.2916054
0.2967136
0.29440582
0.28962475
0.29089874
0.2894999
0.29484668
0.291358
0.2914915
0.29669398
0.2913077
0.29487407
0.2893862
0.29134527
0.2890711
0.2888844
0.2914267
0.2934247
0.29009596
0.2876639
0.2872024
0.28828314
0.29005587
0.2880441
0.28996384
0.29114598
0.2902096
0.28941002
0.29489234
0.2891723
0.29386833
0.29364362
0.2880411
0.28853136
0.28798166
0.29454005
0.2903442
0.29113397
0.2899882
0.2873897
0.29088548
0.29025292
0.28789064
0.29346249
0.2922041
0.29258743
0.29429108
0.29058066
0.28845462
0.2916919
0.2852181
0.28779516
0.2847482
0.28904796
0.2890119
0.29122126
0.29231554
0.2938008
0.28587306
0.28607443
0.28913778
0.29033023
0.2908674
0.28887802
0.2904204
0.29416418
0.28663847
0.2921665
0.28756097
0.29409474
0.28893426
0.29082906
0.29226825
0.2911444
0.29382527
0.29064545
0.2868149
0.29796726
0.29447037
0.29159623
0.29639468
0.29512036
0.29032898
0.28854722
0.29159984
0.2939505
0.28732112
0.29247674
0.29546735
0.29548588
0.29190204
0.28682256
0.2920189
0.28729776
0.2926145
0.28934667
0.29732177
0.2939898
0.2894233
0.29339063
0.29130802
0.29158974
0.28749108
0.29506803
0.2864971
0.28931454
0.2900586
0.2935247
0.29220805
0.28965917
0.2915576
0.2930611
0.29029268
0.29284948
0.28972378
0.29006958
0.28625575
0.29023162
0.28932437
0.28616455
0.28748977
0.2881447
0.29301566
0.28817794
0.29002076
0.29041925
0.2878095
0.28846928
0.285532
0.28935727
0.28805912
0.2870787
0.2873017
0.2827927
0.2891355
0.28665242
0.28522587
0.28537893
0.28611562
0.28713962
0.28706723
0.2906018
0.28513545
0.28757706
0.2886089
0.28803465
0.28625423
0.28224602
0.28645042
0.28559694
0.28715596
0.2853336
0.28438774
0.28985167
0.29197422
0.28953156
0.2888785
0.2861148
0.28413132
0.2836059
0.28959638
0.2843076
0.2861516
0.2876989
0.28601012
0.28800827
0.28963086
0.28074098
0.28579727
0.28707495
0.28742322
0.28807855
0.2866973
0.28605932
0.2880546
0.28347775
0.28519613
0.28250012
0.28606245
0.2858048
0.28806457
0.2859983
0.2821189
0.2800023
0.283552
0.2813117
0.28302425
0.28302288
0.28119564
0.27960247
0.28199112
0.27907786
0.27758136
0.27923712
0.28024137
0.28045076
0.2792024
0.27525944
0.28101835
0.27352858
0.27637905
0.2740485
0.27970737
0.27827987
0.27129644
0.27539247
0.27489567
0.27722713
0.27227506
0.27508247
0.27790594
0.2725728
0.27951285
0.27509707
0.27120793
0.2767796
0.27421823
0.27411464
0.27881116
0.27486402
0.2697611
0.27469552
0.27839956
0.27728924
0.27359015
0.27517176
0.28221148
0.27976924
0.27596045
0.27796423
0.27308643
0.27345064
0.27265993
0.27708387
0.26914117
0.2770426
0.2776518
0.2725504
0.27337953
0.27104953
0.27276176
0.2769946
0.27563173
0.27089292
0.2799762
0.2731585
0.28039598
0.27363974
0.27503288
0.27438176
0.27759063
0.27737072
0.27478504
0.2717845
0.2690293
0.27927527
0.27487832
0.27397782
0.27427828
0.27595058
0.27458036
0.2815084
0.27838713
0.27742526
0.27419087
0.27144417
0.27102166
0.2786884
0.2772086
0.2756166
0.27578086
0.2753048
0.2751998
0.27478224
0.2757623
0.27586755
0.2740192
0.27603662
0.2784565
0.2740319
0.28232467
0.27958143
0.28150666
0.27541846
0.2774943
0.27506313
0.2771108
0.27817354
0.2720655
0.27243468
0.27321407
0.27986982
0.27644402
0.27526093
0.27343175
0.2769305
0.27763167
0.277089
0.27115846
0.27473554
0.27186128
0.27405414
0.27127436
0.27187815
0.27601102
0.27095324
0.2710122
0.26797092
0.275225
0.2689283
0.27180815
0.27246046
0.2746566
0.27519155
0.2709874
0.27760705
0.27285498
0.2757806
0.27870354
0.27878073
0.2713168
0.27369052
0.2729635
0.27425408
0.27437374
0.27232268
0.27739018
0.27921394
0.27608907
0.27721
0.27497324
0.2725914
0.27214748
0.27408686
0.278946
0.2710914
0.27589586
0.27618438
0.275223
0.2765308
0.27171957
0.27470002
0.26717794
0.27060962
0.27018848
0.2714132
0.27207
0.26844138
0.27108365
0.26830837
0.26751176
0.26392674
0.26646197
0.26832265
0.26437116
0.26640615
0.2674828
0.26776096
0.26389337
0.26540026
0.2663497
0.2663201
0.26437458
0.2611205
0.2667425
0.26445726
0.26252264
0.26204583
0.26455495
0.26381135
0.26413077
0.26009646
0.26497325
0.26435816
0.2637047
0.26091245
0.25894237
0.2639447
0.26279655
0.2642015
0.26102117
0.26122
0.2614016
0.2649569
0.25999248
0.25982085
0.26153466
0.25991485
0.26128525
0.2572997
0.26037654
0.26113018
0.26597053
0.2629541
0.261748
0.26089963
0.2587393
0.25857213
0.2601125
0.2597907
0.2605205
0.25977013
0.2571977
0.26268986
0.25680342
0.25950623
0.2568495
0.26457044
0.26115268
0.2608219
0.26140353
0.25878918
0.2619366
0.25932327
0.26253524
0.2629777
0.25652295
0.25831336
0.25335982
0.25879094
0.2557276
0.25776148
0.25976026
0.25345942
0.25838685
0.26260522
0.25781405
0.2563705
0.25629792
0.2533911
0.25179577
0.2547707
0.2553711
0.25309765
0.25893402
0.25400752
0.25591767
0.2528507
0.25613797
0.24925944
0.2538375
0.25274467
0.24978918
0.24956875
0.25012758
0.2522537
0.25311166
0.25182498
0.2546921
0.25001422
0.25249472
0.24867447
0.24947158
0.25222754
0.24734925
0.25158063
0.25122198
0.25386426
0.25160366
0.24590899
0.25188264
0.25124234
0.24891867
0.24896236
0.24889149
0.24828188
0.24675846
0.24989083
0.25180176
0.25056463
0.24694246
0.25264916
0.24542205
0.24642977
0.24766333
0.25123405
0.24788517
0.24803114
0.2471676
0.24642994
0.2484976
0.24575852
0.24920818
0.24852155
0.24837147
0.24922442
0.24763693
0.24832778
0.2471273
0.24553096
0.2461996
0.24842648
0.25026795
0.24497195
0.24570753
0.25604928
0.2489263
0.25278297
0.24773312
0.2512975
0.24947514
0.24513397
0.24740458
0.24801543
0.2505092
0.2523188
0.247755
0.24478312
0.24613884
0.2495052
0.24470794
0.24991639
0.24732478
0.24962206
0.24555142
0.2500997
0.2498757
0.24609992
0.2488571
0.24612468
0.24917151
0.24829333
0.25097355
0.2493818
0.25167447
0.2555795
0.24808924
0.24818458
0.24979448
0.24941407
0.25022498
0.2477071
0.25376427
0.24996713
0.24700543
0.24682185
0.24908558
0.24942082
0.25080094
0.24847525
0.25193968
0.24870183
0.25095
0.2472553
0.2496991
0.24891077
0.24868847
0.25292006
0.24593666
0.24876112
0.24993818
0.25294217
0.2506244
0.25841212
0.25530413
0.2509688
0.24933384
0.2537719
0.25390682
0.25516525
0.24977683
0.25268385
0.25385594
0.25602618
0.25209638
0.24915247
0.25133824
0.2559693
0.25245252
0.2592006
0.24965294
0.25204527
0.24972913
0.24743849
0.2537109
0.2538937
0.24690522
0.2513649
0.24823597
0.24720697
0.2468686
0.24875914
0.24822232
0.25194398
0.24577112
0.2463964
0.25153738
0.25213048
0.24673475
0.25336966
0.25067148
0.25367212
0.24867785
0.2476362
0.2512458
0.25287062
0.24883845
0.24445945
0.25047112
0.24756838
0.2493903
0.24587464
0.24701554
0.24685585
0.24817556
0.24912603
0.24730109
0.25066918
0.24637711
0.2410909
0.24756749
0.24433677
0.24962121
0.24527861
0.2493158
0.2553426
0.2488577
0.24712254
0.24548686
0.2509705
0.24714488
0.25018626
0.25000957
0.24447808
0.2494937
0.24747436
0.24973679
0.24783126
0.25012437
0.24781795
0.2521171
0.2509412
0.24309567
0.24990028
0.24751276
0.24815995
0.24669263
0.2577907
0.24918844
0.24585529
0.24790761
0.24899775
0.24683943
0.2457026
0.24883217
0.2505531
0.25069806
0.24917185
0.24781273
0.24450243
0.25397247
0.24395238
0.2525304
0.24921726
0.24967937
0.24856852
0.25001597
0.24835555
0.24874176
0.24877036
0.2478115
0.24715249
0.24641715
0.24666455
0.24273823
0.23841177
0.24409597
0.24298936
0.24629563
0.24617419
0.24922648
0.24724571
0.24673812
0.24360262
0.24674043
0.24585071
0.2417273
0.24011087
0.24470225
0.24109042
0.24690798
0.23935354
0.24073403
0.24688694
0.24712594
0.24177201
0.24182679
0.2428197
0.23951828
0.24333663
0.24688879
0.2464968
0.24094565
0.24218275
0.24138212
0.24835597
0.24144846
0.24474528
0.24757528
0.24364853
0.24784121
0.24244638
0.24266374
0.24277557
0.24505228
0.24290664
0.24147975
0.24017377
0.24607629
0.24093619
0.24030462
0.24088879
0.24187283
0.24556905
0.2413277
0.23940146
0.23787764
0.23913343
0.23613079
0.2382844
0.2380273
0.23452905
0.23766568
0.2340258
0.23771346
0.23899195
0.2333089
0.23848297
0.23662698
0.2353728
0.23403509
0.23324943
0.23471354
0.23814781
0.23076451
0.23539953
0.23548894
0.23601207
0.23542799
0.23746763
0.23386645
0.23091522
0.22923134
0.23493543
0.2301098
0.22910264
0.22817957
0.23296927
0.23194034
0.23294955
0.22965838
0.231185
0.23193492
0.2309758
0.23274122
0.22930974
0.22929901
0.2327991
0.23218414
0.22946048
0.23021464
0.22800651
0.23061067
0.22481178
0.2293603
0.23250474
0.22754472
0.22576125
0.23168384
0.22566536
0.23159033
0.22986658
0.23124507
0.23584601
0.22726454
0.2287362
0.22928777
0.23222482
0.22915815
0.23211746
0.23115912
0.23145631
0.23155902
0.2327746
0.23724109
0.23054178
0.23220709
0.22970353
0.22817941
0.23259446
0.22874795
0.2295585
0.22615579
0.23006664
0.23317741
0.22868477
0.23155871
0.23073187
0.23096956
0.23084179
0.23136367
0.22722535
0.22935544
0.23188959
0.23338987
0.22725604
0.22503191
0.22797818
0.23052165
0.22980268
0.22875603
0.22562587
0.22781068
0.22685146
0.22479032
0.22883058
0.2232779
0.22377862
0.22137804
0.22096261
0.2235306
0.22423376
0.2269238
0.22414814
0.22229108
0.2217078
0.21763836
0.21920489
0.22029784
0.2175048
0.22173215
0.22183888
0.21659589
0.21964195
0.21796647
0.21807614
0.21614361
0.21852832
0.21966851
0.21558394
0.21678756
0.21443526
0.21656288
0.22182749
0.21342719
0.2243974
0.21867879
0.21906753
0.2202828
0.21608448
0.21796902
0.21819212
0.21843332
0.2169221
0.21789597
0.21993129
0.21976091
0.21785235
0.21738261
0.21934025
0.21528593
0.2159459
0.21823543
0.22147436
0.21485701
0.2188139
0.21824048
0.22464551
0.21255338
0.21314326
0.215851
0.21757771
0.20964637
0.21405484
0.21601288
0.21348132
0.21197745
0.22049838
0.21368444
0.21134007
0.21516742
0.21671917
0.21755901
0.21233363
0.20753977
0.2142147
0.21059082
0.21186553
0.21492207
0.21169576
0.21360749
0.21327741
0.21720842
0.21731707
0.20805725
0.2112984
0.21645217
0.21437934
0.21927947
0.21526621
0.21586011
0.21807684
0.21386835
0.2135877
0.21371935
0.21310106
0.21667284
0.21337077
0.21065655
0.21008769
0.21719745
0.2100989
0.21567488
0.21197216
0.21014008
0.21435474
0.21419176
0.21186572
0.21496929
0.21161924
0.21479964
0.20721576
0.21336578
0.21354163
0.2105736
0.20942578
0.21644405
0.21526738
0.21502802
0.21179406
0.2113243
0.21440281
0.21249358
0.2187586
0.21431674
0.21241702
0.21882924
0.21767995
0.2169159
0.21756968
0.20893848
0.21691668
0.21618746
0.21429998
0.21683648
0.21146004
0.20974223
0.21418613
0.2150274
0.21478847
0.2124934
0.208899
0.21475276
0.2154574
0.21520835
0.21717325
0.213954
0.2138926
0.21322742
0.21540965
0.20826223
0.2080591
0.21114214
0.21208121
0.21792547
0.21863864
0.21412696
0.21539213
0.2148369
0.20873226
0.21630326
0.20975775
0.21297312
0.21303174
0.21434602
0.21122353
0.21122694
0.21511799
0.21283661
0.2165026
0.20897342
0.2123892
0.21512999
0.21320722
0.20625587
0.2135519
0.21232097
0.20737718
0.21101621
0.20953661
0.20870537
0.2077504
0.2069511
0.20541312
0.21300676
0.21088724
0.21207142
0.21373159
0.21078707
0.20972311
0.20645697
0.20713428
0.20736247
0.20378508
0.20779422
0.20429845
0.20460406
0.2114418
0.20266539
0.20900549
0.2027551
0.20148888
0.20572759
0.19907576
0.20626655
0.20236316
0.20327482
0.19990253
0.20213981
0.2006431
0.19909224
0.20030166
0.20080459
0.20084088
0.1987943
0.20690455
0.19878976
0.20222192
0.20343322
0.19684646
0.19575812
0.19950224
0.20007837
0.19832842
0.19766867
0.20263901
0.19896479
0.19626364
0.2018923
0.2000582
0.20021358
0.19854905
0.19349492
0.1964712
0.19793488
0.19689365
0.19488937
0.19958381
0.19513425
0.19510862
0.19476396
0.19319862
0.19646624
0.19363214
0.19787215
0.19327272
0.1951653
0.19480613
0.19793092
0.19729613
0.19395612
0.19619152
0.20275268
0.1951455
0.19877529
0.19267708
0.18960844
0.19280082
0.20061691
0.1941409
0.19743057
0.1957694
0.19893432
0.19521296
0.19126621
0.19762038
0.19424687
0.19316205
0.19637735
0.19380008
0.19169462
0.19097218
0.19523233
0.19684689
0.19117354
0.19742541
0.19710018
0.19639182
0.19428878
0.19123198
0.18940498
0.1935426
0.19589557
0.19720921
0.19459337
0.19536568
0.19911374
0.19740488
0.19971909
0.1913703
0.19246235
0.1966457
0.20188166
0.19247393
0.19530143
0.19425683
0.19791475
0.19675142
0.1988243
0.19725147
0.19954331
0.1991639
0.19882168
0.1987135
0.19777574
0.19619633
0.19742183
0.19908583
0.19676284
0.19416195
0.19579323
0.20030494
0.19593099
0.193612
0.19950849
0.19672713
0.20235431
0.2008465
0.20245719
0.1962363
0.19721706
0.19856136
0.19952
0.19992232
0.19573568
0.20428005
0.20155525
0.19979583
0.19970748
0.19900793
0.1986238
0.1956699
0.20129068
0.19417456
0.19597818
0.19174801
0.2037519
0.19477022
0.19687411
0.19338642
0.19241223
0.19781765
0.1942311
0.18901397
0.18812089
0.19479926
0.19367725
0.19443901
0.19152746
0.19717118
0.1954983
0.19382486
0.19437757
0.19196723
0.19075063
0.18889026
0.19154774
0.19815846
0.19534281
0.20081545
0.19969073
0.19148509
0.19555873
0.19965616
0.19207285
0.19184409
0.19551463
0.1913669
0.1951867
0.19501352
0.1932924
0.19657983
0.1960509
0.18700625
0.19676311
0.1917806
0.19186912
0.18846974
0.19351791
0.19313504
0.19452025
0.18964273
0.18671924
0.18638135
0.18999757
0.18901455
0.18746378
0.19249088
0.18738021
0.18892153
0.18357337
0.18548986
0.1805771
0.18367249
0.18346083
0.18546502
0.1842473
0.18461043
0.18231462
0.18941946
0.18717965
0.18935417
0.18658487
0.18432021
0.18511626
0.18529397
0.19000192
0.1869549
0.18362749
0.18445916
0.18773675
0.18560852
0.18202417
0.18549623
0.18678518
0.18558677
0.18827735
0.19066998
0.18584251
0.18890592
0.18708934
0.1843739
0.18390417
0.1876403
0.18664512
0.18816441
0.18650976
0.18989058
0.19167066
0.18322253
0.18622403
0.1903397
0.19236182
0.18613225
0.19225235
0.18426535
0.18865909
0.19147275
0.18704988
0.18885452
0.19366035
0.19474575
0.18871994
0.18945482
0.1870131
0.1840429
0.18546322
0.18456528
0.19358167
0.19360593
0.18817985
0.19240458
0.18964048
0.19033463
0.1881984
0.18713789
0.192092
0.19367175
0.18513487
0.18724348
0.19331999
0.19163854
0.19097261
0.19157614
0.18727352
0.18861057
0.19055858
0.1941757
0.18992646
0.18870616
0.1881946
0.19103386
0.19329059
0.1873319
0.18619156
0.18874
0.19161172
0.1888737
0.18850984
0.19303532
0.1902243
0.18908261
0.18561256
0.19025844
0.18810537
0.18279566
0.18759343
0.18701875
0.1873392
0.18349366
0.19239487
0.18742627
0.18717842
0.18600583
0.18551506
0.18500517
0.1914688
0.18351519
0.18661356
0.18454854
0.18581642
0.19012083
0.18712561
0.18330789
0.18883686
0.18729894
0.1866289
0.18842773
0.18718283
0.18783437
0.18523248
0.1893411
0.19188479
0.18902694
0.19375907
0.18116386
0.18648224
0.18714343
0.18872944
0.18674603
0.1900748
0.18629451
0.18442045
0.18029281
0.1866985
0.18535972
0.18616296
0.18547444
0.18515989
0.18630466
0.18723485
0.18456902
0.18647672
0.18347359
0.18547368
0.18320154
0.1873175
0.18452844
0.18610854
0.18790045
0.18700777
0.18960859
0.18511267
0.18928574
0.19485164
0.19063129
0.1904781
0.1873715
0.18380252
0.1820916
0.18289672
0.18447281
0.18795906
0.18732758
0.1888607
0.18156408
0.18672831
0.1906441
0.18709157
0.19267751
0.1879674
0.18512776
0.18425144
0.18148741
0.18161638
0.18580465
0.18487304
0.1857427
0.18124714
0.17662634
0.18127793
0.18273425
0.18464175
0.1834584
0.17872666
0.18109937
0.1778593
0.18320788
0.18069495
0.1774821
0.17861757
0.17773966
0.17892425
0.18109801
0.17754251
0.17956096
0.18456665
0.17869902
0.17752257
0.1740224
0.17867939
0.18345402
0.17503786
0.1851959
0.18093318
0.1838594
0.17956735
0.17725487
0.17804334
0.18023023
0.18767647
0.18162356
0.17868704
0.18168508
0.1856993
0.1762657
0.17710261
0.18107408
0.17994338
0.18105236
0.1832441
0.17810167
0.18461677
0.18375899
0.18127406
0.18208152
0.17831242
0.18023892
0.17918606
0.1866676
0.17768036
0.1811302
0.17637077
0.17846362
0.17981519
0.17733198
0.17302606
0.1750162
0.17806268
0.17627555
0.17656636
0.1766923
0.17683095
0.18662365
0.17578234
0.1793113
0.17708378
0.1762712
0.1798998
0.18052065
0.17793624
0.17802022
0.18206625
0.1805432
0.17842892
0.17100854
0.17880866
0.1746057
0.17708479
0.18325955
0.1732551
0.17571877
0.1796769
0.17545684
0.17099035
0.17446257
0.18117262
0.17384201
0.18002076
0.17710336
0.17599446
0.17810583
0.17583436
0.17705293
0.17836274
0.17204948
0.16985348
0.17461464
0.17753926
0.17646973
0.17880255
0.17823225
0.1774497
0.17698126
0.17779073
0.1784109
0.17282991
0.17976457
0.17579031
0.17633945
0.17658718
0.17224695
0.17618752
0.17994349
0.17509444
0.17310679
0.16830708
0.17385149
0.17507981
0.17046063
0.17479444
0.17110348
0.17272761
0.17300469
0.17557123
0.1770101
0.17374957
0.17169704
0.17495748
0.17541762
0.17593911
0.1720868
0.17415813
0.17369924
0.18167251
0.17524935
0.17425638
0.17241232
0.17410785
0.17436892
0.17553817
0.17568411
0.17097615
0.17661129
0.17005736
0.17628723
0.17380182
0.17399631
0.1768355
0.17266405
0.1763773
0.17839408
0.17520626
0.17924632
0.17340022
0.17423105
0.17919393
0.17404479
0.17833944
0.17270388
0.17299142
0.17215914
0.17532562
0.1761479
0.17434627
0.17564839
0.1745475
0.17853679
0.17965358
0.17306112
0.17307983
0.17842907
0.17418234
0.17104031
0.17412364
0.17170164
0.16771607
0.17093515
0.17220119
0.17230986
0.17593431
0.17115709
0.16930571
0.18011726
0.17214146
0.17420708
0.17090847
0.17363696
0.16577157
0.1737961
0.16849995
0.16966234
0.17030528
0.16988906
0.1761192
0.16861244
0.17263705
0.16723892
0.17310123
0.16385056
0.1770669
0.16255717
0.16676341
0.16936345
0.16690828
0.17133628
0.17152323
0.17091939
0.16658033
0.1687098
0.16428347
0.16985036
0.16681686
0.17099902
0.17219555
0.16581875
0.16993503
0.16703822
0.16319588
0.16883525
0.1687892
0.16821168
0.16234341
0.1663562
0.16964087
0.17016332
0.17035972
0.16354012
0.16944624
0.16575776
0.16390623
0.16873544
0.16889372
0.16558783
0.16545317
0.16811344
0.16734424
0.16601986
0.16684696
0.16736537
0.16485454
0.16610813
0.16653591
0.1645739
0.16677335
0.16204792
0.16511124
0.16384014
0.16719046
0.1688557
0.16539727
0.16588208
0.16291529
0.1615748
0.16572154
0.16611703
0.15843217
0.16173881
0.16233227
0.16218626
0.16333804
0.16522886
0.16600628
0.16604605
0.16243498
0.16771401
0.16045973
0.16280198
0.16966568
0.16300347
0.16289252
0.16467799
0.164317
0.16529147
0.16131257
0.16766158
0.16325271
0.16204515
0.16116786
0.16676319
0.15763211
0.16129756
0.16245268
0.16340585
0.16275238
0.15972263
0.15908803
0.15988517
0.15735255
0.16074836
0.15857682
0.15794908
0.15740609
0.16204813
0.16130993
0.16127871
0.16280185
0.15828489
0.15942234
0.15724905
0.16109757
0.16059436
0.16239971
0.15604508
0.1620457
0.153755
0.15546238
0.16021632
0.16186902
0.15289335
0.15886973
0.16159303
0.16147049
0.16102389
0.16124685
0.15748648
0.15876324
0.15826188
0.15834187
0.15596233
0.16031057
0.15947409
0.1556741
0.16141427
0.1571324
0.1617127
0.15521538
0.1604311
0.16069038
0.16119696
0.15796459
0.15830858
0.15671474
0.1648159
0.15627222
0.15303016
0.1539539
0.15798163
0.1567512
0.15428555
0.15769838
0.15983674
0.15793398
0.15976259
0.15883538
0.158333
0.16087854
0.16048427
0.15390518
0.15528496
0.15794778
0.15326668
0.15505628
0.15523995
0.15605268
0.15922894
0.1545396
0.15956602
0.15730911
0.15604995
0.16165322
0.15842348
0.15318093
0.15491895
0.15202217
0.1526739
0.15255536
0.15565352
0.15682293
0.1566883
0.16021508
0.15482546
0.15741105
0.15493041
0.15380318
0.15942878
0.1561374
0.15276301
0.15200624
0.15066777
0.15326399
0.1550996
0.15617251
0.15579893
0.15304159
0.15238488
0.15182644
0.1510738
0.14608103
0.15240784
0.15093675
0.15259255
0.14975797
0.15519632
0.149901
0.14744398
0.15752287
0.15217832
0.14836566
0.14954688
0.15057127
0.14475648
0.14824833
0.15240218
0.14748718
0.14758316
0.1466565
0.15018721
0.14729774
0.14967015
0.15163593
0.14642385
0.14897329
0.14918971
0.14347543
0.14858668
0.14977391
0.15070643
0.14841619
0.15030377
0.14698823
0.14499047
0.14648469
0.14333244
0.147809
0.14843789
0.14628232
0.1489775
0.15081711
0.14422752
0.14960666
0.14544615
0.14647028
0.14599091
0.14892289
0.14745712
0.14721139
0.15226829
0.14260402
0.14855453
0.14187312
0.14649826
0.1491515
0.14536999
0.15342279
0.14539592
0.14370996
0.14472133
0.14281638
0.1436609
0.14813791
0.14711805
0.14789967
0.14522916
0.14713515
0.14542724
0.15283252
0.14616317
0.1415523
0.14617753
0.14281078
0.14811979
0.14071926
0.13925865
0.14302294
0.14590031
0.1463458
0.1469793
0.14373526
0.14115259
0.13912392
0.1441276
0.14392999
0.1435926
0.14723769
0.1521728
0.14254446
0.14437506
0.1477654
0.14058955
0.14806646
0.14624277
0.14710853
0.14590588
0.1400868
0.14218488
0.14262316
0.14506598
0.1466143
0.14633054
0.14816618
0.1487276
0.15237105
0.1478388
0.14258072
0.14786033
0.14779054
0.14518026
0.14517471
0.1458732
0.14386651
0.14773786
0.14278916
0.14047845
0.14789978
0.1464656
0.13976161
0.1448427
0.14288908
0.14602537
0.14308219
0.1421615
0.14753418
0.13952798
0.14059441
0.1435408
0.14253347
0.14984022
0.14767587
0.14150132
0.14690593
0.14238288
0.1422792
0.1391857
0.14102325
0.14092837
0.1459174
0.13451105
0.14298113
0.14008333
0.14157663
0.1409291
0.13580951
0.13542677
0.1423903
0.13627338
0.1416028
0.13980511
0.14236592
0.13723595
0.13808423
0.1396592
0.13695514
0.140357
0.13376853
0.13455217
0.13764147
0.13716283
0.13800472
0.13982117
0.13654329
0.13468067
0.1410301
0.13850868
0.13925378
0.13814892
0.13766621
0.13764015
0.1341536
0.13924429
0.13538617
0.13912389
0.13238424
0.14109509
0.13379191
0.13440594
0.13429788
0.13434443
0.14021581
0.1376519
0.1381152
0.14078055
0.1344564
0.13146234
0.13130127
0.13403931
0.13656609
0.1342987
0.1344565
0.13308682
0.13772808
0.13360856
0.13153306
0.13584036
0.13898474
0.13336645
0.13341615
0.13761137
0.13659191
0.1340744
0.13548623
0.13369268
0.13953483
0.131667
0.13872658
0.1405338
0.13348903
0.13490772
0.13911156
0.13453548
0.13349603
0.13207501
0.13095878
0.13707118
0.1375947
0.13393262
0.13301893
0.13316481
0.13830152
0.1297915
0.13470952
0.13498734
0.13936302
0.13412413
0.12761487
0.1302998
0.13600306
0.12860543
0.12677647
0.13303305
0.12611705
0.13201094
0.12993567
0.1295514
0.13189152
0.13365215
0.13266742
0.12766732
0.12842032
0.13158314
0.13041043
0.13143879
0.1329361
0.12687057
0.1310827
0.12861928
0.1257511
0.12809451
0.1253008
0.13342103
0.124808595
0.12182855
0.12342352
0.13087803
0.121036515
0.12989451
0.13064806
0.13186198
0.12521183
0.12381618
0.123365514
0.12801132
0.12820742
0.12846598
0.12974864
0.12532997
0.12600622
0.12427462
0.12607455
0.12732776
0.1223533
0.12570046
0.1290681
0.13144456
0.12298937
0.13086097
0.12680683
0.1273712
0.12241018
0.12465444
0.1266669
0.12167957
0.13012606
0.12702638
0.12764148
0.13379394
0.12410716
0.13019009
0.12792346
0.12603262
0.12477143
0.12776782
0.12776786
0.12856163
0.12881713
0.12836601
0.1310709
0.12939364
0.12989068
0.12861653
0.13150696
0.12884772
0.1286667
0.12931553
0.1258619
0.12557976
0.13519804
0.1239354
0.12608893
0.1285171
0.1283194
0.12610477
0.12652011
0.12717937
0.12929979
0.12393761
0.12681237
0.12458964
0.12950018
0.12006998
0.12276185
0.12053456
0.12702133
0.12394128
0.12809405
0.11686101
0.12168491
0.1299955
0.12090227
0.121042065
0.118059546
0.1174823
0.117013305
0.1291323
0.119921386
0.1214807
0.12312224
0.12146811
0.12441414
0.124992765
0.12425012
0.12573762
0.12639666
0.11827993
0.12321963
0.1225081
0.12148158
0.12872268
0.12381973
0.12735093
0.12650265
0.1262823
0.12557384
0.123282485
0.12325135
0.12670188
0.12211201
0.1285496
0.12555642
0.122633964
0.12384185
0.12478172
0.12317618
0.12324768
0.122769184
0.12924235
0.12039717
0.12511407
0.12558293
0.12395539
0.12330713
0.121379465
0.1233732
0.12447182
0.1283934
0.12416482
0.12403667
0.13102031
0.13109908
0.12807414
0.12825423
0.119914174
0.13051711
0.1239588
0.124375395
0.12793982
0.12348793
0.12641615
0.12330172
0.13197671
0.12821236
0.12173012
0.12443812
0.125154
0.1287401
0.1266826
0.1245573
0.12282752
0.1303091
0.12424914
0.13029407
0.12350298
0.12463981
0.1265345
0.12104348
0.12508056
0.1263471
0.12505473
0.12923065
0.11633466
0.12259649
0.12456253
0.121242225
0.12258585
0.12096789
0.11949076
0.12200048
0.12407448
0.12026149
0.12307795
0.12268034
0.12029194
0.12438048
0.12118314
0.12350224
0.12249249
0.12162449
0.12820254
0.12629111
0.12418327
0.12032395
0.12027574
0.11536051
0.11942172
0.13054894
0.12854928
0.12340385
0.12896058
0.12336541
0.121118136
0.12173068
0.11760581
0.121512264
0.12180137
0.11876081
0.11539271
0.12059417
0.117573254
0.119101584
0.12269685
0.11901737
0.1178791
0.12039868
0.122601725
0.12412357
0.119212344
0.11886644
0.123925306
0.12288493
0.11586671
0.12077986
0.11942026
0.12370536
0.12062711
0.12096992
0.120433696
0.12024615
0.11803182
0.12431829
0.11943921
0.12141826
0.12509136
0.12042984
0.11592874
0.11898188
0.12212474
0.11292067
0.11966508
0.12778121
0.11716188
0.11779857
0.12518337
0.12102139
0.11962378
0.1200509
0.121669866
0.121925734
0.11396814
0.11633962
0.122429006
0.11843781
0.121914126
0.11934209
0.11665716
0.114945516
0.12182175
0.11873122
0.11689884
0.11728503
0.116210446
0.11611973
0.11995976
0.11640147
0.115538836
0.11751538
0.11528567
0.120381415
0.11378942
0.124485336
0.123304725
0.121027604
0.12181732
0.12124833
0.11612058
0.11647484
0.11842417
0.12137519
0.117901556
0.11255181
0.12027432
0.11630404
0.11836093
0.117978066
0.12012649
0.11138243
0.11829076
0.11945956
0.11640289
0.11684977
0.11907426
0.1188899
0.12255658
0.118086785
0.11789608
0.11319192
0.115647055
0.11958692
0.117476255
0.118244864
0.118399024
0.11740581
0.12469871
0.1212973
0.11416485
0.11826969
0.11779978
0.11150969
0.112953
0.1138706
0.11671492
0.11843063
0.11673039
0.11620212
0.12085943
0.11789535
0.11463617
0.115604304
0.11359052
0.11866696
0.120221
0.11454423
0.120933205
0.120908976
0.119477674
0.11727583
0.115330376
0.11914639
0.11860664
0.115025
0.122077934
0.11774853
0.12338286
0.11905059
0.122543685
0.11907182
0.11701188
0.11619461
0.118709214
0.110890605
0.110412896
0.116887845
0.111321576
0.11430629
0.112504326
0.119520575
0.11495973
0.11861775
0.11491745
0.109857984
0.11967206
0.120321386
0.11339285
0.11986919
0.11823156
0.10778004
0.11808718
0.120857574
0.1146394
0.11180079
0.1168213
0.116148606
0.11197102
0.106510594
0.11357436
0.109050415
0.11055307
0.11111816
0.11360983
0.11073315
0.115857296
0.11316669
0.11026128
0.113665745
0.111791216
0.10939915
0.11372061
0.11151471
0.11658619
0.11088554
0.11320424
0.11459427
0.115925334
0.11081755
0.114944406
0.11091662
0.11748359
0.11826855
0.10831398
0.11068259
0.10663967
0.108913444
0.10802814
0.10485705
0.1113757
0.1070613
0.11068871
0.10818157
0.10773851
0.102513455
0.107662104
0.10742216
0.103296466
0.1094843
0.103903726
0.10496198
0.10431233
0.10188757
0.10777946
0.09892851
0.098294646
0.10083659
0.10985864
0.104546875
0.10553795
0.104013115
0.09999837
0.10508457
0.104185365
0.10420545
0.10353932
0.098129444
0.099736676
0.09783354
0.105375424
0.10229004
0.10347948
0.10311782
0.10548812
0.0960037
0.09785567
0.09805794
0.09953619
0.10100886
0.104779
0.10275837
0.09746128
0.10056559
0.10446548
0.098061785
0.09871843
0.09975098
0.09986158
0.09980368
0.10050472
0.10419932
0.10465269
0.09845708
0.10813364
0.10132574
0.103199795
0.09870193
0.098807715
0.10051207
0.104474865
0.09996754
0.10590449
0.10293163
0.10706022
0.100505374
0.09624619
0.10112884
0.1008759
0.103366174
0.09947375
0.098509714
0.103008986
0.10092691
0.10129182
0.100821756
0.099573925
0.1021918
0.10286196
0.100074604
0.09788
0.1036645
0.09490429
0.103365295
0.09339688
0.10046893
0.10086728
0.094291456
0.101440884
0.09803216
0.09872993
0.1026715
0.09906964
0.095323436
0.10077991
0.10149763
0.10178268
0.09752727
0.10405783
0.09836865
0.10415125
0.09589856
0.09652026
0.100163974
0.09703196
0.09724925
0.09859466
0.100500174
0.10156985
0.09878735
0.10230125
0.092695475
0.099875495
0.100859374
0.10061984
0.097817935
0.096475154
0.09909686
0.09822935
0.10236074
0.095529914
0.10177973
0.09834904
0.10228909
0.09805579
0.10120334
0.094890706
0.10265686
0.096840866
0.1000117
0.096396424
0.10139092
0.10581896
0.09826163
0.09976503
0.09691066
0.101772726
0.09937685
0.10764404
0.09898734
0.1002467
0.10609682
0.0995152
0.10001585
0.108327456
0.10599464
0.11032454
0.10403597
0.10044645
0.103561
0.104130745
0.110851996
0.10603831
0.10216585
0.10230943
0.10193992
0.10244322
0.10478481
0.11003482
0.10479786
0.100887
0.10227494
0.10318396
0.09899281
0.106223986
0.10789718
0.10225521
0.10436274
0.10554869
0.10228334
0.10639288
0.11039531
0.10061563
0.102948464
0.0988803
0.09673895
0.10888575
0.10305987
0.10258787
0.10624105
0.10661248
0.102519706
0.09832315
0.10313804
0.106880866
0.10058324
0.10587929
0.10511746
0.09730237
0.10497652
0.09909493
0.10462835
0.10336746
0.10148041
0.10205214
0.09978466
0.10399082
0.09875374
0.1057791
0.111118905
0.11240573
0.10655267
0.10548534
0.09989354
0.10568444
0.102483615
0.1025753
0.10003984
0.10551015
0.109244004
0.10195349
0.0994757
0.099037014
0.10062808
0.10334251
0.10473336
0.1062046
0.1005388
0.10122653
0.09715589
0.106119
0.10458938
0.09571853
0.103550375
0.10672729
0.10046783
0.10303894
0.10277332
0.10107114
0.101236895
0.09724974
0.1050552
0.09912393
0.09801219
0.101365805
0.09772381
0.0964264
0.094425425
0.09306046
0.09979852
0.1053483
0.09719873
0.09530528
0.094654374
0.09565914
0.09626351
0.09495554
0.09092509
0.09922182
0.09671054
0.09774413
0.09077304
0.096099615
0.094322465
0.09311719
0.09665542
0.09032065
0.09162661
0.0957112
0.09344107
0.093211554
0.09605277
0.0961954
0.09660944
0.08725962
0.0860006
0.091429405
0.09515597
0.093948275
0.09239315
0.08867454
0.09101922
0.08895121
0.09442885
0.09560642
0.092828065
0.09087918
0.09585117
0.097777724
0.094921
0.09700118
0.09118282
0.09328571
0.09227942
0.09712736
0.096584566
0.0925298
0.09660806
0.09703017
0.101325765
0.0948498
0.096884094
0.09496905
0.09665174
0.09385077
0.09168276
0.09708591
0.09650214
0.09799231
0.092914015
0.101742305
0.094800785
0.09663574
0.103178434
0.093894996
0.09890969
0.096548125
0.09444842
0.09486833
0.09538909
0.09680137
0.100133464
0.09727304
0.096794
0.09811296
0.101194315
0.094914205
0.101732865
0.09495034
0.09386634
0.09268707
0.095357135
0.09577788
0.094771296
0.09183456
0.096556336
0.098603725
0.09211862
0.09930057
0.09307858
0.09879174
0.09543825
0.0937193
0.09619639
0.10197232
0.09550938
0.097941115
0.10081992
0.09641244
0.09232718
0.096520364
0.099220105
0.09965881
0.090637125
0.09396375
0.09476309
0.087153696
0.08902561
0.09418902
0.095802136
0.090984575
0.09277905
0.09032255
0.09228155
0.094683625
0.08823953
0.085738204
0.09261969
0.08475816
0.08796077
0.08998369
0.09371109
0.09234393
0.08768864
0.09000283
0.092527606
0.094025485
0.093069464
0.091500916
0.09167735
0.08850352
0.08998048
0.085619316
0.08909292
0.085856
0.0929006
0.09001618
0.08795664
0.0929237
0.095610864
0.08634129
0.083805606
0.09138735
0.08721804
0.091678545
0.093380116
0.08478466
0.09011308
0.08966344
0.09074779
0.088910446
0.08657514
0.08595877
0.09057309
0.0932105
0.09781028
0.090248875
0.090980925
0.087891474
0.08953402
0.09003972
0.088929065
0.08553165
0.08790052
0.08599714
0.093885615
0.09095999
0.08210739
0.09106227
0.08872926
0.08913565
0.09358696
0.0949515
0.09633113
0.088730805
0.08668348
0.09370687
0.09123344
0.09342419
0.08834618
0.090342544
0.08938499
0.09132704
0.0914998
0.08775115
0.092533045
0.0934161
0.094247386
0.08764507
0.094493546
0.08367297
0.08698481
0.08873257
0.09515271
0.094725974
0.09299189
0.09853575
0.0864805
0.09013433
0.08724171
0.08940462
0.08516703
0.0867259
0.09322595
0.090690084
0.08704348
0.08671153
0.08676465
0.0857498
0.08359511
0.09231487
0.08454126
0.091064334
0.09556679
0.08617388
0.0882348
0.090587795
0.08663366
0.08609229
0.087482736
0.09277674
0.08194828
0.08848123
0.09098103
0.09087849
0.08588308
0.08556504
0.090866916
0.09508126
0.086757705
0.086913496
0.089184195
0.090482585
0.09492201
0.087412395
0.08759436
0.08698027
0.09382179
0.09056588
0.09500234
0.08671954
0.086317435
0.088402756
0.089044854
0.0893197
0.08654573
0.088581696
0.08865213
0.08848263
0.084590144
0.088599615
0.08925113
0.08452525
0.091898255
0.090513274
0.08504402
0.09013659
0.08649052
0.089413956
0.08297229
0.09198027
0.08950234
0.08061053
0.08451476
0.08846766
0.089746974
0.08685094
0.08475436
0.087119825
0.08276087
0.08674001
0.08708021
0.08905021
0.08625453
0.084878534
0.087094896
0.08861647
0.08579433
0.086925566
0.08439422
0.088441074
0.086685315
0.08274439
0.08538503
0.084156014
0.08813631
0.09056168
0.0853188
0.09413732
0.09230396
0.08611334
0.091316715
0.08650215
0.09275218
0.09498228
0.09297526
0.08619582
0.08805145
0.08293112
0.084210515
0.092575714
0.087404616
0.083216205
0.093762904
0.082909055
0.0925216
0.091849715
0.094132535
0.08759585
0.08230855
0.08705348
0.08321472
0.08998022
0.091842525
0.089108676
0.089449435
0.088293165
0.08703405
0.0864461
0.086770125
0.09364892
0.08346367
0.08907226
0.08752385
0.08786389
0.09099245
0.0880962
0.08429346
0.08676167
0.08319827
0.08297806
0.086853236
0.0907012
0.09087716
0.087525465
0.08970848
0.08689221
0.0915023
0.094532005
0.08340212
0.084731475
0.08849806
0.084068336
0.087150946
0.08508159
0.09203675
0.08421257
0.08025617
0.08556909
0.08181402
0.081431165
0.08998871
0.087666735
0.088207036
0.08465192
0.088475406
0.088868216
0.08465819
0.081896104
0.08847474
0.084445566
0.0908951
0.0861614
0.09493125
0.077636
0.08674936
0.0908684
0.08473854
0.08491901
0.08094796
0.08084933
0.089313485
0.08760374
0.089658596
0.08323057
0.08469118
0.08040468
0.090535305
0.080323115
0.08281706
0.082884595
0.084516436
0.08605407
0.08264776
0.08161265
0.08134778
0.08398444
0.082085945
0.0768696
0.07996978
0.08331306
0.09340086
0.08063864
0.08334465
0.082729235
0.080265924
0.08245582
0.08077425
0.08052453
0.08222089
0.076161236
0.07819913
0.08039492
0.077197924
0.08211924
0.081409544
0.08368982
0.07979484
0.0772785
0.075519614
0.07655759
0.08184255
0.08411006
0.07538524
0.07931914
0.082503825
0.07739952
0.07953463
0.08101689
0.072460264
0.08078479
0.07887066
0.0842643
0.07512355
0.082966365
0.072687745
0.08361191
0.07781979
0.07816612
0.07824864
0.086538054
0.08887253
0.0730209
0.079469696
0.08218255
0.072657004
0.07861792
0.07079594
0.0744789
0.07427409
0.074286535
0.082170926
0.07580379
0.07695849
0.07390477
0.07677552
0.07838294
0.07369714
0.07274597
0.07324961
0.07765797
0.07683553
0.07336123
0.074750625
0.073397346
0.07421861
0.07549665
0.072436124
0.077912375
0.0761883
0.0701393
0.078778416
0.07724081
0.07484422
0.07811485
0.0755263
0.07383497
0.07841627
0.075014964
0.07476217
0.078352354
0.075949825
0.06979003
0.07297724
0.07737756
0.0829404
0.07507843
0.06796038
0.07300822
0.071430095
0.0705642
0.08090121
0.07116954
0.07297424
0.067607835
0.075236544
0.0752926
0.07070127
0.071394496
0.07284755
0.06827751
0.06813132
0.076562256
0.07768565
0.069872305
0.0704869
0.07947486
0.07412894
0.07217454
0.06937502
0.075389944
0.07057443
0.07461569
0.06906698
0.074512586
0.07446557
0.06807933
0.07127365
0.07827385
0.0821816
0.07481118
0.070018694
0.07500647
0.07808819
0.076221645
0.079796866
0.07273054
0.074702725
0.07120549
0.07421365
0.076740205
0.076532796
0.076048434
0.07591813
0.07376381
0.0752414
0.07333792
0.07655822
0.076714516
0.07606439
0.07406727
0.07204264
0.071019694
0.08156033
0.07441886
0.07056699
0.07712155
0.073117286
0.07854869
0.07711421
0.07273483
0.067269735
0.06975208
0.07092429
0.074238114
0.07149889
0.07245215
0.07869998
0.07681443
0.07586361
0.069064684
0.073861666
0.06882142
0.070784755
0.06829009
0.07130665
0.070138454
0.07373453
0.06804094
0.06863057
0.06785326
0.07094617
0.065614894
0.07880492
0.07890695
0.067653984
0.070764124
0.066468626
0.06801906
0.07437936
0.064194694
0.07433695
0.06930572
0.069951825
0.07060927
0.06988256
0.07302534
0.07641334
0.07195418
0.07534073
0.07392284
0.07396401
0.07503096
0.06884375
0.07257012
0.07826837
0.076364316
0.07741588
0.074222155
0.0714105
0.074967176
0.0728492
0.070125
0.07183452
0.07408563
0.07267104
0.07003905
0.07473895
0.0701079
0.07091604
0.070628315
0.071353495
0.070246845
0.07425462
0.07961539
0.07334921
0.07326128
0.07338754
0.07900492
0.0715386
0.073951095
0.06755004
0.07514634
0.079177886
0.069598205
0.073682465
0.06935266
0.07055984
0.07606442
0.07340854
0.071617894
0.07222609
0.06755969
0.06185891
0.07283298
0.07024431
0.067883044
0.06919579
0.06839137
0.06724659
0.06994663
0.06785243
0.07062612
0.07158141
0.07440773
0.06881604
0.07139733
0.07411233
0.067938946
0.06750614
0.07282222
0.07531116
0.07001939
0.072629765
0.069153555
0.068746395
0.07591451
0.0784873
0.072669506
0.066924654
0.07126374
0.07400558
0.06735493
0.07319069
0.07418282
0.07623766
0.066765204
0.07749517
0.07107784
0.073518746
0.07049419
0.07647626
0.07205829
0.07385217
0.07428512
0.07184394
0.07510693
0.073052
0.0726155
0.07734852
0.07124011
0.0775823
0.07223838
0.072593786
0.07355798
0.069462016
0.080856584
0.075032115
0.078429885
0.076569505
0.07340711
0.0731618
0.078379706
0.07127488
0.072066225
0.0732646
0.06951361
0.07676085
0.07308722
0.06730842
0.06912261
0.07288458
0.0717685
0.07259112
0.07244651
0.06939038
0.07185419
0.06834992
0.08442296
0.07664663
0.06864064
0.071430646
0.08003126
0.07111618
0.069039516
0.07068156
0.07069184
0.07330169
0.08372613
0.06218436
0.067941815
0.08669433
0.07422793
0.07830763
0.066261
0.07309865
0.07486259
0.07101597
0.0736977
0.06955914
0.0773853
0.072733395
0.07041397
0.07376001
0.07060039
0.069090575
0.07160874
0.07081638
0.063124456
0.06400778
0.07464925
0.06416819
0.070325114
0.06907183
0.072683945
0.068840936
0.06542732
0.06371734
0.06114427
0.071736336
0.0656183
0.06451114
0.074095085
0.06919574
0.06593071
0.07307413
0.07334278
0.0722956
0.07218622
0.067140825
0.06292465
0.07243229
0.07058496
0.06806086
0.06956662
0.071699165
0.0659151
0.07111252
0.073025435
0.0697909
0.062255934
0.07339819
0.067271635
0.07207498
0.06755919
0.06198634
0.06350004
0.06427709
0.06760835
0.06567174
0.070799455
0.07273659
0.0708212
0.06424841
0.07684943
0.06856527
0.06571704
0.063681625
0.0755073
0.06903499
0.06771631
0.06554828
0.06732413
0.06984782
0.065707035
0.066559955
0.0643302
0.070329554
0.061729793
0.06560851
0.07316859
0.06567272
0.06430511
0.06695386
0.07088129
0.06625425
0.083488464
0.06126051
0.06749272
0.065724514
0.06857323
0.064059764
0.06216327
0.07122543
0.06335827
0.06237356
0.06640868
0.062298432
0.072081186
0.06233161
0.06475484
0.06429294
0.07187276
0.061427843
0.0685702
0.07031626
0.0633121
0.06717885
0.06923657
0.06496912
0.06531807
0.06243837
0.06201405
0.06943201
0.068889976
0.06534011
0.0675905
0.06438676
0.06783801
0.060965072
0.06013425
0.061893012
0.06583863
0.060277242
0.058057204
0.05964353
0.06280463
0.060721025
0.06128853
0.0645173
0.062262293
0.06666772
0.0628349
0.06335885
0.06300013
0.060852926
0.05980498
0.058893118
0.05789563
0.059645582
0.065124825
0.05896073
0.057570424
0.058449652
0.059528675
0.06043539
0.06370186
0.060808625
0.059080843
0.058088735
0.057347022
0.056836497
0.057009947
0.058524746
0.060171872
0.06058996
0.059728764
0.05914395
0.057204824
0.05674083
0.054642487
0.056363486
0.05631791
0.057591606
0.058774978
0.060248636
0.058727905
0.057379793
0.056313474
0.0580812
0.058099497
0.05874765
0.058335125
0.05755607
0.05559085
0.05723169
0.057962157
0.06162206
0.060609583
0.06098556
0.056555994
0.0568441
0.05696452
0.060128685
0.060508337
0.06035591
0.059844885
0.060988206
0.059916127
0.062020533
0.06272339
0.0666615
0.06344874
0.06283095
0.061653133
0.06214248
0.059635393
0.05963606
0.060055457
0.06162617
0.062300786
0.06284596
0.06294163
0.06124275
0.05947123
0.057922967
0.060441274
0.059649672
0.06093012
0.059358884
0.0610297
0.06011676
0.06173006
0.06254874
0.063530415
0.063927814
0.061317086
0.060896315
0.058364026
0.05947425
0.05818099
0.05902674
0.058506325
0.060414497
0.061750438
0.0628506
0.06352408
0.064059444
0.06336739
0.062302817
0.06336328
0.066466875
0.066920385
0.0635369
0.061451983
0.061891615
0.06294182
0.06275172
0.062425375
0.062213168
0.0662827
0.07470596
0.06546149
0.062117934
0.06640176
0.06497441
0.06451204
0.060189042
0.060581688
0.060469136
0.06281574
0.06145361
0.059562158
0.05865857
0.060032032
0.06081431
0.06127721
0.061021846
0.059735496
0.057772692
0.056428023
0.058808845
0.061768908
0.06377793
0.06549006
0.06469743
0.06495416
0.061951976
0.06077402
0.05750091
0.059783775
0.05974154
0.06140964
0.061622065
0.0631467
0.06362564
0.061856657
0.061822858
0.063684836
0.06480216
0.06438893
0.06515426
0.064587444
0.06479161
0.06489135
0.06567504
0.06607075
0.06387502
0.06538964
0.065828286
0.06722632
0.06647642
0.06779759
0.06552594
0.063848376
0.061356865
0.06608653
0.067644924
0.069803424
0.06743492
0.07207241
0.08114408
0.07186096
0.066592574
0.065626845
0.067262456
0.06777124
0.06650775
0.06764051
0.069413446
0.071793854
0.070940636
0.07249989
0.07076419
0.07018275
0.0675351
0.066689275
0.070887685
0.078051224
0.07276831
0.07231445
0.0757895
0.07735565
0.07542127
0.07315367
0.06830402
0.07062714
0.07027748
0.078357376
0.087768726
0.07405538
0.06674614
0.06712644
0.067646764
0.06784858
0.06892924
0.06953397
0.06996617
0.069122925
0.067782134
0.06762112
0.06676116
0.06629951
0.06966301
0.06987208
0.06948191
0.06809611
0.07152748
0.07204164
0.07059419
0.068237804
0.07205775
0.07316915
0.07125608
0.07086662
0.06982264
0.0720932
0.07038948
0.07099099
0.07014149
0.06855803
0.06781872
0.06759611
0.06982596
0.067743555
0.06677314
0.06408434
0.065328725
0.06606676
0.06600263
0.06667837
0.06752382
0.06867786
0.06804422
0.06793119
0.06696928
0.065821365
0.06461955
0.06332333
0.06442932
0.063685864
0.06753919
0.06343146
0.064908296
0.06268108
0.065553404
0.06393056
0.060591206
0.06358855
0.066170014
0.07197006
0.06737794
0.065513015
0.06095481
0.063348256
0.06285643
0.06466999
0.06609298
0.069429584
0.0707819
0.07054925
0.06789534
0.06858536
0.067741916
0.07121333
0.07054223
0.07099122
0.068935364
0.067962095
0.068953
0.06643092
0.063886724
0.062188827
0.06391444
0.065043844
0.06734852
0.0674219
0.06793928
0.06435473
0.062926464
0.062416244
0.06588235
0.06638314
0.06805388
0.06441726
0.06754344
0.06630936
0.06883055
0.06674561
0.06672011
0.06396228
0.062524505
0.0600514
0.06560729
0.06715544
0.06989584
0.064948656
0.06522472
0.06650621
0.064940974
0.06510397
0.062189486
0.061837908
0.060839046
0.060239784
0.060156252
0.057592638
0.05870427
0.064176515
0.066871636
0.06960207
0.06610178
0.064948596
0.06243898
0.06266907
0.06164656
0.059500404
0.057717692
0.05584088
0.058463976
0.059760794
0.06457084
0.06507126
0.064859994
0.064265855
0.05959765
0.06096433
0.0600231
0.06142858
0.06203665
0.062150184
0.06385146
0.07165446
0.0700762
0.072023764
0.06371732
0.06418003
0.063406
0.06314864
0.06290836
0.062287737
0.060185228
0.061344814
0.06184939
0.06270472
0.059605774
0.06137902
0.06333
0.06767088
0.06514631
0.061195083
0.061141007
0.06136102
0.06446965
0.062494688
0.061213154
0.061913118
0.0630017
0.065795615
0.063860424
0.061983936
0.05881265
0.06033822
0.06285912
0.06468826
0.062398337
0.061867297
0.060536962
0.062297877
0.06375353
0.06441352
0.06248429
0.05971021
0.062024117
0.06273983
0.06201906
0.058071516
0.06135476
0.062093064
0.06083572
0.058193807
0.061818425
0.0641588
0.0670797
0.06419029
0.0628933
0.058404382
0.058855172
0.060384195
0.062302437
0.058371622
0.060633875
0.059444215
0.06223241
0.06005652
0.061940033
0.062072746
0.06511092
0.06554337
0.06573643
0.06334003
0.0647449
0.06520204
0.0687427
0.067270204
0.066498876
0.066307425
0.069572985
0.07449149
0.071096994
0.06770288
0.06267472
0.062938735
0.06480524
0.06877223
0.067809656
0.06832635
0.0657996
0.0648291
0.06154855
0.06052974
0.06339952
0.06636016
0.06797212
0.06844177
0.06754843
0.06733454
0.06814087
0.06744142
0.06821038
0.065289624
0.06208255
0.061089043
0.062723
0.06604989
0.06543974
0.066914015
0.06626788
0.066315256
0.064001575
0.06237966
0.061648246
0.06522428
0.06547016
0.06700669
0.061027937
0.06273158
0.060051993
0.06471475
0.063291505
0.06343552
0.05940677
0.060588315
0.061912533
0.06333811
0.06437376
0.06403831
0.06629137
0.067133665
0.07132598
0.07195152
0.06980025
0.069158554
0.06578676
0.06648736
0.064231455
0.06315524
0.06287761
0.06529608
0.06885343
0.067503154
0.064366125
0.06360672
0.060614213
0.062750645
0.060343385
0.06361528
0.061357282
0.0630767
0.0628176
0.062237363
0.060959563
0.060023855
0.05892627
0.056635894
0.060466032
0.061302908
0.0643066
0.063811935
0.06372005
0.06444799
0.0629163
0.0607913
0.060434166
0.060704112
0.06229698
0.05942835
0.057431918
0.0589007
0.0634124
0.06333653
0.06618061
0.062044658
0.06096592
0.05760307
0.056907732
0.059923723
0.05999536
0.060841892
0.05872934
0.05844515
0.056542095
0.058289524
0.058712907
0.061304025
0.0602338
0.06009746
0.061041996
0.06018782
0.059355136
0.057351902
0.055644754
0.05305389
0.05411957
0.05547524
0.0575999
0.054723468
0.052395355
0.05091484
0.052959915
0.056458324
0.061533034
0.063272275
0.06214646
0.0579727
0.057343267
0.060510512
0.061370302
0.061341394
0.0545823
0.05226592
0.04977087
0.0510946
0.055344414
0.061019663
0.061758313
0.059401494
0.055732276
0.058784705
0.059030563
0.061728295
0.06308792
0.060210373
0.057143647
0.058992602
0.06260097
0.06644108
0.06268314
0.064708725
0.063574865
0.063062735
0.05916981
0.05806854
0.059001766
0.060089402
0.060117617
0.061482344
0.06589068
0.06852587
0.06979161
0.06688253
0.064971246
0.062161226
0.059548184
0.05647845
0.05667167
0.062091555
0.06584938
0.106473945
0.18310721
0.11926566
0.07903463
0.060631093
0.058016818
0.061222807
0.066287465
0.07060893
0.065646715
0.061612
0.06251376
0.06298843
0.062218204
0.05816613
0.060848463
0.06255174
0.062126204
0.058825597
0.061757576
0.06554321
0.06585982
0.06233361
0.06089682
0.059496585
0.05823323
0.057655744
0.05784117
0.06112727
0.059842307
0.05983181
0.057801664
0.054009292
0.057560537
0.059138138
0.06490687
0.06245229
0.061757967
0.058922164
0.05912354
0.056152504
0.059246704
0.057233278
0.05969136
0.05335865
0.05599906
0.05537039
0.05986209
0.0558579
0.05408418
0.052410293
0.056495253
0.057936303
0.05772889
0.056961272
0.056141198
0.056837924
0.055358812
0.056752943
0.05957784
0.0634677
0.0630647
0.060856424
0.059210055
0.057337936
0.05550726
0.05430739
0.054316156
0.05281509
0.056168586
0.057188563
0.059412777
0.057122692
0.062605545
0.060170695
0.059579235
0.055544447
0.0577274
0.059471942
0.057003886
0.061014377
0.058980342
0.06375921
0.061076224
0.059754215
0.058409493
0.057341598
0.06083754
0.06154043
0.05974257
0.057266366
0.05453178
0.057442915
0.055438213
0.053095642
0.053368635
0.057022892
0.060146745
0.05893054
0.05853004
0.05790343
0.057174172
0.05613841
0.056655202
0.05505944
0.052208547
0.051829774
0.054768015
0.058221884
0.057728067
0.056888323
0.05539138
0.05459589
0.053528175
0.05398939
0.05649891
0.057470977
0.056505248
0.05664804
0.057847075
0.05650713
0.055159558
0.0550405
0.057296846
0.06069091
0.059696157
0.06670089
0.0628767
0.060711436
0.05356244
0.053386737
0.053686496
0.054460384
0.05498791
0.05306677
0.05332224
0.05293002
0.055372853
0.057588536
0.059460245
0.059544273
0.05744974
0.053965636
0.04996947
0.04808824
0.04820778
0.04816833
0.048498154
0.050161894
0.051026773
0.04955996
0.049022812
0.046665546
0.047703046
0.048958074
0.050643586
0.055163056
0.05663129
0.057622373
0.0577862
0.05572442
0.05375904
0.050211646
0.050783183
0.050571658
0.051912695
0.0509912
0.051934212
0.04979212
0.049246985
0.049233086
0.04856474
0.04967653
0.049174726
0.05191341
0.05170996
0.051890485
0.050702043
0.05328296
0.051284008
0.05075724
0.04910255
0.04808306
0.046958495
0.04632043
0.04745451
0.05184279
0.051918086
0.05258884
0.052463602
0.053457644
0.049692396
0.050621506
0.048219483
0.047421083
0.046487965
0.046662163
0.04642458
0.048356295
0.051717434
0.050413385
0.0509991
0.051514354
0.050450005
0.048463263
0.047955353
0.047494896
0.047129165
0.04735307
0.047894705
0.04729623
0.048150606
0.04717807
0.047630847
0.04526265
0.044635195
0.04315801
0.04275092
0.041487195
0.04194646
0.042550277
0.041656967
0.042181116
0.044438202
0.04410096
0.046661075
0.045913767
0.045805957
0.047374155
0.045847755
0.04317929
0.044148076
0.04408555
0.03873095
0.040678214
0.04076674
0.04148579
0.0425111
0.04302048
0.041280057
0.041639034
0.042130563
0.039988786
0.040779505
0.04197286
0.04179757
0.04206759
0.042896695
0.042089477
0.041770972
0.042218734
0.040541675
0.040936667
0.040293872
0.04163033
0.04012153
0.040125173
0.040034745
0.040990867
0.04053732
0.041877624
0.042069305
0.041274946
0.042646788
0.045142077
0.04522286
0.044929944
0.045128006
0.046881076
0.043940976
0.044495806
0.046647772
0.047485456
0.047737163
0.050907157
0.049465675
0.050263926
0.051431622
0.048280157
0.04567612
0.04718546
0.044481844
0.044040702
0.04266986
0.042976037
0.04272391
0.043958545
0.041482817
0.042251147
0.041414198
0.041764155
0.04244563
0.04587118
0.04806501
0.050585467
0.049837947
0.048221603
0.046677005
0.04601808
0.04350952
0.045261215
0.045241464
0.04508138
0.04684045
0.049393926
0.04997642
0.052687086
0.053073086
0.053889535
0.054178763
0.052858833
0.05254775
0.05334611
0.04996814
0.05089434
0.051819775
0.05055054
0.049534436
0.05317575
0.04903251
0.047248095
0.04731071
0.047509804
0.04645723
0.04881862
0.050859246
0.051997054
0.052065857
0.05125129
0.051331636
0.0502626
0.050025214
0.048455834
0.05140781
0.05184872
0.051373996
0.051532753
0.05215704
0.04908814
0.048026882
0.04751559
0.04825522
0.04973604
0.04892478
0.04798398
0.04653471
0.044427175
0.04533614
0.0436299
0.043027278
0.044533767
0.04386069
0.043607797
0.041852076
0.043019533
0.04465305
0.047359936
0.0502202
0.050935954
0.0508805
0.048865777
0.04517584
0.043848973
0.044793118
0.043856427
0.046175983
0.04748202
0.049490154
0.04909427
0.045691963
0.04582517
0.044528615
0.04444325
0.046404246
0.047125615
0.04882763
0.04872032
0.048121754
0.048563164
0.051063757
0.05082131
0.050058424
0.052326392
0.054003477
0.053263254
0.052594636
0.05147384
0.054208566
0.050554592
0.05213404
0.052946772
0.05575323
0.05335945
0.05393997
0.051743872
0.0508771
0.048048805
0.049142372
0.050987713
0.049336176
0.0503199
0.053013127
0.054441288
0.052054666
0.05736427
0.056874484
0.05723635
0.05392493
0.05574572
0.053156722
0.055416796
0.053322
0.05381176
0.05516976
0.057203326
0.05601379
0.057665445
0.05777736
0.056363825
0.053310134
0.052535094
0.05243998
0.054381836
0.056071714
0.055426393
0.056273993
0.054442443
0.051601365
0.050814763
0.04810193
0.049765494
0.050307512
0.053079866
0.057110015
0.05810439
0.060601275
0.060501877
0.060375772
0.059716675
0.06077219
0.06198946
0.06207436
0.064194895
0.06346998
0.06138605
0.061202604
0.05995859
0.058436267
0.05972377
0.060154717
0.058053385
0.05896326
0.058080737
0.055398658
0.055744737
0.05648539
0.05608863
0.055753965
0.059121866
0.059702083
0.060492635
0.0616143
0.05975969
0.05745717
0.059229262
0.060580842
0.05897824
0.061015937
0.060983874
0.058453176
0.058576625
0.061191753
0.061615236
0.06265081
0.06324575
0.061963122
0.0611514
0.059314072
0.05868814
0.05908754
0.058749918
0.05889223
0.05988617
0.058867358
0.059599154
0.0590004
0.05747219
0.05646042
0.058447782
0.05713786
0.057338372
0.05413465
0.05325946
0.052151542
0.049841426
0.048478924
0.04818079
0.051082335
0.05100287
0.050275646
0.051031474
0.051239215
0.052397806
0.05199142
0.055775784
0.058757607
0.057568662
0.058149286
0.056767583
0.052699164
0.052147146
0.046843883
0.04783015
0.046874993
0.04589877
0.046125896
0.04663656
0.049064964
0.049885742
0.049881432
0.049066447
0.050497614
0.051775318
0.051976785
0.04941849
0.046648324
0.045214698
0.04557159
0.0457148
0.04459499
0.04478668
0.046225905
0.04781919
0.04927094
0.04852938
0.047126256
0.049113348
0.04778552
0.046866782
0.047437273
0.046788663
0.047402363
0.047850966
0.049467664
0.050683692
0.050315913
0.051600624
0.050665177
0.05082122
0.054212544
0.051470812
0.05145732
0.05177835
0.049138498
0.04971182
0.048606288
0.04350892
0.044477433
0.044936784
0.04365898
0.042578563
0.04456971
0.04583685
0.046495683
0.045256928
0.04495337
0.044105023
0.046297118
0.047524184
0.04456326
0.047345642
0.047248684
0.047069527
0.04608858
0.04530551
0.04729591
0.04831254
0.0483145
0.051051296
0.05063993
0.05182188
0.05182331
0.051219612
0.05147244
0.049434908
0.04681184
0.048173707
0.047006708
0.045806237
0.04511884
0.04475231
0.045140944
0.04662609
0.046123523
0.046901055
0.04830411
0.052372027
0.051827025
0.052026205
0.050700754
0.05374928
0.05346381
0.051850848
0.05138201
0.05066235
0.04997062
0.052342582
0.050401136
0.050119307
0.04951363
0.0483506
0.04863581
0.049162894
0.047572013
0.04643075
0.04483153
0.044771668
0.044975836
0.046714794
0.04699155
0.0486693
0.048417762
0.047376566
0.050079256
0.050044928
0.049598105
0.048004083
0.045901176
0.045709535
0.047070295
0.047428355
0.04641038
0.048281636
0.050877996
0.05204464
0.051179197
0.052385565
0.05036676
0.050467826
0.05264568
0.050258193
0.050645314
0.051297404
0.0498245
0.049936377
0.05143906
0.05067708
0.05136477
0.05183143
0.052526925
0.055006962
0.053841367
0.054049276
0.053167373
0.051706046
0.0516091
0.052504577
0.05189025
0.053288914
0.051960565
0.053032305
0.053320605
0.053813558
0.055191353
0.05314789
0.051553074
0.04902914
0.049858388
0.049130958
0.048966642
0.049694665
0.047882456
0.048069984
0.048799276
0.048739538
0.05188127
0.051726438
0.054102086
0.052320924
0.0520177
0.053531617
0.054534335
0.0525763
0.051360596
0.050750565
0.05054478
0.052687783
0.052563474
0.053022813
0.051748518
0.05265248
0.053893503
0.055520393
0.055601582
0.056437336
0.056823686
0.057226487
0.057072304
0.058401458
0.058042593
0.05779965
0.056533996
0.05557374
0.053942073
0.054143433
0.05410346
0.052870426
0.05087235
0.049438465
0.04983168
0.05018615
0.049370095
0.04973498
0.04634221
0.04707767
0.046679266
0.048831526
0.049205907
0.04891636
0.048590872
0.04658589
0.0437054
0.043769747
0.043827992
0.042692874
0.041442085
0.039807208
0.039110325
0.03809754
0.039349977
0.04024883
0.04086726
0.04241849
0.041080143
0.042165186
0.042652685
0.043807108
0.043843504
0.044338077
0.045124564
0.042939544
0.04399737
0.0429053
0.044567157
0.045556024
0.04475603
0.044967912
0.045441177
0.045966934
0.045737218
0.04493196
0.044381212
0.042639952
0.044007644
0.042618893
0.04261961
0.0427495
0.041835483
0.040780596
0.039503854
0.039199367
0.039266467
0.039100077
0.039307132
0.03956771
0.03890178
0.037653152
0.037094004
0.036453974
0.03675626
0.037778538
0.03802132
0.038328625
0.037928037
0.037385266
0.038058795
0.037809398
0.03838874
0.039114475
0.039801434
0.039530553
0.041182242
0.041868664
0.041449215
0.041455563
0.04282456
0.04430336
0.045386147
0.04600168
0.044998292
0.046611596
0.04606124
0.047254182
0.045223348
0.044665456
0.044453714
0.045187637
0.044445325
0.04212406
0.0408748
0.041418664
0.042839758
0.041338336
0.04295291
0.042471986
0.043337066
0.043134578
0.04406081
0.044377748
0.043916963
0.046266764
0.047376595
0.04824092
0.047655556
0.04726106
0.046545476
0.045442883
0.04490205
0.04482351
0.046474997
0.048647016
0.049216434
0.05072223
0.04934752
0.050273485
0.050978575
0.051965635
0.05264074
0.05246388
0.053057972
0.054281708
0.05271125
0.05047906
0.05027523
0.051137213
0.050558794
0.051988658
0.053193014
0.05236665
0.05312066
0.052584
0.0503066
0.05006886
0.050593857
0.050119553
0.04998259
0.049413618
0.048458725
0.047238998
0.04597766
0.048224453
0.04896098
0.049859587
0.05285909
0.053570196
0.054608777
0.05713735
0.056399852
0.056248747
0.056978554
0.057234284
0.058004502
0.055775423
0.05478415
0.0566164
0.05544857
0.05620236
0.05426161
0.052193962
0.053987823
0.05528361
0.056826692
0.055998247
0.056676056
0.058257736
0.05661322
0.05532128
0.05652067
0.054791983
0.05691366
0.05841661
0.058904976
0.0581657
0.05860686
0.058209654
0.05967991
0.06100925
0.06305659
0.06452706
0.063698515
0.06645215
0.06648498
0.06546315
0.06771387
0.06817148
0.07052036
0.07133969
0.071060516
0.069788285
0.06910028
0.070105106
0.066890344
0.066760726
0.06519953
0.0632148
0.06372874
0.062405057
0.06257793
0.06227296
0.058613297
0.05801124
0.056662694
0.055306923
0.05571682
0.055917833
0.056485325
0.05569106
0.056008775
0.054049272
0.05541297
0.054495674
0.054455742
0.055926345
0.056337796
0.05693957
0.057772435
0.058387127
0.057890713
0.057957172
0.05734149
0.055408552
0.055781383
0.05807585
0.058700066
0.059034467
0.058098905
0.05783558
0.058683887
0.058150835
0.057827964
0.057376422
0.05833715
0.05975029
0.06106239
0.061712436
0.05988984
0.058070336
0.05629702
0.05702489
0.05704214
0.057851966
0.058227193
0.058971237
0.05924178
0.058957882
0.057720117
0.05715424
0.05867716
0.058323126
0.058497004
0.05746783
0.057629846
0.058726463
0.057311207
0.057310507
0.057527192
0.05713101
0.055634517
0.05560647
0.05659315
0.05525684
0.05379098
0.054097712
0.05420954
0.05417148
0.053870603
0.054502487
0.054578837
0.055747658
0.055544693
0.053870935
0.053043053
0.051885102
0.051293064
0.051010936
0.050054327
0.050988838
0.05201745
0.050663605
0.050807446
0.048913173
0.04737067
0.047279287
0.046727844
0.045530673
0.044617813
0.043013033
0.042008605
0.04298981
0.042660356
0.041700684
0.042518634
0.04302658
0.042311832
0.043774657
0.042810548
0.04182042
0.041371603
0.04113689
0.041299373
0.041444674
0.041653316
0.041950874
0.04289627
0.043700013
0.043306988
0.044244234
0.04619111
0.045734454
0.04504344
0.0448373
0.04637673
0.046131417
0.045924854
0.046388485
0.045175675
0.046055824
0.047346592
0.04691784
0.047814373
0.049384907
0.04952696
0.048714396
0.04812289
0.046480495
0.045198217
0.045709908
0.045829263
0.045529775
0.04415796
0.04345588
0.042066544
0.041944526
0.041851718
0.04037093
0.03916908
0.03884169
0.038468815
0.03836074
0.038039397
0.037152473
0.036438487
0.036855344
0.037026655
0.03575791
0.03615214
0.036275174
0.03621781
0.037207898
0.037983466
0.037843965
0.03694946
0.03779705
0.038309183
0.03854557
0.03820981
0.039684832
0.039928697
0.039829873
0.039667584
0.04052808
0.040621053
0.040571846
0.039784536
0.04031527
0.040500462
0.04106555
0.040044416
0.040009234
0.039764546
0.040912367
0.040644348
0.040553294
0.04012628
0.03978681
0.038703587
0.038434234
0.037933074
0.03807762
0.038336005
0.03797978
0.037427705
0.037611645
0.03744154
0.036763553
0.036481515
0.03661827
0.037224587
0.036668517
0.035953846
0.03519043
0.035297196
0.034643106
0.034364656
0.03428438
0.03433862
0.034143884
0.03489455
0.03526135
0.034540996
0.034842502
0.034313384
0.0340829
0.03430676
0.034374647
0.03507281
0.034789395
0.035889346
0.036031116
0.035522237
0.03593275
0.03556667
0.03650855
0.03658654
0.037403964
0.038606435
0.03780081
0.03729714
0.03688723
0.0371032
0.037225984
0.03853226
0.039065722
0.039878003
0.04017032
0.039801504
0.03935703
0.038677372
0.038715456
0.040033698
0.03893913
0.038368445
0.038554005
0.037743796
0.038037747
0.038522493
0.038712207
0.0382265
0.038261674
0.03825219
0.038822573
0.038025465
0.038511943
0.038420994
0.038816024
0.038951594
0.039343532
0.039901707
0.03999535
0.04025198
0.04083155
0.040211156
0.039867356
0.039205458
0.03904056
0.039386343
0.040202763
0.04083423
0.04008654
0.040003296
0.04032303
0.04074764
0.04042491
0.039876536
0.040293057
0.04084886
0.04082356
0.04156524
0.04130448
0.041236997
0.04131282
0.04143922
0.040226936
0.039197974
0.03950442
0.03871825
0.038093567
0.038061664
0.038120605
0.03772646
0.03790437
0.038437765
0.03811266
0.037917294
0.03771016
0.03719749
0.036680132
0.03688517
0.03746894
0.037072837
0.03768842
0.037651345
0.037888356
0.038293947
0.03875847
0.03841923
0.03850374
0.038639672
0.038903415
0.039206594
0.039749872
0.04012539
0.040717375
0.040153146
0.040511962
0.03991117
0.04012904
0.04007829
0.040470775
0.041013572
0.042328313
0.04309646
0.043046795
0.04336486
0.043722626
0.044481482
0.04520671
0.045457143
0.045822036
0.04628164
0.046009373
0.04542337
0.044687804
0.04316859
0.042876795
0.042159915
0.041720137
0.041331
0.041570995
0.040482316
0.039770138
0.03894882
0.038907077
0.0390459
0.038149755
0.037970826
0.037859898
0.03700626
0.03672389
0.03604547
0.036109637
0.03582549
0.035030033
0.034921084
0.034263805
0.03431329
0.03382275
0.033443067
0.033387154
0.033287115
0.033222277
0.0328815
0.03241714
0.03237626
0.03179224
0.031797484
0.03159296
0.031531177
0.03127671
0.03096978
0.03040792
0.030040734
0.029775161
0.02949301
0.029073235
0.028694343
0.02825178
0.02775188
0.027428225
0.026922029
0.02670413
0.026318213
0.02586445
0.025522811
0.025110453
0.024717573
0.024342969
0.023985542
0.023644285
0.023318266
0.02300663
0.022708584
0.0224234
0.022150401
0.021888962
0.0216385
0.021398474
0.021168383
0.020947758
0.020736165
0.020533195
0.02033847
0.020151634
0.019972354
0.01980032
0.019635241
0.019476846
0.019324875
0.019179087
0.01903926
0.018905181
0.01877665
0.01865348
0.018535495
0.018422527
0.018314423
0.018211035
0.018112225
0.018017864
0.01792783
0.017842006
0.017760288
0.017682571
0.017608762
0.017538771
0.017472515
0.017409915
0.017350897
0.017295396
0.017243346
0.017194688
0.017149368
0.017107336
0.017068544
0.01703295
0.017000515
0.016971203
0.016944984
0.01692183
0.016901713
0.016884616
0.016870517
0.016859403
0.016851263
0.016846087
0.016843868
0.016843868
0.016843868
0.016843868
0.016843868
0.016843868
0.016843868
0.016843868
0.016843868
0.016843868
0.016843868
0.016843868
0.016843868
0.016843868
0.016843868
0.016843868
0.016843868
0.016843868
0.016843868
0.016843868
0.016843868
0.016843868
0.016843868
0.016843868
0.016843868
0.016843868
0.016843868
0.016843868
0.016843868
0.016843868
0.016843868
0.016843868
0.016843868
0.016843868
0.016843868
0.016843868
0.016843868
0.016843868
0.016843868
0.016843868
0.016843868
0.016843868
0.016843868
0.016843868
0.016843868
0.016843868
0.016843868
0.016843868
0.016843868
0.016843868
0.016843868
0.016843868
0.016843868
0.016843868
0.016843868
0.016843868
0.016843868
0.016843868
0.016843868
0.016843868
0.016843868
0.016843868
0.016843868
0.016843868
0.016843868
0.016843868
0.016843868
0.016843868
0.016843868
0.016843868
0.016843868
0.016843868
0.016843868
0.016843868
0.016843868
0.016843868
0.016843868
0.016843868
0.016843868
0.016843868
0.016843868
0.016843868
0.016843868
0.016843868
0.016843868
0.016843868
0.016843868
0.016843868
0.016843868
0.016843868
0.016843868
0.016843868
0.016843868
0.016843868
0.016843868
0.016843868
0.016843868
0.016843868
0.016843868
0.016843868
0.016843868
0.016843868
0.016843868
0.016843868
0.016843868
0.016843868
0.016843868
