1345.9641
455.16217
210.27599
149.1513
117.522125
97.51173
83.40603
72.59793
64.245575
57.512928
51.98262
47.32047
43.489876
40.00834
37.02736
34.523174
32.25413
30.078459
28.239912
26.575583
25.150402
23.715391
22.499369
21.334929
20.258419
19.329113
18.555267
17.621641
17.060188
16.422117
15.57979
15.009777
14.467036
13.780711
13.286937
12.778339
12.317161
11.903241
11.645809
11.171815
10.71481
10.457054
10.068513
9.79633
9.481577
9.212632
9.052976
8.761477
8.43999
8.182967
7.9746494
7.7684784
7.565876
7.471072
7.290221
6.9824443
6.7885303
6.6572413
6.512948
6.371117
6.215247
6.1718464
5.9729505
5.79198
5.669393
5.540883
5.43301
5.3750477
5.240527
5.129491
4.996106
4.94638
4.8352365
4.705141
4.611265
4.5427694
4.4633155
4.4052525
4.3013873
4.216171
4.1592994
4.0650835
3.9759042
3.9169123
3.8635504
3.8077674
3.744989
3.6983705
3.6254926
3.6313689
3.533742
3.4505959
3.4027288
3.368119
3.3301036
3.2638838
3.2031872
3.1776326
3.132064
3.0861163
3.0364294
3.0101678
2.9600415
2.9302614
2.8969193
2.8918235
2.837398
2.7806275
2.7483127
2.7087896
2.6909192
2.6550496
2.6525123
2.5817456
2.5731237
2.5489159
2.5058808
2.457417
2.4538968
2.4159122
2.3719146
2.3768885
2.3159277
2.3147843
2.3393078
2.257355
2.230012
2.2268305
2.204769
2.172522
2.1455517
2.1486752
2.1121714
2.0978599
2.0818975
2.0591295
2.04646
2.0265489
2.018655
1.9993479
1.968435
1.9363642
1.9264209
1.919064
1.8991191
1.8742037
1.8636559
1.8454947
1.8338597
1.8222734
1.8095645
1.7848952
1.7797816
1.7601918
1.747827
1.7402261
1.724665
1.7052248
1.6972859
1.6883335
1.6677141
1.6683631
1.6377738
1.629748
1.6549208
1.619018
1.6155576
1.600448
1.6030698
1.5823975
1.5617565
1.5482415
1.5335906
1.540893
1.5357561
1.520364
1.5289779
1.4991733
1.5395832
1.5225359
1.471728
1.4658675
1.4636166
1.4492358
1.4529676
1.4299579
1.4123995
1.4132472
1.4081789
1.3954679
1.3852172
1.375782
1.3607862
1.3498633
1.3395759
1.3426046
1.3279
1.3198533
1.3110836
1.3065494
1.2989917
1.2896214
1.2788545
1.2803926
1.2680504
1.2662711
1.2569654
1.2451444
1.2424601
1.2446475
1.2278606
1.2219589
1.2150431
1.2165785
1.2113734
1.2003918
1.1928804
1.1942751
1.191358
1.1879749
1.1727281
1.170881
1.1722195
1.1598634
1.1513497
1.1482198
1.146021
1.137488
1.1425054
1.1553111
1.1346034
1.1222526
1.1202512
1.1138957
1.1115175
1.1036572
1.1096088
1.0972012
1.0973939
1.090547
1.0873452
1.0883858
1.0840561
1.0813855
1.0785851
1.066223
1.0703605
1.0711479
1.0698897
1.0480198
1.0523586
1.0508139
1.0418882
1.0397468
1.0371851
1.0323858
1.031623
1.0324093
1.0251596
1.0216392
1.0250009
1.0180746
1.0101321
1.0133113
1.0093423
1.0221932
1.004047
1.0009481
0.99416804
0.9988981
0.99388885
0.99493265
0.99911195
0.98451996
0.9869892
0.98134816
0.98818713
0.9795448
0.98514205
0.98373514
0.9935346
0.9696264
0.97317374
0.980329
0.9715884
0.9783659
0.97146136
0.9750756
0.96914315
0.9681438
0.96016943
0.96424556
0.9569672
0.95313376
0.95725423
0.9469194
0.94866574
0.9495629
0.94933236
0.93830615
0.9492549
0.9324937
0.9371225
0.9312746
0.9378807
0.9291243
0.9203313
0.91916513
0.9164762
0.9147759
0.9234265
0.91071993
0.9078987
0.90756035
0.9078937
0.9084528
0.91000146
0.90422827
0.906085
0.91082853
0.89827764
0.8988947
0.90055823
0.90195614
0.89680356
0.88855153
0.8943723
0.89741313
0.8894273
0.8948215
0.8910638
0.8872782
0.88412136
0.8753083
0.87300926
0.8731212
0.8725955
0.8699902
0.87534595
0.8744042
0.86679804
0.8642998
0.8717377
0.86876374
0.86469644
0.873255
0.8654371
0.86306065
0.8613395
0.8585928
0.8561138
0.85666025
0.8492637
0.8563114
0.8506576
0.85463166
0.8482245
0.8504454
0.8385902
0.83819234
0.8463527
0.83742684
0.83320475
0.8392788
0.8354073
0.8345503
0.82865775
0.8345237
0.83586586
0.8266594
0.8296756
0.8254039
0.8238019
0.81897175
0.8137077
0.8193073
0.81782603
0.8227189
0.8142643
0.815201
0.817397
0.81623274
0.8096383
0.81177247
0.81870544
0.81096184
0.8147106
0.81469905
0.811723
0.81292886
0.80532324
0.8029338
0.80872285
0.80180967
0.80074096
0.803696
0.79535574
0.8032198
0.7890774
0.79439145
0.79070574
0.79324013
0.7941772
0.78815335
0.78355503
0.78879684
0.7839986
0.785429
0.7807535
0.78433126
0.7856724
0.77558696
0.77378106
0.7782692
0.76747155
0.7744201
0.77796483
0.77153987
0.7744182
0.7673221
0.765709
0.7646829
0.76263016
0.76369745
0.7565503
0.7586215
0.7624204
0.76636934
0.7553155
0.75800174
0.75199026
0.7540022
0.75547755
0.74720305
0.7436348
0.74614125
0.7452288
0.73980874
0.74584347
0.74161357
0.7473979
0.7412482
0.7433072
0.7424524
0.7402435
0.7378002
0.73472905
0.7339618
0.73713046
0.7377444
0.7267763
0.7326469
0.73235023
0.72883326
0.72108907
0.72969735
0.72713447
0.72685754
0.7234567
0.72217166
0.72650117
0.7232524
0.7149116
0.72392714
0.71879095
0.71541417
0.71780974
0.7129088
0.71676755
0.71657217
0.71228987
0.7188895
0.7135387
0.70667857
0.71013534
0.7090198
0.7076218
0.70827925
0.7021949
0.70421237
0.7085568
0.71154886
0.715222
0.7216735
0.70989424
0.7044811
0.7076114
0.70795673
0.7066396
0.7070151
0.7136668
0.70209175
0.7003061
0.7003301
0.70489895
0.70666367
0.6971026
0.7052142
0.7039268
0.7032086
0.6975948
0.69968003
0.70447946
0.70115715
0.7065925
0.7052644
0.7049852
0.6946107
0.699635
0.69771236
0.6920957
0.6952968
0.69629836
0.7277326
0.70009214
0.7020848
0.6970493
0.6967229
0.7006745
0.6999085
0.6992367
0.69596535
0.6965064
0.69856167
0.6946545
0.6882621
0.7089514
0.69181585
0.6909947
0.6850158
0.6927832
0.68620056
0.6936146
0.6812063
0.68949777
0.6884584
0.6906129
0.6848299
0.6841412
0.68526
0.6879434
0.6823007
0.6840451
0.6802083
0.6843049
0.68027604
0.6865779
0.688053
0.6877265
0.68008876
0.6789165
0.6882555
0.67717403
0.6795469
0.6818758
0.68519664
0.6827229
0.6881358
0.68381375
0.6813587
0.6847265
0.6867661
0.68555146
0.6808794
0.6813498
0.68465686
0.68687147
0.68722916
0.6870602
0.6894362
0.68307424
0.68191415
0.681053
0.6874672
0.6834195
0.68439114
0.68617284
0.68412906
0.6887394
0.6817832
0.68467575
0.6863424
0.6801315
0.67683274
0.6820329
0.6860631
0.68068725
0.6863275
0.67704004
0.6803771
0.67205566
0.6791703
0.6752381
0.6784994
0.6750271
0.67746663
0.678998
0.67944807
0.6710335
0.6717905
0.6755481
0.6751234
0.67947537
0.67547876
0.67579436
0.67857087
0.6698357
0.67150927
0.6748435
0.67210037
0.67498225
0.6717361
0.6662227
0.6696186
0.66678864
0.6719127
0.6597238
0.6657387
0.67007
0.6660477
0.66960657
0.6607981
0.6631656
0.6767063
0.6642128
0.66175616
0.670333
0.6715478
0.6579827
0.65998834
0.6585342
0.6649343
0.661493
0.6604662
0.65893054
0.6567869
0.66065747
0.65590894
0.6548568
0.6622672
0.6584228
0.6511234
0.65302545
0.6507974
0.64733607
0.65319014
0.64929706
0.6474864
0.6493687
0.65275675
0.65045136
0.65306664
0.65628105
0.64684993
0.6510239
0.6544855
0.6472396
0.6517818
0.64708275
0.6463232
0.6478604
0.6497993
0.6496414
0.6470679
0.6457778
0.64917934
0.6517884
0.6527508
0.6462811
0.6477428
0.6480608
0.64892006
0.64848816
0.6521053
0.6426932
0.65510505
0.64673406
0.6489882
0.64651024
0.6477309
0.64579225
0.645703
0.6443995
0.64234626
0.65267795
0.64369243
0.6451262
0.6490259
0.64403915
0.6470041
0.6438748
0.6474029
0.64860773
0.6387813
0.63769174
0.64529085
0.6429959
0.64112926
0.6413673
0.64283425
0.64376473
0.64843106
0.64375836
0.64024514
0.639564
0.63690096
0.6389671
0.6459494
0.6478394
0.64445424
0.6422616
0.64886546
0.6472202
0.64290434
0.63780344
0.6349526
0.63892543
0.6421805
0.63592166
0.6393149
0.6394079
0.64434046
0.62757295
0.63827205
0.62933457
0.6386327
0.6333017
0.63535535
0.63395
0.6345279
0.6354183
0.6279799
0.629042
0.63340217
0.6373158
0.62805915
0.6316353
0.6324679
0.6310076
0.6279095
0.626624
0.6255412
0.62807333
0.6256885
0.62787604
0.62394756
0.6322237
0.6252284
0.62590563
0.6241424
0.6243084
0.62255454
0.6235997
0.6192605
0.6218522
0.61976445
0.6136151
0.61539125
0.6205954
0.6198165
0.6156442
0.615438
0.62024873
0.6205192
0.6211053
0.6169977
0.6099197
0.61590976
0.61551654
0.6136372
0.61120373
0.61557037
0.61163485
0.61166424
0.61143285
0.6142608
0.6045759
0.6111128
0.61342055
0.60790896
0.60103554
0.6106505
0.6124059
0.6085837
0.60635304
0.61053586
0.6098334
0.6090275
0.61565036
0.61279523
0.6064985
0.6154152
0.6122945
0.6109475
0.60758066
0.6044604
0.60781187
0.6072863
0.60776466
0.61018145
0.6044385
0.60341465
0.6081797
0.6061422
0.60398287
0.6070063
0.60898685
0.60584176
0.6077057
0.6063384
0.61099637
0.60841167
0.6058197
0.60468453
0.6033636
0.6096068
0.6061495
0.60296506
0.60405236
0.6040681
0.60664594
0.611419
0.6050096
0.61131924
0.6046405
0.60602295
0.6105477
0.60404205
0.607668
0.6026968
0.5983996
0.6047069
0.6023486
0.59989524
0.60241884
0.6022119
0.59717
0.6006772
0.60445404
0.6009437
0.6027286
0.599436
0.59800357
0.59620756
0.5964654
0.59476674
0.6024126
0.59971535
0.59169394
0.5934286
0.5896161
0.59234905
0.5900134
0.592403
0.59231675
0.58919656
0.59020275
0.59090596
0.5903889
0.5912506
0.58589256
0.58595777
0.5887358
0.58779603
0.5885014
0.58322144
0.58727354
0.5893931
0.5793903
0.58702564
0.5874837
0.58930624
0.5856555
0.57804006
0.577727
0.58241385
0.57960707
0.5773736
0.57947063
0.5842932
0.57588303
0.5734677
0.57382214
0.5804258
0.5766701
0.5821992
0.5700675
0.5731676
0.5739106
0.5759599
0.57299507
0.5671956
0.5715125
0.57277364
0.5743372
0.5684967
0.568801
0.5648442
0.5674511
0.5675205
0.5729769
0.5695079
0.5720118
0.56441694
0.561748
0.5707998
0.5615174
0.56736857
0.5703475
0.5731251
0.56523067
0.56603044
0.56576097
0.5659486
0.56679654
0.5677009
0.559315
0.55936885
0.5640374
0.56196725
0.5662305
0.56229484
0.5610735
0.56338716
0.56390697
0.56213313
0.55880195
0.56703156
0.56608695
0.56077254
0.56139165
0.5592846
0.564355
0.556288
0.56184906
0.5609136
0.55380976
0.5601921
0.5608793
0.55608493
0.5639687
0.56118935
0.55396616
0.55578125
0.5534269
0.5595315
0.5566449
0.5600273
0.560197
0.550643
0.55618846
0.55290306
0.549416
0.5512215
0.553593
0.55588347
0.55192876
0.5577186
0.55563
0.5520857
0.5463531
0.55224586
0.5412333
0.54996854
0.5444215
0.54218084
0.54227495
0.54979485
0.5462753
0.543427
0.54112387
0.5447526
0.54717
0.54607046
0.5468196
0.5447735
0.5437216
0.5508547
0.5412424
0.5537924
0.549331
0.54244566
0.542936
0.5469163
0.5474471
0.54865533
0.5535016
0.5468884
0.5456713
0.54098654
0.5479173
0.5492049
0.54811645
0.540922
0.5459917
0.54933167
0.54524314
0.5512923
0.5482145
0.5396064
0.543072
0.54596865
0.5429429
0.54211897
0.5450333
0.54431814
0.5439467
0.5443088
0.5437806
0.549357
0.5459587
0.5506804
0.5405749
0.5458011
0.5423506
0.5479846
0.54338324
0.5459233
0.54740304
0.5466968
0.5440708
0.5447759
0.5474675
0.5463069
0.5405846
0.5433678
0.53560805
0.5429266
0.5493502
0.5403381
0.5432968
0.5442997
0.54338014
0.5427196
0.5411904
0.5458513
0.54298294
0.54274726
0.54620785
0.5437517
0.54703635
0.5443934
0.5435887
0.54476863
0.5403719
0.5318881
0.5450151
0.5309911
0.54039675
0.53906333
0.53853655
0.538735
0.5429519
0.54453176
0.5338391
0.5378979
0.5358413
0.5320574
0.536169
0.5347451
0.53390706
0.5359708
0.5369937
0.5336197
0.5343035
0.5322355
0.532113
0.5363176
0.5356474
0.53251654
0.53237635
0.5319682
0.5290444
0.5307019
0.5318954
0.52116174
0.52334374
0.53552765
0.52289104
0.52311105
0.5253696
0.5222278
0.52139765
0.52814144
0.5212305
0.52839625
0.5231877
0.52208483
0.52110547
0.52587545
0.5209751
0.5234691
0.5212617
0.52736986
0.5203239
0.526159
0.5257312
0.5266438
0.52320254
0.5242458
0.52233267
0.5216258
0.5216261
0.5223563
0.5297258
0.52413094
0.519239
0.52561015
0.5241325
0.5251323
0.52154046
0.52187335
0.5217168
0.52089477
0.52179784
0.52336556
0.5261437
0.5212002
0.51962274
0.523232
0.5206495
0.5190909
0.5224564
0.5191508
0.51668334
0.51695675
0.52400964
0.5199487
0.52119833
0.5200462
0.5135886
0.5195752
0.5200313
0.52083796
0.5122941
0.51378745
0.5164473
0.5209985
0.5239323
0.5268963
0.52070343
0.5185762
0.51004875
0.5152445
0.5227665
0.5140001
0.5164041
0.51253957
0.5219766
0.5154226
0.51924884
0.5168244
0.51659966
0.5194666
0.5216952
0.5178109
0.51739883
0.52460307
0.5201665
0.5188815
0.5200541
0.517047
0.5214417
0.52403826
0.518606
0.5195883
0.5170654
0.51458675
0.51657087
0.5176865
0.51919794
0.51250744
0.5172771
0.51251274
0.5156175
0.51965576
0.51129115
0.5075073
0.50637037
0.51153237
0.5137543
0.50978905
0.5057012
0.5023368
0.505299
0.50641483
0.5093215
0.50392824
0.5002157
0.5026193
0.5085818
0.502373
0.50213945
0.5051045
0.5027176
0.50277126
0.49944174
0.5053853
0.49945527
0.5009615
0.50051606
0.50080687
0.5006573
0.49900237
0.4923103
0.49710402
0.50056726
0.49684402
0.49487454
0.49845266
0.49808258
0.4915738
0.49253765
0.492789
0.49217883
0.49718344
0.5031781
0.49412274
0.49174732
0.49222156
0.49202204
0.4897102
0.4911594
0.4912031
0.4843816
0.48371607
0.48495957
0.48764816
0.48875254
0.48448893
0.4853536
0.48139456
0.48046803
0.4803778
0.4813118
0.48058394
0.47922644
0.47881806
0.4837644
0.4795904
0.48185605
0.4819134
0.4779334
0.47928366
0.4776236
0.47692686
0.47983196
0.47775453
0.47724718
0.48098034
0.4749427
0.4780325
0.47363764
0.47840214
0.48055828
0.47998002
0.4829538
0.4780659
0.4725893
0.4815624
0.47813565
0.47672945
0.48341492
0.47653472
0.4754084
0.47777456
0.47514126
0.47160307
0.47230205
0.48020193
0.48151135
0.4768577
0.4791496
0.48089883
0.47204366
0.47625372
0.47632506
0.47918308
0.48001522
0.47896963
0.4771017
0.4833807
0.47974586
0.47850883
0.4800852
0.47723535
0.47957307
0.47725615
0.47633705
0.4865638
0.48274267
0.4910087
0.48783937
0.47946563
0.4785037
0.47985914
0.48323402
0.47895867
0.47624236
0.48202652
0.4834783
0.47845528
0.47878698
0.47613707
0.48329803
0.48067752
0.48148167
0.4776119
0.48310596
0.4859708
0.48080176
0.4826575
0.47819832
0.4826166
0.4740943
0.47892064
0.47556502
0.48242217
0.47671407
0.47434857
0.47648737
0.4729236
0.47533172
0.4787963
0.4763973
0.4779961
0.47512382
0.4707315
0.47803286
0.47876695
0.47782195
0.47627503
0.47673595
0.47932664
0.47394896
0.47084203
0.47247306
0.47079092
0.47065887
0.47520378
0.47154623
0.4716012
0.47341448
0.46942902
0.4712798
0.47251517
0.46922123
0.46977255
0.4694894
0.47342756
0.47081703
0.46946418
0.47298563
0.46348748
0.46627808
0.46997365
0.46601415
0.46693346
0.47127792
0.46880376
0.47019792
0.46555412
0.47209632
0.4663014
0.467814
0.46881416
0.4669972
0.46930268
0.46477532
0.46824786
0.46627608
0.46398377
0.46404004
0.46933943
0.4662221
0.47202104
0.46374518
0.46673128
0.4677426
0.466136
0.4598794
0.46132717
0.4629752
0.46651837
0.4589813
0.46258035
0.4667701
0.46404657
0.467666
0.4650694
0.46955374
0.46332923
0.46004963
0.46347177
0.47280958
0.45809463
0.4648012
0.4616837
0.46613532
0.46195388
0.4614227
0.4616746
0.4668542
0.46734732
0.4613054
0.4532414
0.46675804
0.4648322
0.46708938
0.46911496
0.46234518
0.46624827
0.4657489
0.45894882
0.4668053
0.47030804
0.4629306
0.4637776
0.46177784
0.4652426
0.46600154
0.46542373
0.46947113
0.46282616
0.4637886
0.46572548
0.4654449
0.4611387
0.46496457
0.46124104
0.46873122
0.46324086
0.46144718
0.4597141
0.4636953
0.46629438
0.45607015
0.4608319
0.4638726
0.46693853
0.46349192
0.46688637
0.462769
0.46223187
0.46345785
0.4595608
0.4620412
0.46072012
0.4631774
0.46004152
0.4609671
0.45883757
0.45745075
0.45962492
0.45498398
0.4538207
0.45884135
0.46004936
0.45685843
0.45242384
0.45365113
0.45877728
0.45428258
0.46035546
0.45511568
0.45150402
0.45174238
0.4578799
0.4499592
0.45466506
0.45037976
0.44891304
0.46155018
0.45566794
0.4487727
0.45006457
0.4453267
0.44909534
0.44158414
0.4452172
0.4458618
0.44737104
0.44790173
0.44079697
0.4467
0.44369546
0.4412599
0.4403509
0.4430759
0.43902442
0.4395182
0.4401114
0.44183972
0.4361177
0.44011366
0.43951383
0.44111386
0.43682963
0.4394976
0.43674412
0.4384343
0.43597957
0.43771014
0.4356854
0.43318143
0.431456
0.43643722
0.43892935
0.43715745
0.43051347
0.43425664
0.43014792
0.4383886
0.43109584
0.43060392
0.4316159
0.43642145
0.4335262
0.42847362
0.43165103
0.42867666
0.4245405
0.42901775
0.424929
0.4265899
0.42805368
0.4282132
0.4278262
0.42857608
0.42692035
0.42889637
0.42723233
0.42813253
0.4231702
0.42182648
0.4250089
0.42479602
0.42501566
0.42851686
0.4277888
0.42831397
0.42729196
0.4267619
0.42295742
0.42826748
0.42535183
0.42285228
0.42704925
0.42124707
0.41673917
0.42216635
0.42124876
0.4239058
0.425149
0.42367452
0.4225251
0.4203571
0.4215214
0.42038947
0.41991004
0.41972908
0.42020005
0.41403767
0.42130095
0.41607156
0.42094615
0.41708237
0.4186765
0.41601938
0.4271212
0.42072153
0.4190116
0.41828188
0.41776273
0.41429642
0.41849667
0.418606
0.42642656
0.41699424
0.41844302
0.41945443
0.41949606
0.42125237
0.42200387
0.4176477
0.4237968
0.4178958
0.41901457
0.42128626
0.420611
0.4253039
0.42221767
0.42251125
0.42043513
0.4184277
0.41415402
0.42394713
0.4218637
0.4224904
0.42466158
0.4243283
0.42067543
0.41870365
0.42035612
0.42241558
0.4257574
0.42253637
0.42381454
0.42586777
0.42189732
0.42281026
0.4246004
0.4213563
0.42720628
0.4193733
0.4227807
0.4168153
0.4168967
0.42365396
0.413639
0.42585152
0.42448777
0.4202421
0.41750073
0.42464256
0.41988498
0.42024323
0.4186059
0.41924822
0.41653532
0.41773334
0.42105827
0.4156312
0.40735307
0.4144149
0.417925
0.4146919
0.41418713
0.40972337
0.41578123
0.41639507
0.41435492
0.41290787
0.4123473
0.41141862
0.41027358
0.41147843
0.41395804
0.41537306
0.41570598
0.41554758
0.40952653
0.4133526
0.41068047
0.41353503
0.41070706
0.41674486
0.41060612
0.40663114
0.40841076
0.4069761
0.40488258
0.40915343
0.4090271
0.40389344
0.40444228
0.40946436
0.40685755
0.39799896
0.404172
0.39882958
0.4023575
0.40066314
0.40814877
0.40446347
0.4079627
0.39787924
0.40390378
0.40616372
0.40453663
0.4040642
0.398045
0.4032953
0.40219557
0.39994863
0.40536654
0.3971175
0.4016709
0.39880618
0.40035012
0.40554857
0.39892137
0.40317148
0.39978018
0.40209848
0.40030634
0.40022123
0.40269428
0.4075063
0.4010021
0.40312457
0.39372846
0.39587054
0.39338493
0.40102097
0.39840838
0.39367786
0.40549195
0.39949623
0.39998624
0.3958594
0.3991341
0.39536572
0.40193805
0.39891845
0.39956063
0.39846587
0.40109202
0.39251828
0.395502
0.39199454
0.39529696
0.39207008
0.39662036
0.4008365
0.39828414
0.39732122
0.39815497
0.39386657
0.39962456
0.39555767
0.39260283
0.39068148
0.39967513
0.39690822
0.39067414
0.3943237
0.39463374
0.39360642
0.39480343
0.38800284
0.39785776
0.38862774
0.38612306
0.39756528
0.3964125
0.39684612
0.39634606
0.39039835
0.38787776
0.396183
0.3947462
0.3912704
0.38512844
0.3905004
0.3917649
0.389564
0.389735
0.38714054
0.38706154
0.3861398
0.39212197
0.38989
0.3815615
0.3913531
0.39025453
0.3867674
0.39152834
0.38949442
0.38509712
0.39198372
0.38580105
0.3887706
0.38939816
0.38991094
0.3893665
0.39138204
0.38917992
0.38450578
0.39067498
0.3911422
0.38913858
0.39225745
0.38844913
0.38860425
0.38860974
0.39118463
0.3926347
0.39208654
0.39344943
0.38619134
0.3911106
0.39443976
0.3923117
0.3885144
0.3870522
0.39233774
0.39074263
0.38918585
0.3849979
0.38652945
0.38009864
0.38487765
0.39257893
0.3854286
0.38463584
0.38094983
0.38365975
0.38373592
0.38720936
0.38223234
0.38676405
0.38415402
0.38442668
0.38358423
0.38899028
0.37772304
0.38363025
0.3772329
0.38411823
0.38215506
0.38078544
0.37566555
0.3842566
0.38031214
0.3823925
0.38405454
0.37741253
0.38030413
0.3812634
0.38394058
0.3818866
0.3874266
0.3799442
0.38082716
0.38124707
0.3856171
0.38204783
0.37962985
0.3776798
0.376423
0.3758263
0.38117775
0.38262007
0.38233152
0.37997666
0.37623575
0.37443995
0.38222614
0.37740898
0.38207194
0.3781798
0.37719133
0.37830347
0.37894493
0.3796732
0.3774514
0.37884778
0.3788601
0.3796404
0.37625355
0.38038135
0.37843904
0.3776606
0.3744865
0.37580967
0.37591285
0.37682882
0.37385315
0.37626964
0.37644345
0.37951437
0.37800008
0.37297958
0.37782416
0.3730299
0.37489474
0.37812227
0.37142348
0.37566763
0.3759157
0.37844214
0.37838426
0.37400037
0.3738898
0.37296554
0.3779978
0.37744275
0.37536666
0.3715285
0.373392
0.37387398
0.37634462
0.37833828
0.37290555
0.3779883
0.3735895
0.37802026
0.3722564
0.36884996
0.37381288
0.36860308
0.37551177
0.3679111
0.37039492
0.36792758
0.37425074
0.37252724
0.36591426
0.37068883
0.36710134
0.36970887
0.37282366
0.36779538
0.37262923
0.36579046
0.36728933
0.36880383
0.36792892
0.3712241
0.36827627
0.37686688
0.3715311
0.37181273
0.36879262
0.3664451
0.37012333
0.36980343
0.36612496
0.3735702
0.3728453
0.37116176
0.37040797
0.3757885
0.37146202
0.3734435
0.36439264
0.37041557
0.370986
0.36766097
0.36956894
0.36895907
0.3691865
0.37443092
0.37234583
0.37270042
0.37489995
0.37140882
0.36868662
0.36709887
0.36963415
0.36755285
0.37372077
0.375545
0.36864367
0.3642051
0.366113
0.36243796
0.36677557
0.3640619
0.36697114
0.36884457
0.36764273
0.3646053
0.36473048
0.36856624
0.36909294
0.37046728
0.36715567
0.36418957
0.36182395
0.36509266
0.36068955
0.36241233
0.3623093
0.36420077
0.3623041
0.36199978
0.36558616
0.36330795
0.36166796
0.3663835
0.36209863
0.36789593
0.3605927
0.3639598
0.36061525
0.3643616
0.36788842
0.36304802
0.35985303
0.36089224
0.36183608
0.3630435
0.3641084
0.36619943
0.35802963
0.36288682
0.35991067
0.35866454
0.3642056
0.36046612
0.35981596
0.35508412
0.36040553
0.35652843
0.35622433
0.35386276
0.3549119
0.35691312
0.3549929
0.35135952
0.3546473
0.3565701
0.3551447
0.35464248
0.351646
0.3562739
0.35325003
0.3467135
0.35538623
0.34869853
0.34749112
0.35328433
0.3553906
0.35889906
0.35456902
0.34852582
0.3530764
0.34968543
0.3554311
0.35422453
0.3504027
0.3555332
0.34674752
0.3514956
0.35385212
0.35485873
0.35569003
0.3508211
0.3593165
0.35317713
0.34811372
0.35173413
0.35296968
0.35154885
0.35155568
0.35242635
0.3500708
0.34952146
0.34892565
0.3513198
0.35429606
0.347657
0.3464044
0.34502745
0.35279202
0.34905916
0.34941724
0.34751254
0.34652546
0.3434113
0.35500714
0.348139
0.35363626
0.3481497
0.35158026
0.34668702
0.35218546
0.35684645
0.34597665
0.35350847
0.35232547
0.35097778
0.34754553
0.34989747
0.35177678
0.35261202
0.3507076
0.3537184
0.35340846
0.3535128
0.3501507
0.3503374
0.3474265
0.34963498
0.3473406
0.34691885
0.34586495
0.34920156
0.3473089
0.3477647
0.3486824
0.34109175
0.35075158
0.34569663
0.34162527
0.35007238
0.33892646
0.34588975
0.3454648
0.3446108
0.34784988
0.34365767
0.34296593
0.3467078
0.3442149
0.34405985
0.34399304
0.342769
0.34588718
0.34317684
0.3469637
0.3430616
0.339035
0.34260184
0.34452733
0.34668562
0.34140033
0.34761372
0.34140676
0.34391135
0.34304282
0.33907837
0.34516928
0.33997485
0.34183222
0.34371778
0.34274608
0.34047812
0.3434908
0.34264663
0.34153333
0.3432093
0.33894753
0.34262645
0.33897823
0.34292898
0.34216532
0.33908874
0.33824995
0.33875376
0.34216672
0.33693442
0.33880028
0.33775336
0.34082896
0.3348411
0.33858758
0.33927903
0.34005502
0.33255935
0.33973023
0.3359771
0.3349164
0.33620203
0.34018797
0.33518013
0.33413324
0.3337466
0.3307219
0.33351344
0.33832318
0.33856145
0.33681768
0.3322902
0.33571473
0.34476048
0.33553118
0.3351367
0.33892187
0.33595598
0.33705068
0.337467
0.33804145
0.33321232
0.33745223
0.33038828
0.33320254
0.3345708
0.33079824
0.33567277
0.32902667
0.32783642
0.32920966
0.33450395
0.32903036
0.33298442
0.32974437
0.3313576
0.3309815
0.32806477
0.3307262
0.3267362
0.32989004
0.3330571
0.33170408
0.3332939
0.3313029
0.33051124
0.32621583
0.33313695
0.325293
0.33075947
0.32696554
0.33403733
0.3317123
0.3248457
0.3319536
0.33084276
0.33003107
0.3359334
0.33711258
0.33455792
0.33606255
0.32949942
0.33145484
0.32913512
0.33209178
0.3320405
0.33364713
0.3337307
0.33326137
0.33089945
0.33439845
0.32692364
0.32862082
0.32775283
0.32681566
0.33003715
0.32977465
0.32699814
0.3280794
0.33172286
0.3254217
0.3331803
0.3282974
0.32834482
0.32972926
0.33149096
0.3266896
0.3326288
0.32744658
0.32452974
0.32505596
0.32399023
0.32720265
0.32851732
0.32498595
0.33087462
0.3247903
0.3231754
0.3185104
0.32336056
0.32078844
0.3191886
0.31764713
0.32371262
0.32177073
0.3219623
0.31976253
0.32133177
0.32094863
0.3150733
0.31675687
0.31408268
0.31594145
0.31959438
0.320164
0.31982192
0.31514272
0.31806603
0.31422913
0.3167307
0.31355518
0.31585112
0.3182825
0.31279403
0.3151883
0.30856332
0.31316206
0.31116447
0.3123624
0.3139064
0.32129607
0.31090266
0.31603047
0.31696546
0.31146306
0.31215414
0.31440467
0.3156055
0.30971122
0.3157585
0.31144118
0.31084666
0.3162919
0.31383184
0.3087353
0.31009334
0.30860224
0.31430182
0.3105829
0.31072524
0.316271
0.3105293
0.314331
0.30848104
0.31056935
0.30814517
0.30794612
0.31065613
0.31278598
0.3092376
0.3066451
0.30615312
0.3073052
0.3091949
0.30705038
0.30909678
0.31035691
0.30935875
0.30850643
0.31435046
0.308253
0.31325892
0.31301937
0.30704716
0.30756977
0.3069838
0.31397492
0.3095022
0.31034413
0.30912274
0.30635276
0.31007922
0.30940494
0.30688676
0.31282628
0.31148484
0.3118935
0.31370953
0.3097543
0.30748796
0.31093886
0.3040379
0.306785
0.30353698
0.30812046
0.308082
0.31043714
0.31160364
0.3131869
0.30473608
0.3049507
0.3082162
0.30948734
0.31005993
0.30793932
0.3095835
0.31357428
0.30555198
0.31144476
0.30653536
0.31350026
0.30799925
0.3100191
0.31155324
0.31035522
0.31321302
0.30982333
0.30574006
0.3176283
0.31390068
0.31083688
0.31595194
0.31459355
0.309486
0.30758667
0.31084073
0.31334648
0.30627966
0.3117755
0.31496343
0.3149832
0.31116286
0.30574822
0.31128743
0.30625477
0.3119223
0.3084389
0.31694022
0.31338838
0.30852056
0.31274968
0.31052965
0.31082997
0.30646086
0.31453776
0.30540127
0.30840465
0.30919778
0.31289262
0.31148908
0.308772
0.31079572
0.3123984
0.30944732
0.31217283
0.30884087
0.3092095
0.305144
0.3093822
0.3084151
0.3050468
0.30645946
0.3071576
0.31234998
0.30719304
0.30915746
0.30958223
0.30680028
0.3075036
0.3043725
0.30845016
0.30706635
0.30602127
0.30625895
0.30145246
0.30821377
0.30556685
0.30404618
0.30420935
0.30499464
0.3060862
0.30600902
0.3097768
0.30394977
0.3065525
0.30765244
0.3070403
0.3051424
0.30086973
0.30535153
0.30444175
0.30610362
0.304161
0.30315274
0.3089772
0.3112398
0.30863598
0.3079398
0.30499378
0.3028794
0.30231932
0.30870506
0.30306733
0.30503297
0.30668238
0.30488217
0.30701217
0.30874184
0.29926535
0.30465528
0.30601728
0.30638853
0.30708706
0.30561468
0.30493462
0.30706155
0.3021827
0.30401447
0.30114055
0.30493796
0.30466333
0.3070722
0.3048696
0.30073416
0.29847792
0.30226183
0.2998737
0.3016993
0.30169782
0.29975
0.29805174
0.30059797
0.29749247
0.29589725
0.29766226
0.2987328
0.29895598
0.29762524
0.2934221
0.29956102
0.29157704
0.2946156
0.29213127
0.29816356
0.29664186
0.28919762
0.29356393
0.29303434
0.29551965
0.2902408
0.29323348
0.29624325
0.2905582
0.2979562
0.29324904
0.28910327
0.29504257
0.2923122
0.2922018
0.2972082
0.29300058
0.28756097
0.29282096
0.2967694
0.29558587
0.2916427
0.29332864
0.3008329
0.2982295
0.29416937
0.2963054
0.29110572
0.29149395
0.29065108
0.29536694
0.28690013
0.29532295
0.29597232
0.29053432
0.29141816
0.2889344
0.29075965
0.29527175
0.29381898
0.2887675
0.2984501
0.29118255
0.2988976
0.29169556
0.29318058
0.29248652
0.29590714
0.2956727
0.29291642
0.28971788
0.2867809
0.29770294
0.29301587
0.29205593
0.29237622
0.29415888
0.29269823
0.3000834
0.29675618
0.29573086
0.29228306
0.2893551
0.2889047
0.29707733
0.2954999
0.29380283
0.29397795
0.29347047
0.29335853
0.29291344
0.29395816
0.29407033
0.29210004
0.29425058
0.29683015
0.2921136
0.30095354
0.29802927
0.30008155
0.29359165
0.29580447
0.29321286
0.2953956
0.29652852
0.29001743
0.29041097
0.2912418
0.2983367
0.29468486
0.2934237
0.29147384
0.29520348
0.2959509
0.2953724
0.28905055
0.29286367
0.28979972
0.2921373
0.28917408
0.28981772
0.2942233
0.28883177
0.28889462
0.28565267
0.29338545
0.28667322
0.2897431
0.29043844
0.2927795
0.29334974
0.2888682
0.29592463
0.290859
0.29397768
0.29709348
0.29717574
0.28921932
0.2917497
0.29097468
0.29235044
0.29247797
0.29029158
0.29569346
0.29763755
0.2943065
0.29550138
0.29311705
0.29057804
0.29010484
0.29217216
0.29735196
0.28897905
0.29410055
0.2944081
0.29338327
0.29477736
0.28964868
0.2928258
0.28480738
0.2884655
0.28801656
0.2893221
0.2900222
0.28615418
0.2889708
0.28601238
0.28516322
0.28134164
0.28404415
0.2860276
0.28181538
0.28398466
0.28513235
0.28542885
0.28130606
0.2829124
0.2839245
0.28389293
0.28181905
0.27835026
0.28434318
0.28190717
0.2798449
0.27933663
0.2820113
0.28121862
0.28155914
0.2772586
0.2824572
0.28180152
0.28110495
0.27812847
0.27602836
0.28136078
0.28013688
0.28163454
0.27824438
0.2784563
0.27864987
0.28243977
0.2771478
0.27696484
0.27879176
0.277065
0.27852586
0.27427733
0.2775572
0.27836058
0.28352028
0.28030482
0.27901915
0.2781148
0.2758119
0.27563372
0.2772757
0.2769327
0.27771065
0.27691078
0.2741686
0.28002316
0.2737483
0.27662945
0.27379742
0.28202784
0.27838457
0.27803195
0.27865192
0.2758651
0.2792202
0.27643442
0.27985832
0.28032997
0.27344933
0.27535787
0.2700775
0.275867
0.2726015
0.27476957
0.27690026
0.27018365
0.2754362
0.27993295
0.27482563
0.27328682
0.27320942
0.27011082
0.26841024
0.27158144
0.27222145
0.269798
0.27601948
0.2707679
0.2728041
0.2695348
0.27303892
0.26570654
0.27058667
0.26942176
0.26627123
0.26603624
0.26663196
0.2688984
0.26981294
0.26844135
0.27149767
0.2665111
0.2691553
0.265083
0.26593268
0.2688705
0.2636703
0.2681809
0.26779857
0.27061522
0.26820543
0.26213503
0.26850283
0.26782027
0.26534328
0.26538986
0.2653143
0.26466447
0.26304054
0.2663796
0.26841658
0.26709786
0.26323667
0.26931992
0.26161596
0.26269016
0.26400512
0.26781145
0.26424158
0.26439717
0.26347667
0.26269034
0.26489446
0.2619746
0.2656519
0.26491997
0.26475996
0.2656692
0.26397696
0.2647134
0.2634337
0.26173204
0.2624448
0.2648186
0.2667816
0.26113614
0.26192027
0.27294442
0.2653514
0.26946256
0.2640795
0.2678791
0.26593646
0.26130885
0.26372927
0.26438046
0.2670388
0.26896778
0.26410285
0.26093486
0.26238003
0.26596853
0.26085472
0.26640683
0.26364422
0.2660931
0.26175386
0.26660222
0.26636344
0.26233855
0.26527765
0.26236495
0.2656128
0.2646767
0.26753378
0.26583698
0.26828092
0.27244362
0.26445913
0.26456076
0.2662769
0.26587138
0.2667358
0.26405177
0.27050862
0.26646093
0.26330382
0.2631081
0.2655212
0.26587856
0.26734975
0.2648706
0.26856363
0.26511213
0.26750866
0.26357016
0.2661752
0.26533484
0.26509792
0.2696087
0.2621645
0.26517534
0.26643005
0.26963228
0.26716155
0.27546313
0.27215007
0.2675287
0.26578584
0.27051675
0.27066058
0.27200204
0.26625806
0.2693569
0.27060634
0.27291977
0.26873067
0.26559252
0.26792252
0.27285913
0.26911032
0.27630365
0.266126
0.2686762
0.26620722
0.26376545
0.27045172
0.27064657
0.26319697
0.26795092
0.26461554
0.26351863
0.26315793
0.26517323
0.264601
0.26856822
0.26198807
0.26265457
0.2681348
0.26876703
0.26301527
0.270088
0.26721177
0.2704104
0.26508656
0.2639762
0.26782396
0.269556
0.26525778
0.26058984
0.26699817
0.2639039
0.26584604
0.2620984
0.26331457
0.26314437
0.26455116
0.26556432
0.26361898
0.26720932
0.26263404
0.25699902
0.26390293
0.26045907
0.26609218
0.26146305
0.26576662
0.2721911
0.2652783
0.26342863
0.26168504
0.2675305
0.26345244
0.26669452
0.26650617
0.2606097
0.26595625
0.26380366
0.26621538
0.26418412
0.26662853
0.26416993
0.26875275
0.26749924
0.25913605
0.26638967
0.2638446
0.2645345
0.26297036
0.27480075
0.26563084
0.26207778
0.2642655
0.2654276
0.26312685
0.261915
0.26525107
0.26708555
0.26724008
0.26561317
0.26416436
0.26063564
0.27073056
0.26004928
0.26919332
0.26566157
0.26615417
0.26497003
0.266513
0.264743
0.2651547
0.26518518
0.26416305
0.26346055
0.2626767
0.26294044
0.25875503
0.2541431
0.26020235
0.25902274
0.26254717
0.2624177
0.2656714
0.26355994
0.26301885
0.25967646
0.26302132
0.2620729
0.2576774
0.25595433
0.26084864
0.2569985
0.26319993
0.255147
0.2566186
0.26317748
0.26343226
0.25772506
0.25778344
0.25884187
0.25532264
0.25939292
0.26317945
0.2627616
0.25684416
0.2581629
0.25730944
0.26474345
0.25738016
0.26089454
0.26391128
0.2597254
0.26419473
0.25844392
0.25867563
0.25879484
0.26122177
0.25893456
0.2574135
0.25602138
0.26231334
0.2568341
0.25616086
0.25678355
0.25783253
0.26177266
0.25725144
0.2551981
0.25357372
0.25491238
0.2517116
0.2540073
0.25373325
0.25000417
0.25334778
0.24946775
0.2533987
0.25476158
0.24870351
0.254219
0.25224054
0.2509036
0.24947762
0.24864012
0.25020084
0.25386173
0.24599124
0.2509321
0.2510274
0.25158507
0.25096244
0.25313666
0.24929786
0.2461519
0.2443569
0.25043738
0.24529333
0.24421972
0.24323575
0.24834149
0.24724466
0.24832048
0.24481213
0.24643947
0.24723889
0.24621648
0.24809839
0.24444048
0.24442905
0.24816008
0.24750456
0.24460116
0.2454051
0.24305126
0.24582724
0.23964572
0.24449438
0.2478463
0.242559
0.24065785
0.24697123
0.24055564
0.24687155
0.24503405
0.2465035
0.25140804
0.24226032
0.2438291
0.24441707
0.24754791
0.24427888
0.24743347
0.2464119
0.24672869
0.24683818
0.24813397
0.25289518
0.24575382
0.247529
0.24486026
0.24323557
0.24794194
0.24384162
0.24470565
0.24107842
0.24524733
0.24856335
0.24377427
0.24683784
0.24595647
0.24620983
0.24607362
0.24662994
0.24221857
0.2444892
0.24719055
0.24878983
0.24225128
0.23988038
0.24302106
0.24573235
0.24496596
0.24385023
0.24051353
0.24284251
0.24182
0.23962286
0.2439297
0.23801064
0.2385444
0.23598543
0.23554258
0.23828001
0.23902957
0.2418971
0.2389383
0.2369587
0.23633695
0.23199898
0.23366888
0.23483394
0.2318566
0.2363629
0.23647666
0.23088773
0.23413478
0.23234873
0.23246564
0.23040558
0.23294766
0.23416309
0.22980899
0.23109205
0.22858454
0.23085253
0.23646453
0.22750993
0.23920402
0.23310806
0.23352246
0.2348179
0.23034257
0.23235145
0.23258927
0.2328464
0.23123546
0.23227358
0.2344432
0.23426157
0.2322271
0.23172635
0.23381317
0.22949132
0.23019485
0.23263545
0.2360881
0.22903411
0.23325208
0.23264083
0.23946849
0.22657847
0.22720727
0.23009367
0.23193432
0.22347966
0.228179
0.23026624
0.22756764
0.22596455
0.23504771
0.22778416
0.2252851
0.22936499
0.23101914
0.2319144
0.22634423
0.22123404
0.2283494
0.22448643
0.22584523
0.22910346
0.22566426
0.22770214
0.22735028
0.23154067
0.2316565
0.22178568
0.22524069
0.23073451
0.22852491
0.23374836
0.2294703
0.2301034
0.23246638
0.22798021
0.22768104
0.2278214
0.22716229
0.23096974
0.2274498
0.22455649
0.22395007
0.23152897
0.22396204
0.22990593
0.2259589
0.22400592
0.2284987
0.22832496
0.22584544
0.22915378
0.2255827
0.22897296
0.22088866
0.22744447
0.22763194
0.22446805
0.2232445
0.23072585
0.22947155
0.2292164
0.22576906
0.2252683
0.22854993
0.22651473
0.23319314
0.22845818
0.22643311
0.23326844
0.23204331
0.23122886
0.23192577
0.22272505
0.23122968
0.23045234
0.22844031
0.23114419
0.22541298
0.22358184
0.22831896
0.22921574
0.22896105
0.22651453
0.22268298
0.22892298
0.22967412
0.22940864
0.23150317
0.22807151
0.22800605
0.22729698
0.22962321
0.22200419
0.22178765
0.22507411
0.22607514
0.23230505
0.23306526
0.22825588
0.22960453
0.22901267
0.22250523
0.23057579
0.22359838
0.22702591
0.22708839
0.2284894
0.22516088
0.22516452
0.22931232
0.22688039
0.23078829
0.2227623
0.22640346
0.2293251
0.22727545
0.21986543
0.22764286
0.22633073
0.22106072
0.22493988
0.22336264
0.22247656
0.22145857
0.22060654
0.21896707
0.22706176
0.22480239
0.22606471
0.22783442
0.22469561
0.22356145
0.2200798
0.2208018
0.22104505
0.2172316
0.22150528
0.21777885
0.21810463
0.22539355
0.21603803
0.22279648
0.21613365
0.21478389
0.2193023
0.21221155
0.21987681
0.21571586
0.21668768
0.21309288
0.21547776
0.21388231
0.21222912
0.21351835
0.21405445
0.21409313
0.21191153
0.2205569
0.21190667
0.2155653
0.21685652
0.20983514
0.208675
0.21266617
0.2132803
0.2114149
0.21071161
0.21600991
0.21209325
0.20921387
0.21521394
0.21325882
0.21342444
0.21165009
0.20626247
0.20943514
0.21099539
0.20988545
0.20774892
0.21275313
0.20800997
0.20798264
0.20761524
0.20594661
0.20942985
0.20640872
0.21092851
0.2060256
0.20804307
0.2076602
0.21099116
0.21031448
0.2067541
0.209137
0.21613109
0.20802197
0.21189126
0.20539066
0.20211954
0.20552255
0.21385439
0.20695107
0.2104578
0.20868702
0.21206076
0.20809387
0.20388669
0.21066013
0.20706403
0.20590763
0.20933509
0.20658776
0.20434338
0.20357327
0.2081145
0.2098356
0.2037879
0.21045229
0.21010561
0.20935051
0.2071087
0.20385021
0.20190266
0.20631328
0.20882152
0.21022184
0.20743339
0.20825668
0.21225204
0.2104304
0.21289733
0.20399766
0.20516177
0.20962115
0.21520258
0.2051741
0.20818816
0.20707464
0.21097392
0.20973383
0.21194349
0.21026689
0.21270995
0.2123055
0.2119407
0.21182539
0.21082574
0.20914212
0.21044849
0.21222228
0.20974602
0.20697351
0.20871241
0.21352182
0.20885928
0.20638727
0.21267283
0.20970793
0.21570642
0.21409911
0.2158161
0.20918472
0.2102302
0.2116632
0.21268511
0.21311396
0.20865108
0.21775924
0.21485466
0.21297912
0.21288495
0.21213923
0.21172978
0.20858096
0.21457261
0.20698695
0.20890959
0.20440027
0.21719624
0.2076219
0.20986463
0.2061468
0.20510833
0.21087043
0.20704721
0.20148584
0.20053384
0.20765287
0.20645681
0.20726885
0.20416518
0.2101813
0.20839803
0.20661418
0.20720336
0.20463397
0.20333709
0.20135398
0.2041868
0.21123372
0.20823227
0.21406603
0.2128671
0.20412003
0.20846245
0.21283025
0.20474656
0.2045027
0.20841543
0.20399402
0.20806588
0.20788126
0.20604658
0.20955093
0.20898709
0.19934565
0.2097463
0.20443502
0.20452939
0.2009057
0.20628697
0.20587884
0.20735544
0.20215608
0.19903968
0.19867952
0.20253435
0.20148647
0.19983336
0.20519216
0.19974428
0.20138729
0.19568624
0.1977292
0.19249228
0.1957919
0.19556628
0.19770272
0.19640465
0.19679172
0.19434445
0.2019181
0.1995305
0.20184849
0.19889645
0.19648236
0.19733094
0.19752038
0.20253897
0.1992909
0.19574393
0.1966305
0.20012435
0.19785568
0.19403483
0.197736
0.19910999
0.1978325
0.20070063
0.20325112
0.19810511
0.20137067
0.19943422
0.19653961
0.19603889
0.20002154
0.19896069
0.20058022
0.19881639
0.2024203
0.20431782
0.19531226
0.19851181
0.20289904
0.2050546
0.19841398
0.2049379
0.19642389
0.20110753
0.20410687
0.19939215
0.20131586
0.20643881
0.20759583
0.20117241
0.20195578
0.19935295
0.19618677
0.1977008
0.19674361
0.20635493
0.20638078
0.20059668
0.20510018
0.20215368
0.20289364
0.20061646
0.19948596
0.20476696
0.20645095
0.19735079
0.19959852
0.20607598
0.2042836
0.20357372
0.20421706
0.19963054
0.20105581
0.20313236
0.20698816
0.20245853
0.20115772
0.20061241
0.203639
0.20604466
0.19969279
0.1984772
0.2011938
0.204255
0.20133631
0.20094845
0.20577253
0.20277604
0.201559
0.19785999
0.20281242
0.2005173
0.19485721
0.19997157
0.19935897
0.19970056
0.19560128
0.20508982
0.19979338
0.19952917
0.19827922
0.19775605
0.19721253
0.20410267
0.19562422
0.19892703
0.19672577
0.1980773
0.20266575
0.19947287
0.19540325
0.20129704
0.19965765
0.19894338
0.20086093
0.19953386
0.2002284
0.19745483
0.20183456
0.20454608
0.20149967
0.20654403
0.19311775
0.19878705
0.19949187
0.20118254
0.19906826
0.20261668
0.19858694
0.19658923
0.19218923
0.19901758
0.19759047
0.19844672
0.19771275
0.19737744
0.19859776
0.19958933
0.19674759
0.19878118
0.19557987
0.19771196
0.19528988
0.19967744
0.19670434
0.19838871
0.20029885
0.19934727
0.2021197
0.19732712
0.20177555
0.2077087
0.20320988
0.20304659
0.19973502
0.19593051
0.1941067
0.19496495
0.19664504
0.20036133
0.19968817
0.20132247
0.19354437
0.19904937
0.20322354
0.19943659
0.20539112
0.20037022
0.1973432
0.19640906
0.19346265
0.19360013
0.19806476
0.19707169
0.19799872
0.19320653
0.18828084
0.19323935
0.19479176
0.19682512
0.19556369
0.19051974
0.193049
0.18959515
0.19529666
0.19261791
0.18919306
0.19040345
0.18946761
0.19073036
0.19304755
0.18925746
0.19140908
0.19674507
0.19049026
0.1892362
0.18550508
0.19046934
0.19555902
0.18658753
0.19741583
0.19287184
0.19599114
0.1914159
0.18895082
0.18979132
0.19212252
0.20006008
0.19360778
0.19047749
0.19367336
0.19795245
0.18789639
0.18878852
0.19302206
0.19181675
0.1929989
0.19533525
0.1898535
0.1967985
0.19588412
0.19323522
0.19409595
0.19007817
0.19213179
0.19100946
0.19898465
0.1894044
0.19308187
0.1880084
0.19023934
0.19168009
0.18903303
0.18444297
0.18656445
0.18981194
0.18790689
0.1882169
0.18835114
0.18849893
0.19893779
0.18738113
0.19114296
0.18876845
0.18790226
0.19177029
0.1924321
0.18967716
0.18976669
0.19407968
0.19245613
0.19020234
0.18229234
0.19060713
0.18612686
0.18876952
0.19535172
0.18468715
0.18731336
0.19153269
0.18703416
0.18227294
0.18597429
0.19312708
0.18531278
0.19189923
0.18878931
0.18760726
0.18985793
0.18743658
0.18873557
0.19013181
0.18340197
0.18106107
0.18613638
0.18925399
0.18811388
0.19060062
0.1899927
0.18915851
0.18865916
0.18952206
0.19018315
0.1842339
0.19162613
0.18738963
0.187975
0.18823908
0.18361247
0.18781306
0.19181687
0.18664785
0.18452904
0.17941263
0.18532288
0.18663225
0.18170828
0.18632804
0.18239355
0.18412486
0.1844202
0.18715611
0.18868992
0.18521424
0.18302627
0.18650186
0.18699235
0.18754825
0.18344176
0.18564975
0.18516059
0.19365998
0.18681298
0.1857545
0.18378875
0.18559615
0.18587445
0.18712085
0.18727642
0.18225782
0.18826479
0.18127841
0.18791935
0.18526995
0.18547726
0.1885038
0.18405709
0.18801534
0.1901652
0.18676704
0.19107369
0.18484183
0.18572749
0.19101784
0.18552893
0.19010696
0.18409954
0.18440606
0.18351886
0.18689428
0.18777081
0.1858503
0.18723835
0.18606481
0.19031733
0.19150782
0.18448035
0.1845003
0.1902025
0.18567556
0.18232621
0.18561299
0.18303117
0.17878263
0.18221411
0.1835637
0.18367954
0.18754314
0.1824507
0.18047716
0.1920021
0.18350002
0.18570194
0.18218566
0.1850942
0.17670982
0.18526384
0.17961821
0.18085732
0.18154268
0.181099
0.18774022
0.17973813
0.18402831
0.17827399
0.18452312
0.17466205
0.18875046
0.17328332
0.17776711
0.18053871
0.17792153
0.18264171
0.182841
0.18219732
0.17757194
0.17984192
0.17512353
0.18105774
0.17782408
0.1822822
0.18355769
0.1767601
0.181148
0.17806004
0.17396417
0.17997564
0.17992656
0.17931093
0.17305547
0.17733303
0.18083443
0.18139134
0.1816007
0.17433113
0.18062696
0.17669511
0.17472139
0.17986926
0.18003798
0.17651395
0.1763704
0.1792062
0.17838627
0.17697449
0.17785618
0.17840877
0.17573227
0.17706858
0.1775246
0.17543311
0.17777771
0.17274047
0.17600591
0.17465095
0.17822234
0.17999744
0.17631082
0.17682762
0.17366506
0.17223613
0.17665648
0.17707807
0.16888613
0.17241096
0.17304358
0.17288795
0.1741157
0.1761313
0.17696002
0.17700242
0.17315307
0.17878042
0.17104748
0.17354429
0.18086088
0.17375907
0.1736408
0.17554408
0.17515928
0.17619804
0.17195658
0.17872453
0.17402476
0.17273752
0.17180234
0.17776686
0.16803329
0.1719406
0.17317194
0.174188
0.1734914
0.17026174
0.16958527
0.17043501
0.16773528
0.17135517
0.16904032
0.16837117
0.16779235
0.17274068
0.17195378
0.1719205
0.17354414
0.16872914
0.16994163
0.16762495
0.1717274
0.17119099
0.17311548
0.16634154
0.17273809
0.16390033
0.16572039
0.170788
0.17254975
0.16298184
0.16935256
0.17225558
0.17212494
0.17164887
0.17188653
0.16787805
0.16923906
0.1687046
0.16878988
0.16625333
0.17088848
0.1699968
0.16594608
0.17206499
0.16750062
0.17238313
0.16545708
0.17101696
0.17129335
0.17183335
0.16838771
0.16875438
0.16705537
0.17569108
0.16658366
0.16312768
0.16411237
0.16840588
0.16709425
0.1644659
0.16810392
0.17038338
0.16835508
0.17030434
0.16931595
0.16878042
0.17149392
0.17107365
0.16406044
0.16553126
0.16836977
0.1633798
0.1652875
0.16548328
0.16634965
0.16973548
0.16473672
0.1700948
0.16768898
0.16634673
0.17231973
0.16887687
0.1632884
0.1651411
0.16205318
0.1627479
0.16262154
0.16592413
0.16717072
0.1670272
0.1707867
0.16504145
0.16779764
0.16515331
0.16395171
0.1699485
0.16643995
0.1628429
0.1620362
0.16060941
0.16337693
0.16533367
0.16647738
0.16607915
0.16313986
0.16243982
0.16184454
0.16104223
0.15572003
0.16246429
0.16089614
0.1626612
0.15963958
0.16543677
0.15979205
0.1571729
0.16791683
0.16221963
0.15815541
0.15941456
0.16050655
0.15430807
0.15803033
0.16245826
0.15721896
0.15732126
0.15633346
0.16009715
0.15701702
0.15954597
0.16164145
0.15608545
0.15880312
0.15903383
0.1529425
0.158391
0.15965657
0.16065061
0.15820926
0.16022138
0.15668707
0.1545575
0.15615031
0.15279005
0.15756202
0.15823239
0.15593459
0.15880762
0.16076861
0.1537442
0.15947829
0.15504326
0.15613496
0.15562394
0.1587494
0.15718693
0.15692496
0.16231555
0.15201358
0.15835673
0.15123446
0.1561648
0.1589931
0.15496206
0.1635462
0.1549897
0.15319249
0.1542706
0.15223995
0.1531402
0.15791263
0.15682547
0.15765867
0.15481195
0.15684369
0.15502308
0.162917
0.15580757
0.15089247
0.15582289
0.15223399
0.15789331
0.15000446
0.14844747
0.15246014
0.15552737
0.15600225
0.15667756
0.15321946
0.15046638
0.14830385
0.1536377
0.15342703
0.15306738
0.156953
0.16221374
0.15195009
0.15390147
0.15751554
0.1498662
0.15783645
0.15589242
0.15681532
0.15553331
0.14933026
0.1515668
0.15203398
0.15463799
0.15628847
0.155986
0.15794276
0.15854122
0.16242507
0.15759377
0.15198874
0.15761673
0.15754233
0.15475981
0.1547539
0.15549847
0.15335937
0.15748617
0.15221094
0.14974776
0.15765877
0.15612996
0.14898363
0.15439998
0.15231746
0.15566069
0.1525233
0.15154187
0.15726905
0.14873457
0.14987136
0.15301219
0.15193838
0.15972726
0.1574201
0.15083814
0.15659934
0.15177785
0.15166733
0.1483697
0.1503285
0.15022737
0.15554559
0.1433866
0.15241557
0.14932656
0.15091841
0.15022816
0.14477074
0.14436275
0.15178576
0.14526524
0.1509463
0.14902999
0.15175977
0.14629132
0.14719556
0.14887445
0.14599198
0.1496183
0.1425951
0.14343043
0.1467236
0.14621337
0.1471108
0.1490471
0.14555295
0.14356743
0.1503358
0.147648
0.14844228
0.14726451
0.14674996
0.14672218
0.14300558
0.14843217
0.14431947
0.14830382
0.14111947
0.15040508
0.14262003
0.14327456
0.14315936
0.143209
0.1494678
0.14673471
0.14722858
0.15006979
0.14332834
0.14013672
0.13996503
0.14288375
0.14557724
0.14316025
0.14332846
0.14186838
0.14681591
0.14242458
0.14021212
0.14480363
0.14815548
0.14216648
0.14221947
0.1466915
0.14560477
0.14292115
0.14442614
0.14251424
0.14874187
0.14035489
0.14788029
0.14980677
0.14229715
0.14380945
0.14829068
0.14341263
0.14230461
0.14078984
0.13959995
0.14611566
0.14667374
0.14277002
0.14179602
0.14195153
0.1474272
0.13835564
0.14359818
0.14389433
0.14855874
0.14297415
0.13603538
0.1388975
0.14497708
0.13709131
0.13514167
0.14181109
0.13443874
0.14072153
0.13850932
0.13809969
0.14059423
0.14247103
0.14142133
0.1360913
0.13689399
0.14026551
0.1390154
0.14011164
0.14170773
0.13524199
0.13973205
0.13710608
0.13404864
0.13654667
0.13356863
0.14222467
0.13304394
0.12986727
0.13156748
0.13951387
0.12902297
0.13846545
0.13926873
0.14056274
0.1334738
0.13198605
0.13150564
0.136458
0.13666704
0.13694265
0.13830996
0.13359973
0.13432059
0.13247474
0.13439344
0.13572934
0.13042665
0.13399465
0.13758452
0.14011778
0.1311047
0.13949567
0.13517404
0.13577564
0.13048728
0.13287961
0.13502488
0.12970845
0.13871229
0.13540807
0.13606377
0.14262217
0.13229623
0.13878053
0.13636434
0.13434874
0.13300432
0.13619843
0.13619848
0.13704462
0.13731697
0.13683608
0.13971947
0.13793154
0.13846137
0.13710314
0.1401843
0.13734958
0.13715662
0.13784827
0.13416675
0.133866
0.14411893
0.13211314
0.13440877
0.13699716
0.1367864
0.13442566
0.1348684
0.13557115
0.1378315
0.13211548
0.13517994
0.13281055
0.1380451
0.12799266
0.13086215
0.1284879
0.1354027
0.1321194
0.13654618
0.12457195
0.12971415
0.13857311
0.12887987
0.12902889
0.12584957
0.12523423
0.1247343
0.13765295
0.12783426
0.12949647
0.13124631
0.12948304
0.13262346
0.13324027
0.13244863
0.13403428
0.13473679
0.12608449
0.13135013
0.13059166
0.12949741
0.1372163
0.13198984
0.13575402
0.13484979
0.1346149
0.1338597
0.13141714
0.13138394
0.13506214
0.13016944
0.13703181
0.13384113
0.13072582
0.13201341
0.13301529
0.13130382
0.13138005
0.13086997
0.13777025
0.12834144
0.13336958
0.13386938
0.13213445
0.13144341
0.12938856
0.13151385
0.13268495
0.13686529
0.1323577
0.13222109
0.13966553
0.1397495
0.13652496
0.13671695
0.12782657
0.13912913
0.13213809
0.13258217
0.13638179
0.13163613
0.13475758
0.13143764
0.14068504
0.1366723
0.12976234
0.13264902
0.13341215
0.13723487
0.1350416
0.13277608
0.13093215
0.13890739
0.13244757
0.13889138
0.13165219
0.13286403
0.13488373
0.12903039
0.13333386
0.13468397
0.13330632
0.1377578
0.124010876
0.13068588
0.13278165
0.12924226
0.13067454
0.12894982
0.12737522
0.13005054
0.1322614
0.1281968
0.1311991
0.13077527
0.12822926
0.13258758
0.12917927
0.13165139
0.13057502
0.12964974
0.13666184
0.13462429
0.13237736
0.12826338
0.128212
0.12297244
0.12730163
0.13916306
0.13703145
0.13154651
0.1374699
0.13150553
0.12910998
0.12976293
0.1253659
0.12953012
0.1298383
0.1265971
0.12300677
0.12855144
0.1253312
0.12696037
0.13079286
0.1268706
0.12565722
0.12834305
0.13069145
0.13231373
0.12707844
0.12670971
0.13210239
0.13099335
0.123512045
0.12874939
0.12730007
0.13186792
0.12858655
0.12895198
0.12838037
0.12818046
0.12582001
0.13252129
0.12732026
0.1294299
0.13334538
0.12837628
0.12357816
0.12683277
0.13018301
0.12037161
0.12756105
0.1362127
0.12489267
0.12557137
0.13344346
0.12900685
0.12751701
0.12797232
0.12969811
0.12997086
0.1214882
0.12401615
0.13050735
0.1262528
0.1299585
0.12721674
0.12435465
0.122530065
0.12986003
0.12656556
0.12461228
0.12502395
0.12387846
0.123781756
0.12787516
0.12408209
0.12316254
0.1252695
0.12289266
0.12832464
0.12129768
0.13269936
0.13144085
0.12901348
0.1298553
0.12924875
0.12378266
0.1241603
0.12623826
0.129384
0.12568115
0.11997841
0.12821048
0.123978235
0.12617083
0.12576272
0.1280529
0.11873188
0.12609604
0.12734196
0.1240836
0.12455997
0.12693125
0.1267347
0.13064334
0.1258786
0.12567532
0.12066076
0.123277895
0.12747774
0.1252278
0.12604712
0.12621145
0.12515269
0.13292682
0.12930097
0.12169789
0.12607358
0.12557267
0.118867524
0.12040608
0.121384226
0.12441622
0.12624514
0.12443272
0.12386958
0.1288342
0.12567453
0.1222003
0.12323232
0.121085666
0.12649706
0.12815364
0.1221023
0.12891284
0.12888701
0.12736127
0.12501414
0.122940324
0.12700814
0.12643276
0.12261479
0.1301331
0.12551804
0.13152413
0.12690601
0.13062958
0.12692864
0.12473278
0.12386158
0.1265421
0.118207596
0.117698364
0.12460055
0.118667
0.121848665
0.119927794
0.127407
0.12254522
0.12644461
0.122500144
0.11710684
0.12756848
0.12826066
0.12087495
0.12777862
0.12603293
0.11489178
0.12587902
0.12883222
0.12220375
0.11917784
0.124529615
0.12381254
0.1193593
0.11353858
0.12106843
0.116245985
0.117847785
0.118450165
0.121106245
0.11803976
0.123502
0.12063386
0.11753674
0.12116585
0.11916763
0.116617724
0.12122434
0.11887288
0.124279
0.118202195
0.120673895
0.122155644
0.12357453
0.11812972
0.12252888
0.11823533
0.12523562
0.12607236
0.115460955
0.11798586
0.11367617
0.11609997
0.115156256
0.11177592
0.11872469
0.11412562
0.11799238
0.11531981
0.11484751
0.10927769
0.11476607
0.11451029
0.11011236
0.116708495
0.1107597
0.111887775
0.111195266
0.1086105
0.114891164
0.105456196
0.1047805
0.107490174
0.11710753
0.111445285
0.112501755
0.1108763
0.10659665
0.11201846
0.11105992
0.111081325
0.11037124
0.1046044
0.10631769
0.10428897
0.1123285
0.10903953
0.110307455
0.10992194
0.11244864
0.102338396
0.10431257
0.10452818
0.106103964
0.10767382
0.11169272
0.109538764
0.103892155
0.1072013
0.111358516
0.10453229
0.10523225
0.106332935
0.106450826
0.106389105
0.10713641
0.11107479
0.11155808
0.10495366
0.115268715
0.1080116
0.11000931
0.10521467
0.10532743
0.107144244
0.11136852
0.106563784
0.11289247
0.109723456
0.11412446
0.10713711
0.10259689
0.10780171
0.10753208
0.11018667
0.10603741
0.105009764
0.10980592
0.107586466
0.107975446
0.107474364
0.1061442
0.10893481
0.109649196
0.10667791
0.1043385
0.11050468
0.10116644
0.110185735
0.09955957
0.10709827
0.10752289
0.10051317
0.10813435
0.1045007
0.10524451
0.10944616
0.10560664
0.101613246
0.10742976
0.108194835
0.1084987
0.1039625
0.11092397
0.1048594
0.111023545
0.10222632
0.10288904
0.106773175
0.1034345
0.10366613
0.10510031
0.10713156
0.10827182
0.105305724
0.10905148
0.09881188
0.10646567
0.10751446
0.107259125
0.10427234
0.10284095
0.10563565
0.1047109
0.1091149
0.10183335
0.10849555
0.10483849
0.10903852
0.10452589
0.10788112
0.10115196
0.10943056
0.1032308
0.10661086
0.10275703
0.10808108
0.1128013
0.10474531
0.10634791
0.103305206
0.10848808
0.10593412
0.11474681
0.10551891
0.10686136
0.1130975
0.1060816
0.106615275
0.11547532
0.11298858
0.11760417
0.11090067
0.1070743
0.11039436
0.11100169
0.11816644
0.11303513
0.10890715
0.109060206
0.10866631
0.10920281
0.11169892
0.11729535
0.111712836
0.107543916
0.10902344
0.10999244
0.10552474
0.11323305
0.115016654
0.109002404
0.111249
0.11251319
0.10903239
0.113413095
0.11767962
0.10725463
0.109741405
0.1054048
0.10312216
0.11607046
0.10986017
0.109357014
0.11325124
0.113647185
0.10928435
0.104810886
0.10994348
0.11393328
0.10722011
0.11286561
0.11205352
0.10372276
0.11190327
0.105633594
0.11153213
0.110188045
0.10817648
0.108785935
0.10636883
0.11085254
0.105269894
0.11275881
0.11845096
0.119822696
0.11358342
0.112445675
0.1064849
0.112657905
0.10924588
0.10934361
0.10664085
0.11247212
0.116452344
0.10868078
0.10603949
0.10557186
0.10726791
0.110161446
0.111644074
0.11321239
0.107172735
0.10790585
0.10356661
0.113121144
0.11149059
0.102034405
0.110383034
0.11376957
0.10709709
0.109837845
0.1095547
0.10774021
0.10791689
0.10366665
0.111987144
0.105664514
0.10447941
0.10805431
0.104172006
0.102788985
0.10065598
0.09920095
0.106383614
0.112299584
0.10361228
0.10159389
0.10090004
0.10197109
0.10261535
0.10122107
0.09692468
0.10576885
0.10309187
0.104193665
0.0967626
0.10244064
0.100546226
0.099261425
0.10303312
0.09628035
0.097672485
0.1020266
0.09960667
0.09936201
0.10239071
0.10254274
0.10298411
0.09301735
0.09167525
0.097462274
0.10143473
0.100147344
0.098489605
0.09452562
0.09702502
0.09482055
0.10065963
0.1019149
0.09895322
0.09687574
0.102175795
0.10422947
0.10118426
0.10340169
0.09719941
0.09944106
0.09836838
0.1035362
0.102957584
0.09863527
0.10298263
0.103432596
0.10801163
0.101108365
0.10327688
0.10123548
0.1030292
0.1000434
0.09773235
0.103492014
0.10286973
0.10445822
0.09904484
0.10845565
0.10105611
0.10301214
0.10998654
0.10009055
0.10543614
0.102918744
0.100680485
0.101128116
0.10168323
0.10318869
0.10674066
0.10369149
0.10318084
0.10458684
0.10787151
0.10117701
0.10844559
0.10121553
0.10006
0.09880292
0.101649165
0.10209767
0.101024665
0.097894154
0.1029275
0.105109975
0.09819697
0.10585281
0.09922027
0.1053104
0.10173563
0.09990326
0.1025438
0.10870085
0.10181146
0.104403645
0.107472405
0.102774106
0.09841929
0.10288915
0.105767034
0.106234685
0.096617706
0.10016384
0.10101593
0.09290443
0.09489986
0.10040397
0.102123536
0.09698809
0.09890097
0.09628237
0.09837064
0.10093122
0.09406191
0.09139554
0.09873109
0.09035083
0.09376477
0.09592116
0.099894516
0.09843713
0.09347468
0.095941566
0.09863293
0.10022965
0.099210545
0.0975385
0.097726576
0.09434333
0.09591774
0.09126881
0.09497162
0.09152111
0.09903054
0.09595579
0.09376036
0.09905516
0.101919636
0.09203843
0.08933543
0.09741744
0.09297302
0.09772785
0.099541694
0.09037908
0.09605909
0.09557978
0.09673568
0.0947771
0.092287704
0.09163066
0.09654945
0.09936089
0.104264185
0.09620384
0.09698419
0.09369089
0.095441826
0.09598089
0.09479695
0.09117536
0.093700536
0.09167157
0.10008055
0.09696188
0.08752515
0.0970709
0.09458396
0.095017165
0.099762194
0.10121676
0.102687426
0.094585605
0.09240319
0.09989001
0.097253375
0.09958868
0.09417561
0.096303694
0.09528296
0.09735315
0.09753731
0.09354131
0.098638736
0.09958006
0.10046619
0.093428224
0.100728594
0.08919404
0.09272441
0.09458749
0.10143126
0.100976355
0.09912786
0.10503752
0.092186816
0.09608174
0.09299825
0.095303886
0.09078668
0.09244841
0.09937736
0.09667416
0.092786945
0.092433095
0.09248972
0.091407895
0.08911104
0.098406166
0.09011962
0.09707311
0.10187265
0.09185996
0.094056875
0.09656513
0.09235008
0.09177299
0.093255185
0.09889851
0.08735555
0.09431957
0.096984304
0.096875
0.09154998
0.091210954
0.09686267
0.10135509
0.09248231
0.09264838
0.09506891
0.096452974
0.10118534
0.0931802
0.09337417
0.09271956
0.10001251
0.09654177
0.10127096
0.09244163
0.092012994
0.09423591
0.09492038
0.09521336
0.09225635
0.09442666
0.09450174
0.094321065
0.090171725
0.09444576
0.09514026
0.090102546
0.09796205
0.09648569
0.09065555
0.09608415
0.0921975
0.09531383
0.08844712
0.098049484
0.09540805
0.08592952
0.09009137
0.09430509
0.09566882
0.092581704
0.090346776
0.09286833
0.08822176
0.09246345
0.0928261
0.09492609
0.09194594
0.09047915
0.09284175
0.09446373
0.09145537
0.092661254
0.08996287
0.094276756
0.09240514
0.08820418
0.091019064
0.089708954
0.09395188
0.09653729
0.090948455
0.10034887
0.09839453
0.09179543
0.09734215
0.0922099
0.09887233
0.10124958
0.09911013
0.091883354
0.09386143
0.08840324
0.08976705
0.098684214
0.09317191
0.08870713
0.09994974
0.08837971
0.09862654
0.097910315
0.100343764
0.093375765
0.08773959
0.0927976
0.08870555
0.09591746
0.097902656
0.09498841
0.09535165
0.09411909
0.09277689
0.09215015
0.09249555
0.09982823
0.08897092
0.09494959
0.09329901
0.09366149
0.096996486
0.09390913
0.08985547
0.09248654
0.08868801
0.08845328
0.09258415
0.09668602
0.09687359
0.09330073
0.09562779
0.0926257
0.09753998
0.10076959
0.08890531
0.09032238
0.09433751
0.089615494
0.0929015
0.090695605
0.098109685
0.089769244
0.08555178
0.09121527
0.08721243
0.08680431
0.09592651
0.09345132
0.09402728
0.09023757
0.09431336
0.09473208
0.09024426
0.08729992
0.094312645
0.09001761
0.096892715
0.09184666
0.10119519
0.082758725
0.09247342
0.096864246
0.09032991
0.0905223
0.08628922
0.08618408
0.09520674
0.09338417
0.09557462
0.088722445
0.09027944
0.085710086
0.09650917
0.085623145
0.088281654
0.08835364
0.09009316
0.09173225
0.08810118
0.08699776
0.08671542
0.08952606
0.08750229
0.08194175
0.08524649
0.08881038
0.09956381
0.08595949
0.08884405
0.08818803
0.08556218
0.08789658
0.08610404
0.08583784
0.08764614
0.081186645
0.08335902
0.08569969
0.08229174
0.08753779
0.08678126
0.08921199
0.085060015
0.08237764
0.08050269
0.08160916
0.087242834
0.08965997
0.08035945
0.08455293
0.08794775
0.08250664
0.08478263
0.0863627
0.07724147
0.086115286
0.084074855
0.08982438
0.08008049
0.088440806
0.07748396
0.08912895
0.08295464
0.08332382
0.08341178
0.09224817
0.09473668
0.0778391
0.08471341
0.08760527
0.07745119
0.083805434
0.075467326
0.079393305
0.07917499
0.07918825
0.08759288
0.080805615
0.08203651
0.07878129
0.08184146
0.08355495
0.078559965
0.07754603
0.078082904
0.082782134
0.08190543
0.07820189
0.07968296
0.07824038
0.07911584
0.08047821
0.07721574
0.08305333
0.0812155
0.07476736
0.08397652
0.08233746
0.07978273
0.08326917
0.08050982
0.07870688
0.08359048
0.07996474
0.07969527
0.08352235
0.08096129
0.074395046
0.077792555
0.082483225
0.08841313
0.08003239
0.07244467
0.07782558
0.076143324
0.0752203
0.08623939
0.07586558
0.077789366
0.07206886
0.08020094
0.0802607
0.075366415
0.07610538
0.07765432
0.07278272
0.07262689
0.08161413
0.082811646
0.07448275
0.075137906
0.08471892
0.079020254
0.07693689
0.07395266
0.080364466
0.07523121
0.07953912
0.07362429
0.07942922
0.0793791
0.072571464
0.07597656
0.08343866
0.08760426
0.07974751
0.0746388
0.07995568
0.08324075
0.08125104
0.08506217
0.07752959
0.079631895
0.0759039
0.07911055
0.08180382
0.081582725
0.08106641
0.080927506
0.07863103
0.08020612
0.07817704
0.08160982
0.08177644
0.08108342
0.07895452
0.076796286
0.07570585
0.08694199
0.0793293
0.07522327
0.08221033
0.07794184
0.08373164
0.0822025
0.077534154
0.07170845
0.0743546
0.07560415
0.07913663
0.07621667
0.07723282
0.08389291
0.08188294
0.08086938
0.07362184
0.078735344
0.07336252
0.075455405
0.072796136
0.07601174
0.074766465
0.078599826
0.07253054
0.073159076
0.072330475
0.07562747
0.06994442
0.084004775
0.08411354
0.07211806
0.07543342
0.070854485
0.072507225
0.0792872
0.068430506
0.07924199
0.07387878
0.07456752
0.07526834
0.07449368
0.07784384
0.08145539
0.07670199
0.080312
0.07880056
0.078844436
0.07998179
0.07338633
0.07735858
0.08343282
0.08140313
0.08252408
0.079119615
0.07612244
0.079913795
0.07765607
0.07475212
0.07657444
0.07897409
0.07746615
0.074660495
0.07967051
0.07473389
0.07559536
0.075288646
0.07606167
0.074882
0.07915423
0.08486872
0.078189075
0.07809535
0.078229934
0.084217966
0.076258995
0.078830674
0.072007254
0.08010479
0.084402345
0.07419056
0.07854432
0.07392881
0.075215645
0.08108345
0.078252316
0.076343514
0.07699185
0.07201754
0.065940596
0.07763878
0.0748793
0.07236223
0.0737616
0.07290409
0.07168378
0.07456198
0.072329596
0.0752863
0.07630462
0.079317436
0.07335679
0.0761084
0.07900255
0.07242182
0.07196046
0.077627316
0.08028048
0.07463954
0.07742216
0.07371657
0.07328255
0.08092364
0.08366619
0.07746452
0.0713406
0.07596599
0.07888875
0.07179927
0.078020096
0.07907769
0.081268124
0.071170636
0.0826086
0.07576783
0.0783698
0.07514567
0.081522465
0.076812975
0.07872522
0.07918674
0.07658447
0.080062784
0.07787225
0.07740695
0.08245228
0.07594081
0.082701474
0.07700494
0.0773838
0.07841162
0.07404539
0.08619181
0.079983026
0.08360499
0.081621855
0.0782508
0.077989295
0.083551496
0.07597787
0.07682143
0.078098886
0.07410038
0.08182583
0.077909805
0.07174969
0.07368359
0.07769379
0.07650407
0.077380955
0.07722681
0.07396902
0.0765954
0.072859906
0.089993514
0.08170408
0.07316981
0.07614391
0.08531203
0.0758087
0.07359501
0.075345404
0.07535636
0.07813842
0.0892507
0.066287525
0.07242487
0.09241475
0.07912577
0.083474666
0.07063316
0.07792198
0.07980231
0.07570188
0.07856056
0.07414892
0.08249148
0.07753262
0.07506016
0.078626975
0.07525888
0.07364944
0.076333754
0.07548912
0.06728965
0.068231255
0.0795749
0.06840225
0.07496544
0.073629454
0.07747991
0.07338333
0.06974446
0.06792166
0.065178804
0.07646977
0.06994805
0.06876784
0.07898416
0.07376154
0.070281066
0.07789584
0.07818221
0.077065945
0.07694934
0.07157104
0.06707667
0.07721165
0.07524242
0.07255178
0.074156895
0.07643015
0.07026443
0.0758048
0.077843934
0.07439598
0.06636382
0.07824129
0.071710475
0.07683077
0.07201701
0.066076435
0.067690015
0.06851834
0.07206941
0.070005015
0.07547108
0.07753603
0.07549426
0.06848777
0.08192025
0.07308947
0.0700533
0.06788358
0.08048956
0.07359018
0.072184496
0.06987341
0.071766436
0.07445665
0.07004264
0.07095184
0.06857495
0.07497016
0.06580296
0.06993762
0.07799654
0.07000606
0.06854821
0.071371734
0.07555832
0.07062597
0.08899736
0.065302715
0.07194615
0.070061274
0.07309795
0.06828668
0.06626504
0.07592516
0.067538895
0.06648921
0.070790574
0.066409126
0.07683738
0.06644449
0.06902762
0.06853523
0.07661521
0.06548109
0.07309472
0.074956
0.06748967
0.07161157
0.073805064
0.06925604
0.06962801
0.066558294
0.06610598
0.074013405
0.073435605
0.0696515
0.07205038
0.06863525
0.07231423
0.064987786
0.064102136
0.06597695
0.07018292
0.06425457
0.06188804
0.06357904
0.06694872
0.064727634
0.065332584
0.068774395
0.0663706
0.071066715
0.066980995
0.06753951
0.06715712
0.06486824
0.063751146
0.06277911
0.061715808
0.06358123
0.069422014
0.06285118
0.061369143
0.062306385
0.06345661
0.06442315
0.06790516
0.06482101
0.06297922
0.061921652
0.061131
0.060586788
0.06077168
0.06238644
0.06414225
0.06458792
0.0636699
0.0630465
0.06097942
0.06048481
0.05824801
0.060082566
0.06003398
0.061391722
0.06265318
0.06422407
0.062603
0.061165936
0.060029257
0.06191362
0.061933126
0.062624045
0.062184304
0.06135384
0.059258945
0.06100806
0.061786726
0.06568812
0.064608835
0.065009624
0.060287777
0.060594894
0.06072326
0.064096205
0.06450091
0.06433842
0.06379368
0.06501244
0.063869625
0.06611288
0.06686212
0.07106008
0.06763533
0.06697677
0.06572124
0.06624288
0.063570365
0.06357108
0.064018145
0.0656925
0.06641163
0.06699278
0.067094766
0.06528378
0.06339537
0.06174495
0.064429425
0.06358559
0.064950526
0.06327561
0.065056674
0.064083494
0.06580325
0.066675946
0.067722395
0.06814602
0.06536302
0.06491449
0.062215112
0.063398585
0.06202
0.062921554
0.0623668
0.06440088
0.06582497
0.06699772
0.067715645
0.06828633
0.06754862
0.0664138
0.06754424
0.070852615
0.07133605
0.06772931
0.06550682
0.065975465
0.06709497
0.06689232
0.06654444
0.06631824
0.070656285
0.079635344
0.069780886
0.066216715
0.070783205
0.06926167
0.06876879
0.06416055
0.0645791
0.06445912
0.06696056
0.06550856
0.0634923
0.06252909
0.06399318
0.06482708
0.065320514
0.06504831
0.06367707
0.06158476
0.06015136
0.062689275
0.065844655
0.06798625
0.06981135
0.06896641
0.069240086
0.06603981
0.064784124
0.061295044
0.06372854
0.06368352
0.06546169
0.065688126
0.067313366
0.0678239
0.0659382
0.065902166
0.06788701
0.06907806
0.068637565
0.06945339
0.06884917
0.06906681
0.069173135
0.07000853
0.07043035
0.06808974
0.0697043
0.07017189
0.07166217
0.07086279
0.07227113
0.069849595
0.068061344
0.06540543
0.07044718
0.072108395
0.07440932
0.07188454
0.076828025
0.08649828
0.07660263
0.070986606
0.06995716
0.07170069
0.07224305
0.070896186
0.072103694
0.073993616
0.07653109
0.07562157
0.07728372
0.075433485
0.07481368
0.07199133
0.07108969
0.07556512
0.08320134
0.07756984
0.07708603
0.08079038
0.08245988
0.08039786
0.07798063
0.072810985
0.07528739
0.074914664
0.0835277
0.09356004
0.07894184
0.07115031
0.0715557
0.07211036
0.07232549
0.073477454
0.074122086
0.0745828
0.073683925
0.072254665
0.072083026
0.07116632
0.07067421
0.074259646
0.07448251
0.074066594
0.07258935
0.07624714
0.07679522
0.075252265
0.0727404
0.076812394
0.07799713
0.07595783
0.07554267
0.0744298
0.07685019
0.075034045
0.07567524
0.07476969
0.073081754
0.07229367
0.07205636
0.07443334
0.07221354
0.07117909
0.06831288
0.06963936
0.0704261
0.07035774
0.07107806
0.07197931
0.073209494
0.07253404
0.07241355
0.07138818
0.07016451
0.0688834
0.06750164
0.068680614
0.0678881
0.07199569
0.06761691
0.0691912
0.066817015
0.069878876
0.068148956
0.06458925
0.06778437
0.07053617
0.07671892
0.0718238
0.06983581
0.06497684
0.06752822
0.06700394
0.06893717
0.07045405
0.07401081
0.075452365
0.075204365
0.072375335
0.073110886
0.07221179
0.07591225
0.07519688
0.075675495
0.07348399
0.072446495
0.07350279
0.07081429
0.06810222
0.066292286
0.06813176
0.06933569
0.07179244
0.071870655
0.07242218
0.06860111
0.0670786
0.066534705
0.070229515
0.07076335
0.072544344
0.068667755
0.07200021
0.070684716
0.07337226
0.071149744
0.071122564
0.06818276
0.06665011
0.064013824
0.069936305
0.07158662
0.07450784
0.06923422
0.069528505
0.07089455
0.069226034
0.06939978
0.066292986
0.065918215
0.064853445
0.06421464
0.06412559
0.061392825
0.06257781
0.06841113
0.07128408
0.074194685
0.070463434
0.069234155
0.06655894
0.066804215
0.06571424
0.063426465
0.061526127
0.05952548
0.062321655
0.06370404
0.06883147
0.06936491
0.069139704
0.06850637
0.06353013
0.06498699
0.06398366
0.06548188
0.066130064
0.06625109
0.06806462
0.076382495
0.074700095
0.07677618
0.06792164
0.068414874
0.067589775
0.06731543
0.06705929
0.06639772
0.06415648
0.06539258
0.06593045
0.06684222
0.06353879
0.06542905
0.06750876
0.07213607
0.06944492
0.06523297
0.065175325
0.065409854
0.06872361
0.06661833
0.06525224
0.06599838
0.067158796
0.07013706
0.068074174
0.06607387
0.062693335
0.064319566
0.067006804
0.06895664
0.06651562
0.065949544
0.06453142
0.06640853
0.06796023
0.068663776
0.066607244
0.06365012
0.066116706
0.066879645
0.06611132
0.061903298
0.065403186
0.066190206
0.06484989
0.06203366
0.06589744
0.06839224
0.07150588
0.06842581
0.06704324
0.062258128
0.062738664
0.064368576
0.066413395
0.062223207
0.06463473
0.06336658
0.06633874
0.06401928
0.066027075
0.06616855
0.06940719
0.06986817
0.07007397
0.06751945
0.069017015
0.06950433
0.073278606
0.071708955
0.07088673
0.070682645
0.07416368
0.07940673
0.07578825
0.072170176
0.06681025
0.06709167
0.069081336
0.073310085
0.072284
0.07283478
0.070141315
0.06910678
0.06560976
0.06452373
0.06758287
0.07073886
0.07245719
0.07295782
0.07200554
0.07177753
0.072637066
0.071891464
0.07271116
0.069597684
0.066179
0.06511993
0.06686171
0.07040812
0.06975771
0.07132926
0.07064048
0.070691
0.068224646
0.06649571
0.065716036
0.069528036
0.06979013
0.07142805
0.0650548
0.06687085
0.06401446
0.06898488
0.06746772
0.06762124
0.06332666
0.06458617
0.065997764
0.0675174
0.06862139
0.0682638
0.07066552
0.0715634
0.07603234
0.07669916
0.074405946
0.0737219
0.07012762
0.070874445
0.068469696
0.06732247
0.06702652
0.069604576
0.073396645
0.071957275
0.068613246
0.06780373
0.064613774
0.06689118
0.06432508
0.06781286
0.06540587
0.06723874
0.06696255
0.06634402
0.06498191
0.06398446
0.06281445
0.06037295
0.064455815
0.06534791
0.0685498
0.0680225
0.067924544
0.06870052
0.067067765
0.06480254
0.06442185
0.064709604
0.066407576
0.063349664
0.061221495
0.0627872
0.06759659
0.067515716
0.070547454
0.0661386
0.06498869
0.06140394
0.060662724
0.063877724
0.063954085
0.06485648
0.06260453
0.062301584
0.06027296
0.062135693
0.062587015
0.0653491
0.06420826
0.06406292
0.06506978
0.064159244
0.06327162
0.0611362
0.05931641
0.05655459
0.057690587
0.05913571
0.061400563
0.058334332
0.055852603
0.054274395
0.056454416
0.060183663
0.06559322
0.06744722
0.06624712
0.06179796
0.061126996
0.06450323
0.06541975
0.06538894
0.058183853
0.055714626
0.053054944
0.054466017
0.058996253
0.065045975
0.06583337
0.06332103
0.059409708
0.06266355
0.06292563
0.06580137
0.067250706
0.06418329
0.060914204
0.06288516
0.06673162
0.07082512
0.06681922
0.06897846
0.06776978
0.067223854
0.06307406
0.061900128
0.06289493
0.06405433
0.06408441
0.06553918
0.0702384
0.073047474
0.07439673
0.07129569
0.0692583
0.06626286
0.063477404
0.060205117
0.060411084
0.066188596
0.07019438
0.11349951
0.19518933
0.12713528
0.08424964
0.06463177
0.061844993
0.065262526
0.070661366
0.07526798
0.069978334
0.0656774
0.06663866
0.06714465
0.0663236
0.06200416
0.06486348
0.066679135
0.06622553
0.06270713
0.06583258
0.069868006
0.0702055
0.066446625
0.06491503
0.0634224
0.062075686
0.061460093
0.061657753
0.065160684
0.06379093
0.06377974
0.06161564
0.05757303
0.0613586
0.0630403
0.069189675
0.066573136
0.065832995
0.06281008
0.06302474
0.059857663
0.06315603
0.06100975
0.06363002
0.056879465
0.059694093
0.059023943
0.06381202
0.05954362
0.057652865
0.055868525
0.060223028
0.061759163
0.061538067
0.060719796
0.05984561
0.060588308
0.0590116
0.060497724
0.06350902
0.06765553
0.06722595
0.06487197
0.06311696
0.061121315
0.059169844
0.057890803
0.057900146
0.056300037
0.059874807
0.060962085
0.063333064
0.060891867
0.066736504
0.06414099
0.0635105
0.059209485
0.061536476
0.063396126
0.06076522
0.06504034
0.06287209
0.06796628
0.065106265
0.063697025
0.062263574
0.06112522
0.064851835
0.0656011
0.06368461
0.06104502
0.058129996
0.06123322
0.05909624
0.0565991
0.056890104
0.06078548
0.06411546
0.062819004
0.06239208
0.061724123
0.060946744
0.05984264
0.06039353
0.058692478
0.055653468
0.055249702
0.058381822
0.06206359
0.061537188
0.060642034
0.059046317
0.058198337
0.05706017
0.05755182
0.06022693
0.061263137
0.060233682
0.060385894
0.06166405
0.060235687
0.0587992
0.058672283
0.061077513
0.06469553
0.06363514
0.07110207
0.06702555
0.06471741
0.057096697
0.056909397
0.057228938
0.05805389
0.05861623
0.05656832
0.056840647
0.056422547
0.059026565
0.061388448
0.06338366
0.06347323
0.061240494
0.057526495
0.053266644
0.05126129
0.051388714
0.051346663
0.05169825
0.05347177
0.054393716
0.052830115
0.052257527
0.04974472
0.05085068
0.052188516
0.053985246
0.05880293
0.060368042
0.06142452
0.061599158
0.05940133
0.057306267
0.053524803
0.054134056
0.05390857
0.055338096
0.054355796
0.05536103
0.053077593
0.052496493
0.052481674
0.051769227
0.05295438
0.052419465
0.05533886
0.055121984
0.055314418
0.05404756
0.056798775
0.054667924
0.0541064
0.052342527
0.051255766
0.050056998
0.04937683
0.050585743
0.05526358
0.055343844
0.056058854
0.055925354
0.056984983
0.052971292
0.05396171
0.05140119
0.050550107
0.04955542
0.04974111
0.04948785
0.051547028
0.055129953
0.053739853
0.05436422
0.05491347
0.05377889
0.051661056
0.051119633
0.050628792
0.05023893
0.05047761
0.051054984
0.050417017
0.05132777
0.050291065
0.050773714
0.048249252
0.0475804
0.046005744
0.045571793
0.04422468
0.044714246
0.04535791
0.044405654
0.044964388
0.047370408
0.047010913
0.049739953
0.048943333
0.04882841
0.050500084
0.048872966
0.046028424
0.047061138
0.046994485
0.04128657
0.04336232
0.043456685
0.044223186
0.04531615
0.045859136
0.044003874
0.044386536
0.044910498
0.0426274
0.043470293
0.04474239
0.044555534
0.044843372
0.045727182
0.044866703
0.04452718
0.045004487
0.043216772
0.043637827
0.04295262
0.04437726
0.042768903
0.042772785
0.04267639
0.0436956
0.043212127
0.04464087
0.0448452
0.043998428
0.045460787
0.048120726
0.04820684
0.047894593
0.048105724
0.04997447
0.046840373
0.04743181
0.04972577
0.050618727
0.050887045
0.054266207
0.052729614
0.053580534
0.05482528
0.051465865
0.048690006
0.050298937
0.04741693
0.04694668
0.04548538
0.04581176
0.045543
0.0468591
0.04422001
0.04503904
0.04414687
0.044519916
0.04524636
0.048897937
0.051236525
0.05392329
0.053126447
0.05140345
0.049756933
0.04905453
0.046380445
0.048247725
0.048226673
0.048056025
0.049931165
0.052653126
0.053274054
0.056163583
0.056575052
0.057445373
0.05775369
0.056346662
0.056015052
0.05686609
0.05326523
0.054252543
0.055239044
0.053886056
0.05280291
0.056684494
0.052267864
0.05036571
0.050432455
0.050644685
0.04952266
0.052039865
0.054215137
0.05542802
0.05550136
0.054633044
0.054718696
0.053579118
0.053326067
0.051653136
0.054799896
0.0552699
0.05476385
0.054933082
0.05559856
0.052327167
0.05119588
0.05065085
0.051439285
0.053017817
0.05215303
0.05115015
0.04960525
0.04735865
0.048327595
0.046508767
0.045866385
0.04747228
0.046754785
0.04648521
0.044613637
0.04585813
0.04759943
0.05048493
0.053533923
0.054296903
0.05423779
0.052090127
0.048156716
0.046742298
0.04774874
0.046750244
0.04922285
0.05061507
0.052755706
0.0523337
0.048706897
0.04884889
0.047466785
0.047375787
0.049466178
0.050235145
0.052049465
0.051935073
0.051297013
0.051767547
0.05443314
0.0541747
0.05336147
0.05577909
0.057566833
0.056777768
0.05606503
0.054870285
0.05778546
0.05389038
0.05557405
0.056440406
0.059432045
0.05688031
0.057499133
0.05515813
0.05423417
0.05121925
0.052384976
0.05435208
0.052591566
0.0536402
0.05651114
0.058033533
0.055489432
0.061149385
0.06062728
0.061013028
0.057483103
0.05942404
0.056664206
0.059073407
0.056840386
0.057362467
0.058810078
0.060977824
0.059709795
0.06147043
0.061589736
0.060082927
0.056827743
0.056001563
0.05590017
0.05797016
0.05977154
0.05908364
0.05998717
0.058034766
0.055006225
0.054167718
0.051275883
0.05304921
0.053626996
0.05658228
0.060878355
0.06193834
0.06459998
0.06449402
0.0643596
0.063657016
0.06478218
0.066079766
0.06617027
0.06843072
0.06765798
0.06543654
0.06524099
0.06391489
0.062292114
0.06366457
0.06412396
0.06188397
0.06285389
0.061913125
0.059054073
0.059422992
0.06021251
0.059789572
0.059432827
0.063022956
0.06364146
0.06448417
0.06567985
0.06370287
0.061248418
0.063137434
0.0645782
0.062869854
0.065042004
0.06500783
0.062310144
0.062441736
0.06522942
0.06568085
0.06678475
0.06741895
0.066051684
0.0651864
0.06322785
0.06256061
0.06298637
0.062626466
0.06277817
0.063837685
0.06275165
0.063531734
0.06289347
0.06126443
0.060185898
0.062304392
0.06090804
0.06112178
0.05770666
0.056773722
0.0555927
0.053130157
0.051677752
0.051359944
0.054452945
0.054368235
0.053593025
0.054398727
0.054620177
0.055855215
0.055422015
0.059456088
0.06263466
0.061367262
0.0619862
0.06051333
0.056176458
0.055588014
0.049934823
0.050986167
0.049967986
0.048927348
0.04916946
0.04971382
0.052302457
0.053177398
0.0531728
0.05230404
0.05382964
0.05519165
0.055406414
0.05267931
0.04972636
0.048198137
0.04857858
0.048731238
0.04753754
0.04774188
0.049276073
0.050974485
0.052522026
0.051731534
0.050235827
0.052354038
0.05093859
0.049959235
0.05056737
0.04987596
0.050530154
0.05100836
0.052731734
0.054028
0.05363595
0.055005435
0.05400826
0.0541746
0.0577897
0.054867055
0.054852672
0.055194885
0.052380845
0.052991997
0.051813517
0.046379805
0.047412228
0.047901884
0.04653977
0.04538806
0.04751059
0.048861343
0.04956365
0.048243154
0.047919564
0.047015242
0.04935198
0.05066001
0.047503717
0.05046969
0.050366335
0.050175358
0.04912968
0.048294943
0.05041668
0.05150039
0.051502477
0.05441986
0.05398135
0.05524129
0.05524281
0.05459928
0.054868788
0.052696817
0.049900666
0.051352393
0.05010839
0.04882871
0.048095953
0.04770524
0.04811952
0.04970266
0.049166933
0.04999577
0.051491402
0.055827737
0.055246774
0.055459097
0.054046184
0.057295863
0.056991555
0.05527217
0.054772392
0.054005247
0.053267874
0.055796348
0.0537268
0.053426374
0.052780733
0.05154096
0.051844988
0.05240685
0.050711
0.04949443
0.04778969
0.047725875
0.047943514
0.04979722
0.05009223
0.051880687
0.051612552
0.050502654
0.053383682
0.053347085
0.05287078
0.05117158
0.048929915
0.048725627
0.050176177
0.05055786
0.049472716
0.05146744
0.054235123
0.055478748
0.0545562
0.055842165
0.053690154
0.05379789
0.056119446
0.053574424
0.05398709
0.054682203
0.053112112
0.053231373
0.054833207
0.054020952
0.054754015
0.055251468
0.055992853
0.058636535
0.057394028
0.057615653
0.05667556
0.055117812
0.05501447
0.05596903
0.05531417
0.05680512
0.055389125
0.056531582
0.056838904
0.057364386
0.058833092
0.056654792
0.054954745
0.052264273
0.053148236
0.052372806
0.052197654
0.05297371
0.051041923
0.051241826
0.05201924
0.05195556
0.055304594
0.05513955
0.05767195
0.055773262
0.05545003
0.05706384
0.058132723
0.056045488
0.054749567
0.054099284
0.05387992
0.056164324
0.056031816
0.05652146
0.055163085
0.05612669
0.057449605
0.059183843
0.05927039
0.06016129
0.06057313
0.06100251
0.060838155
0.06225501
0.06187247
0.06161349
0.060264327
0.05924071
0.05750138
0.057716027
0.057673417
0.056359023
0.054229103
0.052700605
0.053119767
0.053497624
0.052627727
0.053016685
0.049400046
0.050184038
0.049759343
0.05205362
0.052452702
0.05214405
0.05179709
0.049659807
0.046589248
0.04665784
0.046719935
0.045509912
0.044176593
0.04243384
0.04169098
0.040611364
0.04194644
0.042904604
0.043563843
0.04521743
0.04379077
0.04494741
0.045467075
0.046697672
0.046736468
0.047263674
0.04810206
0.045772858
0.046900485
0.04573636
0.04750787
0.048561987
0.047709204
0.04793507
0.048439562
0.04900001
0.048755135
0.047896743
0.047309656
0.045453504
0.046911437
0.04543105
0.045431815
0.04557028
0.044595953
0.043471456
0.04211047
0.041785892
0.04185742
0.041680053
0.04190077
0.04217854
0.04146867
0.04013765
0.03954161
0.038859345
0.03918158
0.040271312
0.040530115
0.040857695
0.040430672
0.03985209
0.04057006
0.040304206
0.040921777
0.041695397
0.042427685
0.042138934
0.043899603
0.04463132
0.044184193
0.04419096
0.04565029
0.04722667
0.0483809
0.04903705
0.047967453
0.04968721
0.049100537
0.0503722
0.048207358
0.047612652
0.04738694
0.048169293
0.047378
0.044903565
0.043571882
0.044151627
0.04566649
0.044065997
0.045787107
0.045274455
0.046196613
0.045980766
0.046968114
0.047305964
0.046814773
0.04931962
0.050502688
0.051424038
0.050800055
0.050379526
0.049616728
0.04844138
0.047864858
0.047781136
0.049541596
0.05185693
0.052463926
0.054069076
0.05260366
0.053590722
0.054342337
0.055394527
0.056114182
0.055925652
0.056558944
0.057863425
0.05618934
0.05380986
0.05359258
0.054511443
0.05389486
0.055419073
0.056702893
0.055822004
0.05662577
0.056053694
0.053626023
0.053372595
0.053932235
0.053426635
0.053280633
0.05267412
0.05165622
0.050356008
0.049011443
0.051406488
0.05219161
0.053149514
0.056346938
0.057104964
0.058212075
0.060907494
0.060121335
0.059960257
0.06073822
0.061010823
0.06183186
0.0594557
0.058399018
0.06035217
0.059107278
0.059910808
0.057842
0.05563792
0.057550147
0.058931436
0.06057634
0.05969323
0.06041576
0.062101807
0.060348783
0.05897159
0.060250122
0.05840737
0.060669042
0.062271163
0.06279176
0.0620037
0.062473968
0.06205055
0.06361782
0.065034874
0.067217305
0.0687848
0.06790159
0.070836924
0.07087191
0.06978265
0.072181895
0.07266969
0.075173564
0.07604696
0.07574936
0.07439319
0.07365979
0.07473091
0.07130402
0.07116586
0.069501646
0.06738596
0.067933805
0.066522785
0.06670707
0.06638197
0.06248083
0.061839048
0.060401518
0.058956288
0.05939323
0.059607506
0.060212445
0.05936577
0.059704453
0.057615653
0.05906933
0.05809151
0.05804894
0.059616584
0.06005518
0.06069666
0.06158448
0.062239733
0.061710566
0.06178141
0.061125103
0.05906462
0.05946205
0.061907917
0.06257332
0.06292979
0.061932493
0.061651796
0.06255608
0.061987855
0.061643675
0.061162338
0.062186457
0.063692845
0.06509152
0.06578446
0.0638416
0.061902042
0.06001171
0.06078761
0.060806002
0.061669264
0.06206925
0.06286239
0.06315078
0.06284815
0.061528716
0.060925495
0.062548906
0.06217151
0.062356863
0.06125978
0.06143249
0.06260146
0.06109282
0.061092075
0.061323058
0.060900737
0.059305497
0.0592756
0.060327385
0.058902897
0.057340313
0.05766729
0.0577865
0.057745922
0.057425197
0.05809877
0.058180157
0.059426107
0.059209745
0.057425547
0.05654304
0.05530868
0.054677576
0.054376837
0.053357106
0.054353278
0.05544976
0.054006588
0.054159917
0.052140653
0.050496366
0.050398957
0.049811125
0.048534963
0.04756187
0.045851197
0.044780497
0.045826446
0.045475252
0.044452257
0.04532418
0.04586564
0.04510373
0.04666308
0.045635354
0.044579893
0.044101458
0.043851264
0.044024464
0.044179354
0.04440176
0.044718955
0.045726735
0.04658351
0.04616455
0.04716364
0.04923898
0.04875219
0.04801558
0.04779584
0.049436845
0.049175344
0.048955154
0.049449373
0.04815654
0.049094766
0.050470706
0.05001366
0.05096935
0.05264351
0.05279494
0.05192876
0.051298227
0.049547456
0.04818057
0.048726022
0.048853256
0.048534006
0.04707167
0.046323266
0.044842254
0.04471219
0.044613257
0.043034762
0.04175361
0.041404616
0.041007135
0.04089193
0.040549386
0.039603937
0.038842842
0.039287202
0.039469816
0.038117357
0.0385376
0.038668748
0.0386076
0.03966302
0.040489763
0.040341057
0.039387524
0.040291045
0.04083697
0.041088957
0.04073104
0.042303387
0.04256335
0.042458
0.042285003
0.04320228
0.04330139
0.043248933
0.04240967
0.042975426
0.043172836
0.043775212
0.0426867
0.0426492
0.042388365
0.043611925
0.043326218
0.04322916
0.042773966
0.042412095
0.041257396
0.040970273
0.040436044
0.04059013
0.040865563
0.040485833
0.03989733
0.040093407
0.039912075
0.039189354
0.038888708
0.039034486
0.03968081
0.039088048
0.03832622
0.03751243
0.03762624
0.036928993
0.03663217
0.036546595
0.036604412
0.03639683
0.037197024
0.037588034
0.036820147
0.037141547
0.036577515
0.03633182
0.036570452
0.036642816
0.03738705
0.037084933
0.03825746
0.038408585
0.03786613
0.03830373
0.037913498
0.038917523
0.039000664
0.03987202
0.041153837
0.040295053
0.03975815
0.039321188
0.03955141
0.0396823
0.04107477
0.04164343
0.042509306
0.04282091
0.04242776
0.04195396
0.041229453
0.04127005
0.04267528
0.041508485
0.04090014
0.04109795
0.040234275
0.040547624
0.04106436
0.041266587
0.04074883
0.04078633
0.04077622
0.041384235
0.040534534
0.041053113
0.040956162
0.041377254
0.04152177
0.04193957
0.042534575
0.042634398
0.042907964
0.043525778
0.042864442
0.04249796
0.041792385
0.041616607
0.041985206
0.042855494
0.043528628
0.042731605
0.04264287
0.0429837
0.043436326
0.0430923
0.04250774
0.042951748
0.043544225
0.043517258
0.044307873
0.044029906
0.043957975
0.044038802
0.04417354
0.04288126
0.04178441
0.042111073
0.041273028
0.04060713
0.04057312
0.04063595
0.040215798
0.040405445
0.040974036
0.04062748
0.04041922
0.04019842
0.039651923
0.03910043
0.039318994
0.039941285
0.039519046
0.040175248
0.040135726
0.040388376
0.04082073
0.041315906
0.04095428
0.041044366
0.041189265
0.041470412
0.041793596
0.042372722
0.042773016
0.043404065
0.042802606
0.043185096
0.042544663
0.04277691
0.04272281
0.043141194
0.043719806
0.045121297
0.04594013
0.045887187
0.04622624
0.046607614
0.04741654
0.048189625
0.04845658
0.04884555
0.049335483
0.04904525
0.04842058
0.047636475
0.04601702
0.045705974
0.04494179
0.044472992
0.044058178
0.04431401
0.043153495
0.04239432
0.04151881
0.041474316
0.0416223
0.040667024
0.04047629
0.04035804
0.03944807
0.03914707
0.03842389
0.03849229
0.038189396
0.03734145
0.03722531
0.036524665
0.036577415
0.036054503
0.03564977
0.035590168
0.035483528
0.035414413
0.03505115
0.034556147
0.03451257
0.033890013
0.033895604
0.033677585
0.033611726
0.03334047
0.033013284
0.03241435
0.032022938
0.031739842
0.031439073
0.030991599
0.030587707
0.030115942
0.029583056
0.029238045
0.028698448
0.028466173
0.02805479
0.027571088
0.027206905
0.026767338
0.026348533
0.025949212
0.025568202
0.025204426
0.024856895
0.024524696
0.024206985
0.023902982
0.02361197
0.02333328
0.023066292
0.022810427
0.022565154
0.022329971
0.022104416
0.021888055
0.02168048
0.021481317
0.021290207
0.021106822
0.02093085
0.020762002
0.020600004
0.020444598
0.020295545
0.02015262
0.020015607
0.019884309
0.019758537
0.019638116
0.01952288
0.019412668
0.01930734
0.019206753
0.019110776
0.01901929
0.01893218
0.018849336
0.018770656
0.018696047
0.018625418
0.018558688
0.018495778
0.018436613
0.018381128
0.01832926
0.01828095
0.018236144
0.018194793
0.018156849
0.018122274
0.018091029
0.01806308
0.018038396
0.018016953
0.017998727
0.0179837
0.017971851
0.017963175
0.017957656
0.017955292
0.017955292
0.017955292
0.017955292
0.017955292
0.017955292
0.017955292
0.017955292
0.017955292
0.017955292
0.017955292
0.017955292
0.017955292
0.017955292
0.017955292
0.017955292
0.017955292
0.017955292
0.017955292
0.017955292
0.017955292
0.017955292
0.017955292
0.017955292
0.017955292
0.017955292
0.017955292
0.017955292
0.017955292
0.017955292
0.017955292
0.017955292
0.017955292
0.017955292
0.017955292
0.017955292
0.017955292
0.017955292
0.017955292
0.017955292
0.017955292
0.017955292
0.017955292
0.017955292
0.017955292
0.017955292
0.017955292
0.017955292
0.017955292
0.017955292
0.017955292
0.017955292
0.017955292
0.017955292
0.017955292
0.017955292
0.017955292
0.017955292
0.017955292
0.017955292
0.017955292
0.017955292
0.017955292
0.017955292
0.017955292
0.017955292
0.017955292
0.017955292
0.017955292
0.017955292
0.017955292
0.017955292
0.017955292
0.017955292
0.017955292
0.017955292
0.017955292
0.017955292
0.017955292
0.017955292
0.017955292
0.017955292
0.017955292
0.017955292
0.017955292
0.017955292
0.017955292
0.017955292
0.017955292
0.017955292
0.017955292
0.017955292
0.017955292
0.017955292
0.017955292
0.017955292
0.017955292
0.017955292
0.017955292
0.017955292
0.017955292
0.017955292
0.017955292
0.017955292
0.017955292
0.017955292
0.017955292
