1152.3098
389.6744
180.02193
127.69174
100.6133
83.48195
71.40575
62.152702
55.00206
49.23809
44.503475
40.512104
37.232647
34.252026
31.699944
29.556055
27.613478
25.750835
24.176815
22.751945
21.531816
20.303272
19.262209
18.265305
17.343681
16.548082
15.885575
15.086279
14.605605
14.059339
13.338204
12.850203
12.3855505
11.797972
11.375241
10.939819
10.544994
10.190629
9.970235
9.564439
9.173187
8.952517
8.619877
8.386856
8.117388
7.8871393
7.7504535
7.500895
7.225662
7.0056195
6.8272743
6.6507664
6.4773145
6.3961506
6.24132
5.9778256
5.8118114
5.6994123
5.5758796
5.4544544
5.321011
5.2838545
5.1135755
4.9586425
4.853693
4.743673
4.6513205
4.6016974
4.4865313
4.391471
4.2772775
4.2347054
4.139553
4.0281754
3.9478064
3.8891656
3.8211434
3.7714345
3.6825132
3.6095574
3.5608685
3.4802084
3.4038599
3.3533556
3.3076713
3.2599142
3.2061682
3.166257
3.1038647
3.1088955
3.0253148
2.9541316
2.9131515
2.8835213
2.8509755
2.7942834
2.7423196
2.7204418
2.6814296
2.6420925
2.5995545
2.5770714
2.5341573
2.5086617
2.4801168
2.4757543
2.4291594
2.3805568
2.3528914
2.3190548
2.3037555
2.2730467
2.2708747
2.2102897
2.2029083
2.1821835
2.1453402
2.1038492
2.1008356
2.068316
2.0306487
2.0349069
1.9827172
1.9817382
2.0027332
1.9325716
1.9091626
1.906439
1.8875515
1.8599442
1.8368545
1.8395284
1.8082769
1.7960244
1.7823586
1.7628664
1.7520198
1.7349734
1.7282153
1.7116861
1.685221
1.6577643
1.6492517
1.6429533
1.625878
1.6045474
1.5955173
1.5799689
1.5700079
1.5600886
1.5492083
1.5280885
1.5237105
1.5069393
1.4963535
1.4898462
1.476524
1.4598808
1.4530841
1.4454198
1.427767
1.4283227
1.4021344
1.3952634
1.4168143
1.3860772
1.3831147
1.370179
1.3724236
1.3547255
1.3370544
1.3254839
1.3129408
1.3191926
1.3147949
1.3016174
1.3089919
1.2834755
1.3180712
1.3034767
1.259979
1.2549617
1.2530347
1.2407229
1.2439178
1.2242186
1.2091866
1.2099123
1.2055733
1.194691
1.1859152
1.1778375
1.1649992
1.1556479
1.1468406
1.1494336
1.1368446
1.1299556
1.1224477
1.1185659
1.1120956
1.1040734
1.0948557
1.0961726
1.0856061
1.0840827
1.076116
1.0659957
1.0636977
1.0655704
1.0511987
1.046146
1.0402253
1.0415398
1.0370837
1.0276821
1.0212514
1.0224454
1.0199479
1.0170517
1.0039985
1.0024172
1.003563
0.9929847
0.985696
0.9830165
0.981134
0.9738287
0.9781242
0.9890875
0.97135913
0.96078527
0.9590718
0.95363075
0.9515948
0.94486547
0.94996065
0.93933827
0.93950325
0.93364143
0.9309004
0.93179125
0.92808455
0.92579806
0.9234007
0.9128172
0.91635936
0.9170335
0.91595626
0.89723295
0.9009476
0.8996251
0.8919836
0.89015025
0.88795716
0.88384837
0.88319534
0.8838685
0.8776618
0.874648
0.877526
0.8715963
0.86479646
0.86751825
0.8641203
0.8751223
0.8595869
0.85693383
0.8511293
0.85517883
0.85089034
0.8517839
0.85536194
0.84286934
0.84498334
0.84015393
0.84600896
0.83861005
0.84340197
0.8421975
0.850587
0.83011866
0.83315563
0.8392814
0.8317983
0.83760077
0.8316896
0.83478385
0.82970494
0.8288494
0.8220224
0.825512
0.8192808
0.815999
0.81952655
0.81067866
0.8121738
0.8129419
0.8127445
0.80330473
0.8126781
0.7983285
0.8022914
0.79728484
0.8029405
0.79544395
0.78791606
0.7869177
0.78461564
0.7831599
0.7905659
0.7796875
0.7772722
0.77698255
0.777268
0.7777466
0.77907246
0.7741299
0.77571946
0.7797805
0.7690354
0.7695637
0.77098787
0.7721846
0.76777345
0.7607087
0.76569194
0.7682953
0.76145846
0.76607656
0.76285946
0.7596185
0.7569159
0.7493708
0.7474026
0.7474984
0.7470484
0.7448179
0.74940306
0.74859685
0.74208504
0.7399462
0.746314
0.7437679
0.74028575
0.74761295
0.7409199
0.73888534
0.73741186
0.73506033
0.732938
0.7334058
0.72707355
0.73310715
0.72826684
0.7316691
0.72618383
0.72808516
0.7179357
0.71759504
0.72458136
0.7169397
0.713325
0.71852523
0.71521074
0.714477
0.7094323
0.71445423
0.71560335
0.7077214
0.71030366
0.7066466
0.70527506
0.7011399
0.6966332
0.70142716
0.700159
0.7043479
0.6971097
0.6979116
0.69979167
0.69879496
0.6931493
0.69497645
0.7009119
0.6942824
0.6974918
0.69748193
0.69493407
0.6959664
0.6894551
0.6874094
0.6923656
0.686447
0.6855321
0.68806195
0.6809217
0.68765426
0.67554665
0.68009615
0.67694074
0.67911047
0.6799127
0.6747556
0.67081887
0.6753065
0.6711986
0.6724232
0.66842043
0.6714834
0.6726316
0.66399723
0.6624511
0.6662935
0.6570494
0.6629982
0.6660329
0.6605324
0.66299653
0.6569215
0.65554047
0.65466195
0.65290457
0.6538183
0.64769953
0.6494727
0.65272504
0.6561058
0.6466423
0.6489421
0.64379555
0.64551806
0.6467811
0.6396971
0.6366423
0.63878804
0.6380069
0.63336664
0.6385331
0.63491184
0.6398639
0.634599
0.6363618
0.63562995
0.6337389
0.6316471
0.62901783
0.628361
0.6310737
0.6315993
0.6222093
0.62723523
0.6269813
0.6239703
0.6173403
0.6247101
0.622516
0.62227887
0.61936736
0.6182672
0.62197375
0.6191924
0.61205167
0.6197701
0.61537284
0.6124819
0.6145328
0.6103371
0.6136406
0.61347336
0.60980713
0.61545724
0.6108763
0.6050032
0.6079626
0.60700756
0.6058107
0.6063736
0.60116464
0.6028918
0.6066112
0.60917276
0.61231744
0.61784065
0.6077562
0.60312194
0.6058018
0.60609746
0.6049698
0.6052913
0.610986
0.60107636
0.5995476
0.5995681
0.6034796
0.6049904
0.59680504
0.6037495
0.60264736
0.6020325
0.59722644
0.5990116
0.6031205
0.6002762
0.6049295
0.6037925
0.6035535
0.5946716
0.59897304
0.597327
0.59251845
0.5952591
0.5961165
0.62302804
0.5993644
0.60107034
0.5967594
0.59647995
0.599863
0.59920716
0.59863204
0.59583133
0.5962946
0.5980542
0.59470916
0.58923644
0.60694903
0.5922789
0.59157586
0.58645725
0.59310704
0.5874715
0.59381884
0.5831958
0.59029436
0.58940446
0.59124905
0.58629805
0.58570844
0.5866663
0.58896357
0.58413273
0.5856261
0.58234143
0.58584857
0.58239937
0.5877946
0.58905745
0.5887779
0.58223903
0.5812355
0.5892308
0.5797437
0.5817752
0.583769
0.58661205
0.58449423
0.5891283
0.5854281
0.5833263
0.58620954
0.58795565
0.58691585
0.58291596
0.5833187
0.5861499
0.5880459
0.58835214
0.5882074
0.5902416
0.584795
0.5838018
0.5830646
0.58855593
0.58509064
0.5859224
0.58744776
0.58569807
0.5896451
0.58368975
0.5861661
0.58759296
0.5822756
0.57945156
0.5839035
0.5873538
0.58275145
0.5875802
0.579629
0.5824859
0.5753618
0.5814528
0.5780863
0.5808784
0.57790565
0.5799942
0.5813052
0.58169055
0.5744867
0.57513475
0.57835174
0.5779881
0.581714
0.57829237
0.57856256
0.5809396
0.5734612
0.574894
0.5777485
0.57540005
0.57786727
0.5750882
0.570368
0.5732753
0.5708525
0.57523936
0.5648042
0.5699537
0.5736618
0.5702182
0.5732651
0.5657239
0.5677508
0.5793433
0.5686473
0.5665441
0.573887
0.5749269
0.5633136
0.56503063
0.5637858
0.569265
0.56631887
0.56543976
0.56412506
0.56228983
0.56560355
0.56153816
0.5606374
0.5669817
0.56369036
0.5574412
0.5590696
0.5571621
0.5541988
0.55921054
0.5558776
0.5543274
0.55593896
0.55883956
0.5568658
0.5591048
0.56185675
0.5537826
0.55735606
0.5603196
0.5541162
0.55800486
0.5539819
0.5533316
0.5546477
0.55630755
0.5561724
0.5539692
0.5528647
0.55577683
0.5580105
0.55883443
0.5532956
0.55454695
0.5548192
0.55555487
0.55518514
0.55828184
0.5502239
0.56084996
0.5536834
0.5556132
0.5534917
0.55453676
0.55287707
0.5528007
0.55168474
0.5499269
0.5587721
0.55107933
0.5523069
0.5556455
0.5513762
0.5539146
0.55123556
0.55425596
0.5552874
0.5468748
0.54594207
0.5524478
0.55048305
0.548885
0.5490888
0.55034465
0.55114126
0.5551362
0.55113584
0.54812807
0.5475449
0.545265
0.5470339
0.55301166
0.5546297
0.5517316
0.54985446
0.5555081
0.55409956
0.55040467
0.5460377
0.543597
0.54699826
0.54978496
0.5444267
0.5473317
0.54741126
0.5516342
0.5372791
0.5464389
0.5387873
0.5467477
0.5421836
0.5439418
0.5427387
0.54323345
0.5439957
0.5376275
0.53853685
0.54226965
0.5456202
0.53769535
0.540757
0.5414698
0.5402196
0.53756726
0.53646666
0.53553975
0.5377075
0.53566575
0.53753865
0.53417534
0.5412608
0.5352719
0.5358517
0.53434217
0.53448427
0.53298277
0.53387755
0.53016263
0.5323815
0.53059405
0.5253295
0.5268501
0.5313055
0.53063864
0.52706665
0.5268901
0.5310087
0.5312403
0.53174204
0.5282254
0.5221658
0.527294
0.5269574
0.5253484
0.52326506
0.52700347
0.52363414
0.52365935
0.5234612
0.5258823
0.5175908
0.5231872
0.52516294
0.52044433
0.51455986
0.52279145
0.52429426
0.521022
0.5191123
0.5226933
0.5220919
0.52140194
0.52707195
0.5246276
0.5192368
0.5268706
0.5241989
0.5230457
0.5201633
0.51749194
0.52036124
0.5199112
0.5203208
0.5223899
0.5174732
0.5165967
0.52067614
0.5189318
0.5170831
0.51967156
0.52136713
0.51867455
0.52027035
0.5190998
0.52308756
0.52087474
0.51865566
0.51768386
0.5165529
0.5218979
0.518938
0.51621175
0.5171426
0.51715606
0.51936305
0.52344936
0.51796216
0.52336395
0.51764613
0.5188297
0.52270347
0.5171338
0.52023804
0.51598203
0.5123032
0.517703
0.515684
0.5135836
0.51574415
0.51556695
0.51125044
0.5142531
0.5174865
0.51448125
0.51600933
0.51319045
0.5119641
0.5104265
0.51064724
0.509193
0.5157387
0.5134296
0.5065623
0.5080474
0.5047834
0.5071232
0.50512356
0.50716937
0.5070955
0.5044242
0.5052857
0.5058877
0.50544506
0.5061828
0.5015956
0.50165147
0.5040298
0.5032252
0.5038291
0.49930882
0.50277793
0.5045925
0.49602887
0.5025657
0.5029578
0.5045181
0.50139266
0.49487293
0.49460492
0.4986174
0.49621448
0.4943024
0.49609765
0.5002264
0.49302623
0.4909584
0.49126184
0.49691537
0.49370006
0.49843368
0.48804745
0.4907015
0.4913376
0.49309203
0.4905538
0.4855887
0.48928455
0.49036422
0.4917028
0.48670262
0.48696312
0.48357564
0.48580748
0.48586687
0.49053824
0.48756832
0.489712
0.48320988
0.48092493
0.4886744
0.48072752
0.4857368
0.48828715
0.4906651
0.4839065
0.48459125
0.48436052
0.48452115
0.48524708
0.48602134
0.478842
0.47888806
0.48288488
0.48111263
0.48476246
0.4813931
0.48034745
0.48232824
0.48277327
0.48125467
0.47840276
0.48544827
0.48463959
0.4800898
0.48061985
0.47881597
0.48315686
0.4762505
0.48101145
0.48021057
0.47412884
0.4795929
0.4801812
0.47607663
0.48282614
0.48044664
0.47426274
0.47581667
0.47380108
0.47902733
0.4765561
0.4794518
0.4795971
0.4714177
0.4761653
0.47335255
0.47036722
0.47191295
0.47394326
0.47590417
0.47251847
0.47747526
0.4756872
0.4726528
0.467745
0.47278994
0.46336183
0.47084028
0.4660913
0.46417302
0.46425363
0.47069156
0.4676784
0.4652399
0.46326813
0.46637475
0.46844438
0.46750304
0.46814442
0.46639273
0.46549213
0.4715989
0.46336964
0.47411397
0.47029448
0.46439976
0.46481958
0.46822718
0.46868157
0.46971598
0.47386497
0.46820334
0.4671613
0.46315056
0.46908417
0.47018647
0.46925464
0.46309534
0.4674356
0.47029504
0.46679476
0.47197357
0.4693386
0.46196902
0.46493596
0.46741587
0.46482542
0.46412006
0.46661508
0.46600282
0.46568483
0.46599483
0.46554267
0.47031668
0.46740738
0.47144973
0.46279815
0.46727243
0.46431836
0.46914178
0.46520245
0.46737704
0.46864387
0.4680392
0.46579108
0.46639475
0.4686991
0.4677055
0.46280646
0.46518922
0.45854595
0.46481153
0.4703109
0.4625954
0.46512845
0.4659871
0.46519983
0.46463427
0.4633251
0.4673154
0.46485975
0.46465796
0.46762067
0.4655179
0.46832994
0.46606725
0.46537834
0.4663885
0.46262437
0.45536125
0.46659952
0.45459327
0.46264562
0.46150407
0.4610531
0.46122295
0.46483314
0.46618575
0.45703152
0.46050632
0.4587456
0.45550612
0.45902616
0.45780715
0.45708966
0.4588565
0.45973217
0.45684367
0.45742908
0.45565864
0.45555377
0.45915338
0.4585796
0.45589924
0.4557792
0.45542976
0.4529266
0.45434564
0.45536745
0.44617814
0.44804618
0.45847708
0.44765863
0.44784695
0.44978055
0.44709083
0.4463801
0.45215356
0.44623703
0.45237175
0.4479126
0.4469684
0.44612995
0.45021364
0.44601834
0.4481535
0.4462637
0.45149302
0.4454608
0.4504564
0.4500901
0.45087147
0.4479253
0.44881845
0.4471806
0.44657543
0.44657567
0.44720078
0.45351002
0.44872013
0.444532
0.44998652
0.44872147
0.44957742
0.44650233
0.44678733
0.44665334
0.44594958
0.4467227
0.44806486
0.45044333
0.446211
0.44486055
0.44795048
0.44573957
0.44440523
0.44728652
0.4444565
0.44234407
0.4425781
0.4486163
0.44513965
0.44620943
0.4452231
0.43969458
0.4448198
0.4452103
0.44590092
0.43858635
0.43986484
0.442142
0.44603837
0.44855005
0.45108762
0.44578576
0.44396457
0.43666404
0.44111222
0.447552
0.4400469
0.442105
0.43879646
0.44687572
0.44126472
0.44454047
0.44246486
0.4422724
0.44472688
0.44663483
0.4433094
0.44295663
0.44912434
0.4453261
0.44422597
0.44522983
0.44265538
0.4464178
0.4486408
0.44399014
0.44483107
0.44267115
0.44054914
0.44224778
0.44320288
0.4444969
0.43876898
0.44285244
0.43877354
0.44143155
0.44488886
0.43772772
0.4344883
0.43351486
0.4379342
0.43983647
0.4364417
0.43294203
0.4300617
0.43259767
0.43355295
0.4360414
0.43142414
0.42824575
0.43030357
0.43540817
0.43009263
0.42989272
0.43243113
0.43038768
0.43043363
0.42758316
0.43267155
0.42759472
0.4288842
0.42850292
0.4287519
0.42862383
0.427207
0.42147776
0.42558178
0.42854673
0.4253592
0.42367306
0.42673638
0.42641956
0.42084724
0.4216724
0.42188758
0.4213652
0.4256498
0.43078193
0.42302945
0.4209958
0.4214018
0.42123097
0.41925177
0.42049247
0.42052987
0.4146898
0.41412008
0.41518465
0.4174864
0.41843188
0.41478175
0.41552198
0.41213256
0.41133934
0.4112621
0.41206172
0.41143855
0.41027638
0.40992677
0.41416144
0.41058797
0.41252765
0.41257674
0.4091694
0.41032538
0.40890417
0.40830767
0.41079476
0.40901625
0.4085819
0.41177794
0.40660897
0.40925422
0.40549168
0.40957066
0.4114166
0.41092154
0.41346747
0.40928283
0.40459418
0.41227627
0.40934253
0.40813866
0.41386223
0.40797195
0.4070077
0.40903342
0.40677896
0.40374985
0.40434825
0.4111115
0.41223255
0.40824845
0.4102106
0.41170818
0.40412706
0.40773138
0.40779245
0.41023925
0.41095167
0.41005653
0.40845737
0.41383293
0.41072106
0.409662
0.41101158
0.40857178
0.41057312
0.40858957
0.4078027
0.41655806
0.4132867
0.42036346
0.4176501
0.41048115
0.40965763
0.41081804
0.41370738
0.41004714
0.40772164
0.4126736
0.4139165
0.40961617
0.40990016
0.40763152
0.41376215
0.4115187
0.41220716
0.40889412
0.41359773
0.41605037
0.41162503
0.4132138
0.4093962
0.41317877
0.40588266
0.41001457
0.40714177
0.41301233
0.4081255
0.40610033
0.4079314
0.4048804
0.406942
0.40990815
0.4078543
0.40922305
0.40676403
0.40300366
0.40925455
0.40988302
0.40907395
0.40774962
0.4081442
0.41036215
0.4057582
0.4030983
0.40449467
0.40305454
0.4029415
0.4068325
0.4037012
0.4037482
0.40530065
0.40188858
0.4034731
0.40453073
0.40171072
0.4021827
0.4019403
0.40531182
0.4030769
0.4019187
0.40493348
0.3968019
0.39919102
0.40235487
0.39896506
0.39975208
0.40347147
0.4013533
0.40254685
0.39857122
0.40417215
0.399211
0.40050593
0.40136218
0.39980665
0.40178043
0.39790446
0.4008774
0.3991893
0.3972268
0.39727497
0.4018119
0.3991431
0.4041077
0.39702252
0.39957902
0.4004448
0.39906937
0.39371297
0.39495242
0.39636332
0.39939672
0.39294407
0.3960253
0.39961225
0.39728057
0.40037924
0.39815626
0.40199536
0.39666644
0.3938587
0.39678848
0.40478277
0.39218497
0.3979266
0.39525765
0.3990688
0.39548895
0.39503422
0.39524987
0.39968425
0.40010643
0.3949338
0.38803002
0.3996019
0.39795315
0.3998856
0.4016197
0.39582396
0.39916548
0.39873797
0.39291626
0.39964238
0.40264115
0.39632514
0.3970503
0.39533824
0.3983045
0.39895427
0.39845958
0.40192464
0.39623573
0.3970597
0.3987179
0.3984777
0.39479107
0.3980665
0.3948787
0.4012912
0.39659077
0.39505515
0.39357147
0.39697984
0.39920494
0.3904518
0.39452842
0.39713162
0.39975643
0.3968057
0.3997118
0.3961868
0.39572698
0.39677656
0.3934402
0.39556372
0.39443272
0.39653644
0.39385176
0.39464414
0.392821
0.39163375
0.39349508
0.38952187
0.38852596
0.39282426
0.39385846
0.39112663
0.38733009
0.3883808
0.3927694
0.38892138
0.3941205
0.3896346
0.38654262
0.38674667
0.39200115
0.38522002
0.38924885
0.3855801
0.3843244
0.39514333
0.39010745
0.38420427
0.38531026
0.38125405
0.38448048
0.37804997
0.38116032
0.38171217
0.38300425
0.3834586
0.37737605
0.38242978
0.3798575
0.3777724
0.37699416
0.37932712
0.37585855
0.3762813
0.37678912
0.37826878
0.37337002
0.37679106
0.37627754
0.37764737
0.37397954
0.37626365
0.3739063
0.37535334
0.3732518
0.37473336
0.37299994
0.37085623
0.36937904
0.3736436
0.37577716
0.3742602
0.36857212
0.37177673
0.36825916
0.3753142
0.3690707
0.36864954
0.36951593
0.37363008
0.3711514
0.36682576
0.36954603
0.3669996
0.36345854
0.3672916
0.36379114
0.36521307
0.36646625
0.36660284
0.3662715
0.3669135
0.36549598
0.3671877
0.36576307
0.36653376
0.3622854
0.361135
0.36385956
0.3636773
0.36386535
0.3668628
0.3662395
0.3666891
0.36581412
0.36536032
0.36210322
0.3666493
0.36415312
0.36201322
0.36560634
0.36063895
0.35677966
0.36142597
0.3606404
0.36291516
0.3639795
0.36271715
0.3617331
0.35987705
0.36087382
0.35990474
0.3594943
0.3593394
0.35974258
0.35446683
0.36068508
0.3562081
0.36038134
0.3570735
0.35843825
0.3561634
0.3656679
0.36018905
0.35872513
0.3581004
0.35765594
0.35468835
0.3582843
0.35837787
0.36507323
0.35699803
0.35823834
0.35910425
0.3591399
0.3606435
0.36128688
0.35755745
0.36282185
0.35776985
0.3587277
0.3606725
0.3600944
0.3641121
0.3614699
0.36172125
0.35994384
0.35822523
0.35456643
0.36295053
0.36116686
0.3617034
0.3635622
0.36327687
0.36014956
0.35846147
0.3598762
0.36163935
0.36450037
0.36174276
0.36283702
0.36459485
0.36119565
0.36197725
0.3635098
0.36073247
0.36574078
0.3590348
0.36195192
0.35684484
0.3569145
0.36269957
0.35412553
0.36458096
0.3634134
0.35977858
0.35743165
0.36354592
0.35947284
0.35977954
0.35837778
0.3589277
0.3566051
0.3576308
0.36047733
0.3558311
0.348744
0.3547898
0.35779488
0.35502693
0.3545948
0.35077327
0.35595953
0.35648504
0.35473844
0.35349956
0.35301965
0.3522246
0.35124433
0.35227582
0.35439867
0.3556101
0.3558951
0.3557595
0.35060474
0.35388035
0.35159266
0.3540365
0.35161543
0.35678452
0.351529
0.34812596
0.3496495
0.34842128
0.34662896
0.35028532
0.35017717
0.34578213
0.34625202
0.35055152
0.34831977
0.34073573
0.34602064
0.34144685
0.34446716
0.3430166
0.3494252
0.34627014
0.34926593
0.34063324
0.34579098
0.34772578
0.3463328
0.34592834
0.34077516
0.34527004
0.34432855
0.3424049
0.34704328
0.33998108
0.34387937
0.34142682
0.3427486
0.34719914
0.34152544
0.34516406
0.3422607
0.34424543
0.34271115
0.34263828
0.34475553
0.34887516
0.3433068
0.3451239
0.33707967
0.33891353
0.33678555
0.34332296
0.34108624
0.33703634
0.34715065
0.34201756
0.3424371
0.338904
0.34170756
0.33848137
0.34410807
0.34152293
0.3420727
0.34113547
0.3433838
0.3360436
0.33859804
0.33559522
0.3384225
0.3356599
0.3395555
0.343165
0.3409799
0.3401555
0.3408693
0.3371979
0.34212744
0.3386457
0.336116
0.33447108
0.34217075
0.33980194
0.3344648
0.33758926
0.33785468
0.33697522
0.33799997
0.33217782
0.34061486
0.33271283
0.3305685
0.34036446
0.33937752
0.33974877
0.33932066
0.3342287
0.33207077
0.33918107
0.33795097
0.33497527
0.329717
0.33431605
0.33539864
0.3335144
0.33366078
0.3314396
0.33137196
0.33058286
0.33570433
0.33379346
0.32666326
0.33504608
0.33410555
0.33112013
0.33519608
0.3334548
0.3296902
0.33558595
0.33029285
0.33283514
0.33337238
0.3338114
0.33334532
0.33507085
0.33318555
0.32918394
0.33446553
0.3348655
0.33315018
0.3358203
0.3325599
0.33269274
0.3326974
0.33490184
0.33614329
0.335674
0.33684078
0.33062696
0.33483845
0.33768862
0.33586675
0.3326158
0.33136398
0.33588904
0.33452344
0.33319065
0.32960522
0.33091643
0.32541087
0.3295023
0.33609554
0.32997397
0.32929528
0.3261396
0.32845962
0.32852486
0.33149853
0.32723758
0.3311173
0.32888278
0.3291162
0.32839498
0.3330232
0.32337707
0.32843435
0.32295746
0.32885215
0.32717142
0.32599887
0.3216156
0.32897058
0.32559368
0.3273747
0.3287976
0.32311124
0.3255868
0.32640806
0.32870004
0.3269416
0.33168453
0.32527867
0.32603458
0.32639408
0.33013535
0.32707962
0.32500952
0.32334006
0.32226408
0.32175323
0.32633474
0.32756954
0.32732248
0.32530645
0.32210377
0.32056636
0.32723227
0.3231082
0.32710028
0.3237681
0.32292187
0.323874
0.32442316
0.32504666
0.3231445
0.32434
0.3243505
0.32501855
0.322119
0.3256529
0.32399005
0.3233236
0.3206062
0.32173902
0.32182732
0.3226115
0.32006398
0.32213277
0.3222816
0.32491067
0.32361427
0.3193161
0.32346365
0.31935915
0.3209557
0.32371888
0.31798387
0.3216174
0.3218298
0.3239927
0.32394317
0.32019
0.32009536
0.31930408
0.32361227
0.3231371
0.32135972
0.31807378
0.31966916
0.3200818
0.322197
0.3239038
0.31925273
0.32360417
0.31983826
0.32363153
0.31869695
0.31578064
0.3200295
0.31556925
0.32148397
0.31497687
0.31710333
0.31499094
0.32040438
0.31892884
0.3132673
0.31735495
0.3142836
0.31651598
0.3191826
0.31487778
0.31901613
0.31316134
0.31444454
0.31574115
0.3149921
0.3178132
0.31528947
0.32264408
0.318076
0.31831715
0.31573153
0.31372178
0.31687078
0.31659693
0.3134477
0.31982175
0.3192011
0.3177598
0.3171145
0.32172087
0.3180169
0.3197133
0.3119646
0.317121
0.31760937
0.3147627
0.31639615
0.31587404
0.31606874
0.3205586
0.31877354
0.3190771
0.32096016
0.31797135
0.3156408
0.3142815
0.316452
0.31467015
0.31995064
0.3215124
0.31560403
0.31180406
0.31343746
0.31029117
0.3140047
0.31168145
0.31417215
0.31577602
0.3147471
0.3121467
0.31225383
0.31553772
0.31598866
0.31716526
0.31433013
0.31179076
0.3097655
0.31256393
0.30879432
0.31026924
0.31018105
0.31180036
0.31017655
0.30991605
0.31298643
0.311036
0.30963197
0.31366903
0.3100007
0.31496388
0.3087114
0.31159404
0.3087307
0.31193805
0.31495744
0.31081346
0.30807817
0.30896783
0.3097759
0.31080958
0.3117213
0.31351146
0.3065171
0.31067547
0.30812752
0.3070607
0.3118045
0.30860305
0.3080464
0.3039954
0.30855116
0.3052319
0.30497155
0.30294976
0.30384794
0.30556124
0.3039173
0.30080667
0.30362144
0.30526757
0.30404726
0.30361727
0.30105194
0.30501398
0.30242518
0.29682913
0.30425403
0.29852855
0.29749486
0.30245456
0.30425778
0.30726144
0.30355442
0.29838067
0.30227652
0.29937345
0.30429247
0.3032595
0.29998752
0.30437988
0.29685825
0.30092317
0.30294064
0.30380243
0.30451414
0.30034572
0.30761883
0.30236277
0.29802787
0.3011274
0.30218518
0.30096877
0.3009746
0.30172002
0.2997034
0.29923305
0.29872298
0.30077267
0.30332074
0.29763687
0.2965645
0.29538566
0.30203307
0.29883727
0.29914385
0.29751322
0.2966681
0.29400203
0.30392948
0.2980495
0.30275586
0.29805866
0.30099568
0.29680645
0.3015138
0.30550414
0.29619828
0.30264646
0.30163366
0.30047986
0.29754144
0.29955497
0.3011639
0.30187896
0.30024856
0.30282617
0.3025608
0.30265012
0.2997718
0.29993162
0.29743955
0.29933026
0.297366
0.2970049
0.29610264
0.2989592
0.29733884
0.29772907
0.29851475
0.2920162
0.3002862
0.29595855
0.292473
0.29970473
0.29016247
0.2961239
0.29576007
0.29502895
0.297802
0.29421297
0.29362074
0.29682422
0.29468998
0.29455727
0.29450005
0.29345214
0.2961217
0.2938013
0.29704332
0.29370263
0.2902554
0.29330903
0.2949575
0.29680523
0.29228038
0.29759982
0.2922859
0.29443014
0.29368657
0.2902925
0.29550707
0.29106003
0.29265016
0.29426444
0.2934325
0.29149085
0.2940701
0.2933474
0.29239428
0.29382908
0.2901805
0.2933301
0.2902068
0.29358912
0.2929353
0.29030138
0.2895833
0.2900146
0.2929365
0.288457
0.29005444
0.28915814
0.29179123
0.2866649
0.28987235
0.2904643
0.29112864
0.28471142
0.2908506
0.28763744
0.28672937
0.28783
0.29124248
0.28695515
0.28605887
0.2857279
0.28313836
0.28552827
0.28964597
0.28984997
0.28835708
0.28448102
0.28741282
0.29515707
0.28725567
0.28691795
0.29015854
0.28761938
0.28855658
0.28891298
0.28940478
0.28527045
0.28890035
0.28285274
0.28526208
0.2864335
0.28320372
0.28737688
0.28168702
0.28066805
0.2818437
0.28637624
0.2816902
0.28507534
0.28230146
0.28368258
0.2833606
0.28086352
0.28314203
0.27972612
0.28242618
0.28513756
0.2839792
0.2853403
0.28363577
0.282958
0.2792806
0.28520593
0.27849057
0.28317052
0.27992243
0.28597677
0.28398627
0.2781076
0.28419283
0.28324184
0.2825469
0.28760004
0.28860956
0.28642246
0.2877106
0.28209177
0.28376585
0.28177986
0.28431115
0.28426722
0.2856427
0.28571424
0.28531244
0.28329036
0.2862859
0.27988657
0.28133956
0.28059646
0.27979416
0.28255212
0.28232738
0.27995038
0.28087604
0.2839953
0.27860075
0.28524306
0.2810627
0.28110328
0.28228852
0.2837968
0.2796862
0.28477088
0.2803343
0.2778371
0.2782876
0.27737522
0.28012544
0.28125095
0.2782277
0.28326908
0.27806017
0.2766776
0.27268383
0.27683616
0.2746341
0.27326444
0.27194476
0.27713755
0.27547505
0.27563906
0.2737558
0.27509928
0.27477124
0.26974124
0.2711826
0.26889315
0.27048448
0.27361184
0.2740995
0.27380663
0.26980066
0.27230337
0.26901853
0.2711602
0.26844156
0.27040714
0.2724887
0.2677899
0.26983967
0.2641679
0.268105
0.26639482
0.26742038
0.26874223
0.2750687
0.26617065
0.2705607
0.27136117
0.2666504
0.26724207
0.26916882
0.27019686
0.26515067
0.27032787
0.26663172
0.2661227
0.2707845
0.2686784
0.26431516
0.2654778
0.26420122
0.26908076
0.26589692
0.26601878
0.27076662
0.265851
0.26910573
0.26409745
0.2658853
0.2638099
0.26363948
0.26595962
0.26778302
0.26474518
0.26252565
0.26210448
0.2630908
0.2647086
0.26287264
0.26462463
0.26570344
0.2648489
0.26411918
0.2691224
0.26390222
0.2681879
0.2679828
0.2628699
0.26331732
0.26281565
0.26880088
0.26497173
0.26569247
0.26464683
0.2622754
0.2654657
0.26488844
0.26273257
0.2678175
0.2666691
0.26701894
0.2685737
0.26518753
0.26324725
0.26620167
0.26029357
0.26264542
0.25986475
0.26378876
0.26375586
0.26577213
0.2667708
0.26812628
0.26089132
0.26107508
0.26387075
0.26495898
0.2654492
0.2636337
0.2650413
0.2684579
0.26158983
0.26663476
0.26243174
0.2683945
0.263685
0.26541424
0.26672763
0.265702
0.2681486
0.26524663
0.26175085
0.2719286
0.26873732
0.26611435
0.27049345
0.2693305
0.26495782
0.26333177
0.26611763
0.2682629
0.2622128
0.2669179
0.26964718
0.2696641
0.26639342
0.26175785
0.26650006
0.2621915
0.26704362
0.26406136
0.27133954
0.26829875
0.26413128
0.26775193
0.26585132
0.26610842
0.26236793
0.26928276
0.2614608
0.26403207
0.26471108
0.2678743
0.2666727
0.26434654
0.2660791
0.2674512
0.2649247
0.26725808
0.26440552
0.2647211
0.26124054
0.26486897
0.264041
0.2611573
0.26236674
0.26296446
0.26740974
0.26299477
0.26467654
0.26504022
0.2626585
0.26326066
0.26058003
0.26407105
0.26288632
0.26199162
0.26219508
0.25808012
0.26386866
0.26160255
0.26030067
0.26044035
0.2611127
0.26204717
0.26198113
0.2652068
0.26021814
0.2624464
0.2633881
0.262864
0.26123917
0.25758123
0.26141822
0.2606393
0.26206207
0.26039898
0.2595358
0.26452222
0.2664593
0.2642301
0.26363412
0.26111194
0.25930175
0.25882226
0.26428926
0.25946265
0.2611455
0.2625576
0.26101637
0.2628399
0.26432073
0.2562077
0.26082215
0.2619882
0.262306
0.26290405
0.2616435
0.26106128
0.2628822
0.25870532
0.26027355
0.2578131
0.26106417
0.26082903
0.2628913
0.2610056
0.25746518
0.25553358
0.25877306
0.25672853
0.25829145
0.2582902
0.25662264
0.2551687
0.2573486
0.2546899
0.2533242
0.25483528
0.25575176
0.25594285
0.25480357
0.25120518
0.25646085
0.24962556
0.25222695
0.25010008
0.25526443
0.25396165
0.2475885
0.25132662
0.2508732
0.25300094
0.24848159
0.25104368
0.25362042
0.2487533
0.2550869
0.251057
0.24750772
0.2525925
0.25025496
0.25016043
0.25444654
0.2508443
0.24618733
0.25069052
0.25407088
0.2530576
0.24968177
0.25112516
0.2575497
0.25532088
0.2518449
0.2536736
0.24922207
0.24955444
0.24883285
0.2528702
0.24562156
0.25283253
0.25338846
0.24873288
0.24948956
0.24736315
0.24892578
0.2527887
0.25154495
0.24722025
0.25550976
0.24928783
0.25589287
0.24972704
0.2509984
0.2504042
0.25333264
0.253132
0.25077224
0.24803391
0.24551947
0.2548701
0.25085738
0.25003555
0.25030977
0.25183594
0.25058544
0.25690806
0.25405955
0.25318173
0.25023
0.24772331
0.24733773
0.2543345
0.25298402
0.25153112
0.25168106
0.25124657
0.25115076
0.25076967
0.2516641
0.25176015
0.25007334
0.25191447
0.25412288
0.25008494
0.257653
0.25514948
0.25690648
0.2513503
0.25324476
0.25102603
0.25289473
0.25386465
0.24829035
0.24862726
0.24933855
0.25541267
0.25228626
0.25120655
0.24953721
0.25273025
0.2533701
0.25287488
0.24746257
0.25072706
0.24810398
0.25010523
0.24756835
0.24811938
0.2518911
0.2472753
0.24732909
0.24455358
0.2511738
0.24542728
0.24805549
0.24865079
0.25065503
0.25114322
0.24730647
0.25334764
0.24901086
0.2516808
0.2543483
0.25441876
0.24760708
0.24977337
0.24910988
0.25028768
0.25039688
0.24852507
0.25314972
0.25481412
0.2519623
0.2529853
0.250944
0.2487703
0.24836518
0.25013506
0.2545696
0.24740139
0.251786
0.2520493
0.25117192
0.25236544
0.24797465
0.25069463
0.2438299
0.2469617
0.24657735
0.24769507
0.24829444
0.24498293
0.24739432
0.24486156
0.24413456
0.24086283
0.2431765
0.24487457
0.2412684
0.24312556
0.24410813
0.24436198
0.24083237
0.24220759
0.24307404
0.24304704
0.24127154
0.23830183
0.24343252
0.24134699
0.23958144
0.23914628
0.24143614
0.24075751
0.24104904
0.23736726
0.24181788
0.24125654
0.24066019
0.23811194
0.23631401
0.2408792
0.23983139
0.24111356
0.23821117
0.23839262
0.23855834
0.24180296
0.23727238
0.23711574
0.2386798
0.23720151
0.23845217
0.2348149
0.23762287
0.23831066
0.24272801
0.23997517
0.23887447
0.23810025
0.23612869
0.23597614
0.23738189
0.23708822
0.23775424
0.23706946
0.23472182
0.23973402
0.23436199
0.23682861
0.23440404
0.24145028
0.2383312
0.2380293
0.23856011
0.23617423
0.2390466
0.23666164
0.23959292
0.2399967
0.23410603
0.23573998
0.23121932
0.23617584
0.23338017
0.23523633
0.23706046
0.23131022
0.23580705
0.23965679
0.23528431
0.23396692
0.23390065
0.23124786
0.22979195
0.23250689
0.23305483
0.23098007
0.2363064
0.23181042
0.23355363
0.2307547
0.23375468
0.22747727
0.23165525
0.23065794
0.2279607
0.22775954
0.22826953
0.23020989
0.23099285
0.22981858
0.23243517
0.22816607
0.23042981
0.22694342
0.22767086
0.23018599
0.225734
0.22959562
0.22926831
0.2316797
0.22961663
0.22441961
0.22987124
0.22928688
0.22716628
0.22720614
0.22714147
0.22658513
0.22519484
0.22805348
0.22979741
0.2286684
0.22536276
0.23057075
0.22397521
0.22489487
0.22602063
0.22927934
0.22622308
0.2263563
0.22556822
0.22489503
0.22678201
0.22428228
0.22743048
0.22680385
0.22666688
0.2274453
0.22599654
0.226627
0.22553143
0.2240746
0.2246848
0.22671708
0.22839764
0.22356445
0.22423574
0.23367377
0.22717322
0.23069286
0.22608432
0.22933723
0.22767411
0.2237123
0.2257845
0.22634196
0.22861782
0.23026928
0.22610429
0.22339211
0.22462936
0.22770154
0.22332351
0.2280768
0.22571166
0.2278082
0.22409329
0.22824408
0.22803965
0.22459385
0.22711009
0.22461645
0.22739701
0.22659558
0.22904159
0.22758892
0.22968125
0.23324503
0.22640932
0.22649632
0.22796555
0.22761838
0.22835842
0.22606057
0.23158842
0.22812311
0.22542024
0.22525269
0.22731858
0.22762454
0.22888406
0.22676161
0.22992328
0.22696838
0.2290201
0.22564825
0.22787851
0.22715905
0.22695619
0.23081799
0.22444485
0.2270225
0.22809668
0.23083818
0.22872292
0.2358301
0.2329937
0.22903727
0.22754516
0.2315954
0.23171853
0.23286697
0.22794944
0.23060243
0.23167208
0.23365268
0.2300663
0.22737963
0.22937441
0.23360077
0.23039131
0.23654969
0.22783637
0.23001964
0.22790591
0.22581545
0.23153973
0.23170654
0.22532877
0.22939873
0.22654323
0.22560416
0.22529535
0.22702067
0.22653078
0.22992721
0.22429378
0.22486441
0.22955614
0.23009743
0.2251732
0.2312283
0.22876592
0.23150432
0.22694649
0.22599588
0.22929004
0.23077285
0.22709307
0.22309673
0.22858307
0.22593398
0.2275967
0.22438826
0.22542945
0.22528373
0.22648811
0.22735551
0.22569005
0.22876382
0.22484683
0.22002254
0.22593316
0.22298478
0.22780742
0.2238443
0.22752869
0.23302884
0.22711064
0.22552711
0.22403435
0.2290388
0.22554749
0.22832309
0.22816184
0.22311373
0.22769105
0.22584818
0.22791289
0.2261739
0.2282666
0.22616173
0.2300852
0.22901204
0.22185212
0.22806211
0.22588322
0.22647385
0.22513476
0.23526302
0.22741246
0.2243706
0.22624356
0.22723845
0.22526874
0.22423124
0.22708733
0.22865787
0.22879016
0.22739732
0.22615698
0.22313595
0.23177844
0.22263397
0.23046239
0.22743878
0.2278605
0.22684671
0.22816767
0.22665237
0.22700483
0.22703092
0.22615585
0.22555444
0.22488335
0.22510913
0.22152592
0.21757755
0.222765
0.2217551
0.22477245
0.22466162
0.22744718
0.2256395
0.22517627
0.22231477
0.22517839
0.22436641
0.22060335
0.21912816
0.22331831
0.22002211
0.22533129
0.218437
0.21969685
0.22531208
0.2255302
0.22064413
0.22069414
0.22160028
0.21858735
0.22207204
0.22531378
0.22495604
0.21989
0.22101898
0.22028832
0.22665274
0.22034886
0.22335759
0.22594029
0.22235668
0.22618297
0.22125958
0.22145794
0.22156002
0.22363774
0.22167963
0.22037743
0.21918558
0.22457227
0.21988136
0.21930498
0.2198381
0.22073616
0.22410937
0.22023867
0.21848075
0.21709009
0.21823615
0.2154959
0.2174613
0.21722667
0.21403413
0.21689665
0.21357487
0.21694025
0.21810703
0.21292059
0.21764252
0.21594873
0.21480414
0.21358334
0.21286632
0.2142025
0.21733665
0.21059856
0.21482854
0.21491013
0.21538755
0.21485451
0.21671592
0.21342944
0.2107361
0.20919937
0.21440499
0.21000107
0.20908192
0.20823953
0.21261065
0.21167164
0.21259266
0.2095891
0.21098231
0.21166669
0.21079138
0.21240252
0.20927091
0.20926113
0.21245535
0.21189414
0.20940849
0.21009675
0.20808157
0.21045816
0.20516601
0.20931706
0.21218671
0.20766014
0.20603251
0.21143755
0.20594501
0.21135221
0.2097791
0.21103711
0.21523601
0.20740443
0.2087475
0.20925087
0.21193126
0.20913257
0.21183328
0.21095869
0.2112299
0.21132363
0.212433
0.21650918
0.21039529
0.21191508
0.2096303
0.20823938
0.2122686
0.20875822
0.20949793
0.20639259
0.20996168
0.2128006
0.20870057
0.21132335
0.21056879
0.2107857
0.21066909
0.21114536
0.20736869
0.20931263
0.21162532
0.2129945
0.20739669
0.20536691
0.20805572
0.21037692
0.20972079
0.2087656
0.20590897
0.20790286
0.20702747
0.20514645
0.20883362
0.20376618
0.20422316
0.20203236
0.20165323
0.2039968
0.20463851
0.20709348
0.20456038
0.2028656
0.2023333
0.19861947
0.2000491
0.20104654
0.19849758
0.20235552
0.20245291
0.1976681
0.20044798
0.1989189
0.19901899
0.19725534
0.19943166
0.2004722
0.19674458
0.19784303
0.1956963
0.19763798
0.20244253
0.19477631
0.20478787
0.19956897
0.19992375
0.20103282
0.19720139
0.19892123
0.19912484
0.19934496
0.1979658
0.19885457
0.20071203
0.20055653
0.19881476
0.19838607
0.20017265
0.19647262
0.19707492
0.19916438
0.20212026
0.19608119
0.19969228
0.19916898
0.20501429
0.19397886
0.19451718
0.1969883
0.19856411
0.19132589
0.1953491
0.19713603
0.19482571
0.19345327
0.20122956
0.19501106
0.19287157
0.19636446
0.19778061
0.19854707
0.19377832
0.18940337
0.195495
0.1921878
0.19335112
0.19614056
0.19319618
0.19494085
0.19463962
0.19822711
0.19832627
0.18987563
0.19283354
0.19753693
0.19564524
0.20011716
0.19645461
0.19699663
0.19901963
0.19517891
0.19492279
0.19504294
0.19447868
0.19773832
0.19472481
0.1922478
0.19172864
0.1982171
0.19173887
0.19682758
0.19344842
0.19177644
0.1956228
0.19547407
0.19335128
0.19618364
0.19312635
0.19602883
0.18910767
0.19472025
0.19488075
0.19217208
0.19112457
0.19752952
0.19645569
0.19623724
0.1932859
0.19285719
0.19566666
0.19392428
0.19964182
0.19558811
0.1938544
0.19970629
0.19865742
0.19796015
0.1985568
0.19067985
0.19796085
0.19729537
0.19557281
0.19788766
0.19298105
0.19141337
0.19546892
0.19623668
0.19601864
0.19392411
0.19064383
0.19598605
0.1966291
0.19640182
0.19819501
0.19525708
0.19520104
0.19459398
0.19658552
0.1900627
0.18987733
0.19269094
0.19354795
0.1988815
0.19953234
0.19541493
0.19656953
0.19606282
0.19049166
0.19740105
0.19142753
0.19436191
0.19441542
0.19561484
0.19276522
0.19276834
0.19631936
0.19423732
0.19758298
0.19071174
0.19382903
0.1963303
0.19457555
0.18823168
0.19489011
0.19376676
0.189255
0.19257602
0.19122571
0.19046712
0.1895956
0.18886615
0.18746257
0.19439262
0.19245832
0.19353901
0.1950541
0.1923669
0.19139591
0.1884152
0.18903331
0.18924156
0.1859768
0.18963559
0.1864453
0.18672422
0.19296442
0.18495494
0.19074102
0.18503681
0.18388125
0.18774956
0.18167901
0.18824142
0.18467914
0.18551113
0.18243353
0.1844753
0.1831094
0.18169406
0.18279779
0.18325676
0.18328989
0.18142216
0.18882366
0.181418
0.18455023
0.18565568
0.17964451
0.17865129
0.18206823
0.182594
0.18099698
0.18039487
0.18493088
0.18157773
0.17911263
0.18424943
0.18257561
0.1827174
0.18119833
0.17658587
0.17930205
0.18063784
0.17968759
0.17785846
0.18214267
0.17808194
0.17805856
0.177744
0.17631546
0.17929754
0.1767111
0.18058059
0.1763831
0.17811029
0.17778249
0.18063422
0.1800549
0.17700677
0.17904682
0.18503462
0.17809221
0.1814048
0.1758395
0.17303902
0.17595242
0.18308549
0.17717539
0.18017758
0.17866158
0.18154992
0.17815377
0.17455192
0.18035081
0.17727211
0.1762821
0.17921641
0.17686437
0.1749429
0.1742836
0.17817144
0.17964491
0.17446734
0.18017288
0.17987607
0.17922962
0.17731035
0.17452069
0.17285334
0.17662938
0.17877674
0.17997558
0.17758833
0.17829315
0.18171367
0.18015414
0.18226612
0.17464691
0.17564353
0.17946132
0.18423972
0.1756541
0.1782345
0.17728119
0.18061946
0.17955779
0.18144953
0.18001415
0.1821057
0.18175945
0.18144713
0.18134841
0.1804926
0.1790512
0.18016961
0.1816882
0.17956822
0.17719461
0.17868333
0.18280077
0.17880906
0.17669272
0.18207392
0.17953561
0.18467106
0.183295
0.18476494
0.17908768
0.17998274
0.18120956
0.18208444
0.18245159
0.17863081
0.18642852
0.18394184
0.18233615
0.18225552
0.18161711
0.18126656
0.17857079
0.18370037
0.17720611
0.17885213
0.17499161
0.18594652
0.17774972
0.17966977
0.17648685
0.17559779
0.18053085
0.17725772
0.1724965
0.17168146
0.17777623
0.17675225
0.17744747
0.17479034
0.17994086
0.17841418
0.17688698
0.1773914
0.17519169
0.17408139
0.1723836
0.17480884
0.18084188
0.17827228
0.18326668
0.18224025
0.17475168
0.17846933
0.18220869
0.17528808
0.1750793
0.17842908
0.17464381
0.17812982
0.17797177
0.17640105
0.1794012
0.17891848
0.17066422
0.17956845
0.17502135
0.17510214
0.17199983
0.17660685
0.17625743
0.17752159
0.17307031
0.17040229
0.17009394
0.17339414
0.17249703
0.17108178
0.17566957
0.1710055
0.17241213
0.16753133
0.16928035
0.1647969
0.16762179
0.16742864
0.16925769
0.16814639
0.16847776
0.16638258
0.17286655
0.17082249
0.17280696
0.17027967
0.1682129
0.1689394
0.16910158
0.1733981
0.17061737
0.16758072
0.16833973
0.1713309
0.16938864
0.16611752
0.16928616
0.17046247
0.16936879
0.17182425
0.1740078
0.16960219
0.1723979
0.17074007
0.16826192
0.16783324
0.17124286
0.17033465
0.17172118
0.17021112
0.1732965
0.17492102
0.16721116
0.16995035
0.17370637
0.17555179
0.1698666
0.17545189
0.16816285
0.17217262
0.17474042
0.17070404
0.17235097
0.17673685
0.1777274
0.17222817
0.17289881
0.17067048
0.16795984
0.16925603
0.16843656
0.17666504
0.17668717
0.17173527
0.17559081
0.17306826
0.17370175
0.1717522
0.17078435
0.17530555
0.17674725
0.16895638
0.17088072
0.17642622
0.17489171
0.17428398
0.17483476
0.17090814
0.17212835
0.17390613
0.17720716
0.17332925
0.17221558
0.17174873
0.17433988
0.1763994
0.17096142
0.16992073
0.17224647
0.17486723
0.17236848
0.17203642
0.17616643
0.17360106
0.17255913
0.16939233
0.17363222
0.17166731
0.16682158
0.1712001
0.17067564
0.17096809
0.1674586
0.17558195
0.17104754
0.17082134
0.16975124
0.16930334
0.16883802
0.17473681
0.16747823
0.17030585
0.1684213
0.16957837
0.17350663
0.17077316
0.16728905
0.17233486
0.17093134
0.17031984
0.17196149
0.17082538
0.17141998
0.16904545
0.17279504
0.17511643
0.17250833
0.17682692
0.16533239
0.170186
0.17078942
0.17223683
0.17042676
0.17346463
0.17001468
0.1683044
0.16453747
0.17038336
0.16916159
0.16989464
0.16926627
0.16897921
0.17002395
0.17087285
0.16843997
0.17018098
0.16744027
0.16926558
0.167192
0.17094828
0.16840295
0.16984497
0.17148028
0.17066562
0.17303915
0.16893613
0.17274451
0.17782404
0.17397249
0.17383268
0.17099757
0.16774046
0.16617905
0.1669138
0.16835217
0.17153378
0.17095748
0.17235662
0.16569763
0.17041057
0.17398418
0.1707421
0.1758399
0.1715414
0.1689499
0.16815016
0.16562766
0.16574538
0.16956763
0.16871744
0.1695111
0.1654084
0.16119139
0.16543649
0.16676556
0.16850635
0.1674264
0.16310817
0.16527353
0.1623166
0.1671978
0.16490446
0.16197237
0.16300862
0.16220742
0.16328849
0.1652723
0.16202751
0.16386956
0.16843781
0.16308294
0.1620093
0.15881501
0.16306503
0.16742241
0.15974173
0.16901207
0.16512187
0.16779236
0.1638754
0.161765
0.16248456
0.16448034
0.17127587
0.16575192
0.163072
0.16580807
0.16947149
0.16086227
0.16162604
0.16525047
0.16421857
0.16523063
0.16723084
0.1625378
0.16848357
0.16770074
0.16543296
0.16616985
0.16273014
0.16448829
0.16352743
0.17035517
0.1621533
0.16530168
0.16095816
0.16286813
0.16410157
0.16183537
0.15790573
0.15972196
0.16250221
0.16087125
0.16113666
0.16125159
0.16137812
0.17031506
0.16042115
0.16364174
0.16160886
0.16086729
0.16417879
0.16474539
0.16238682
0.16246347
0.16615592
0.16476595
0.16283645
0.15606451
0.163183
0.15934733
0.16160978
0.16724494
0.15811476
0.16036312
0.16397537
0.1601241
0.15604791
0.1592167
0.16534038
0.15865038
0.16428918
0.16162673
0.16061473
0.16254158
0.16046862
0.16158071
0.16277605
0.1570145
0.1550104
0.15935548
0.16202453
0.16104847
0.16317742
0.16265696
0.16194281
0.1615153
0.16225404
0.16282001
0.15772673
0.16405538
0.16042842
0.16092958
0.16115566
0.1571947
0.16079092
0.16421866
0.15979336
0.1579794
0.15359914
0.15865903
0.15978001
0.15556449
0.15951957
0.15615116
0.15763336
0.15788622
0.16022849
0.16154163
0.15856601
0.15669285
0.15966837
0.1600883
0.16056421
0.15704855
0.15893887
0.15852009
0.1657966
0.15993474
0.15902855
0.15734562
0.15889299
0.15913124
0.16019832
0.1603315
0.15603496
0.16117765
0.15519646
0.16088192
0.15861371
0.1587912
0.16138227
0.15757535
0.16096412
0.16280465
0.1598954
0.16358241
0.15824719
0.15900543
0.16353461
0.15883543
0.16275479
0.1576117
0.15787412
0.15711457
0.16000433
0.16075476
0.15911056
0.16029891
0.15929422
0.16293488
0.1639541
0.15793772
0.1579548
0.16283658
0.15896097
0.15609352
0.1589074
0.15669705
0.15305977
0.15599754
0.15715295
0.15725212
0.16055985
0.15620008
0.1545105
0.16437726
0.15709844
0.15898354
0.15597318
0.15846324
0.15128519
0.15860848
0.15377514
0.15483595
0.15542272
0.15504287
0.16072856
0.15387781
0.15755072
0.15262432
0.15797433
0.14953205
0.16159345
0.1483517
0.15219036
0.15456319
0.15232258
0.15636362
0.15653424
0.15598316
0.15202329
0.15396665
0.14992714
0.15500754
0.15223914
0.15605584
0.15714781
0.15132825
0.15508482
0.15244116
0.14893459
0.15408114
0.15403911
0.15351208
0.14815661
0.15181874
0.15481636
0.15529315
0.15547238
0.14924875
0.15463875
0.1512726
0.14958286
0.15399006
0.15413451
0.1511175
0.15099461
0.15342242
0.15272044
0.15151179
0.1522666
0.15273972
0.15044829
0.15159234
0.15198274
0.15019217
0.15219943
0.14788695
0.15068257
0.14952254
0.1525801
0.1540998
0.1509436
0.15138605
0.14867851
0.14745517
0.15123953
0.15160045
0.14458716
0.14760485
0.14814645
0.1480132
0.14906432
0.1507899
0.1514994
0.15153569
0.14824018
0.15305789
0.14643754
0.14857511
0.15483901
0.148759
0.14865774
0.15028718
0.14995775
0.15084705
0.14721584
0.15301004
0.14898646
0.14788443
0.1470838
0.15219015
0.14385702
0.14720215
0.14825633
0.1491262
0.14852984
0.14576486
0.14518571
0.1459132
0.1436019
0.14670096
0.14471917
0.1441463
0.14365076
0.14788714
0.14721344
0.14718495
0.148575
0.14445275
0.14549081
0.14350744
0.14701964
0.14656042
0.14820799
0.14240868
0.14788492
0.1403187
0.1418769
0.1462154
0.14772367
0.13953237
0.14498648
0.14747182
0.14735997
0.1469524
0.14715588
0.14372411
0.14488931
0.14443175
0.14450476
0.14233316
0.14630142
0.14553803
0.14207011
0.14730866
0.14340098
0.14758103
0.14165148
0.14641142
0.14664803
0.14711034
0.14416045
0.14447437
0.14301981
0.15041304
0.14261596
0.13965721
0.14050023
0.144176
0.14305308
0.1408029
0.1439175
0.14586899
0.14413251
0.14580132
0.14495514
0.14449666
0.14681976
0.14645994
0.14045578
0.14171498
0.1441451
0.13987307
0.1415063
0.14167391
0.14241561
0.1453143
0.14103475
0.14562193
0.14356226
0.14241312
0.14752674
0.14457923
0.13979483
0.14138097
0.13873732
0.13933209
0.13922392
0.14205134
0.14311856
0.14299569
0.14621428
0.14129564
0.14365527
0.14139141
0.1403627
0.14549668
0.14249294
0.13941343
0.13872278
0.13750128
0.13987061
0.14154582
0.14252499
0.14218405
0.13966766
0.13906834
0.1385587
0.13787182
0.13331537
0.13908929
0.13774675
0.13925786
0.13667099
0.14163409
0.13680151
0.13455921
0.14375733
0.13887982
0.13540035
0.13647833
0.13741322
0.13210656
0.13529328
0.13908412
0.13459864
0.13468623
0.13384055
0.13706271
0.13442576
0.13659085
0.13838483
0.13362822
0.13595487
0.13615239
0.13093746
0.13560204
0.13668552
0.13753656
0.13544646
0.13716908
0.13414328
0.1323201
0.13368374
0.13080695
0.13489233
0.13546626
0.13349906
0.13595873
0.13763757
0.13162383
0.1365329
0.13273597
0.1336706
0.13323312
0.13590889
0.13457121
0.13434695
0.13896194
0.13014221
0.1355727
0.12947518
0.13369614
0.13611752
0.13266647
0.14001554
0.13269012
0.1311515
0.13207448
0.130336
0.13110672
0.1351925
0.13426176
0.13497508
0.13253793
0.13427737
0.1327187
0.13947687
0.13339032
0.12918238
0.13340344
0.13033089
0.13517597
0.12842214
0.12708917
0.1305245
0.13315043
0.13355699
0.13413514
0.13117458
0.12881762
0.12696622
0.13153265
0.13135229
0.13104439
0.13437095
0.13887478
0.13008784
0.13175847
0.13485254
0.12830377
0.13512729
0.13346297
0.13425307
0.13315552
0.12784494
0.1297597
0.13015966
0.13238901
0.13380203
0.13354306
0.13521829
0.13573065
0.1390557
0.13491952
0.13012093
0.13493918
0.13487548
0.1324933
0.13248824
0.1331257
0.13129435
0.1348274
0.13031116
0.12820238
0.13497517
0.13366632
0.12754819
0.13218524
0.13040236
0.13326457
0.13057858
0.12973836
0.13464153
0.12733497
0.1283082
0.13099712
0.13007782
0.13674605
0.13477084
0.12913586
0.13406818
0.12994039
0.12984575
0.1270226
0.12869957
0.12861298
0.13316603
0.12275646
0.13048635
0.12784179
0.1292046
0.12861365
0.123941444
0.12359215
0.12994716
0.124364786
0.12922849
0.12758787
0.12992491
0.12524323
0.12601739
0.12745473
0.12498697
0.12809154
0.12207882
0.12279397
0.12561333
0.1251765
0.12594482
0.12760253
0.1246111
0.12291126
0.12870581
0.12640473
0.12708473
0.12607642
0.12563589
0.12561211
0.12243025
0.12707606
0.12355511
0.12696618
0.12081551
0.12876512
0.12210017
0.12266053
0.12256191
0.1226044
0.1279627
0.12562284
0.12604564
0.12847808
0.12270657
0.11997415
0.119827166
0.12232595
0.124631904
0.12256266
0.122706674
0.121456675
0.12569235
0.12193284
0.12003871
0.12396959
0.12683919
0.12171188
0.12175724
0.12558584
0.12465548
0.12235797
0.12364642
0.122009605
0.12734123
0.12016094
0.1266036
0.1282529
0.12182374
0.12311846
0.12695494
0.12277874
0.12183013
0.1205333
0.11951461
0.12509286
0.12557064
0.12222858
0.12139472
0.12152785
0.1262157
0.11844933
0.12293758
0.123191126
0.12718442
0.122403346
0.11646291
0.118913226
0.12411809
0.11736691
0.11569778
0.12140761
0.11509599
0.120474815
0.11858091
0.11823021
0.120365836
0.12197261
0.12107393
0.116510786
0.117197976
0.12008441
0.119014174
0.11995268
0.12131914
0.11578367
0.11962771
0.11737956
0.114762016
0.11690064
0.11435107
0.12176169
0.113901876
0.11118225
0.11263783
0.11944092
0.11045943
0.11854334
0.119231045
0.12033888
0.114269875
0.11299618
0.1125849
0.11682472
0.11700369
0.11723965
0.11841022
0.11437769
0.11499484
0.11341456
0.1150572
0.116200894
0.111661136
0.1147158
0.11778916
0.11995794
0.11224163
0.11942534
0.11572549
0.11624054
0.111713044
0.113761194
0.11559779
0.111046284
0.11875466
0.115925856
0.11648721
0.122102015
0.11326174
0.1188131
0.11674454
0.115018934
0.11386795
0.1166025
0.11660254
0.11732694
0.11756011
0.11714841
0.11961693
0.11808625
0.11853985
0.11737704
0.12001489
0.11758802
0.11742283
0.11801496
0.11486313
0.11460565
0.12338341
0.11310499
0.11507033
0.11728631
0.11710587
0.11508478
0.11546382
0.11606547
0.1180006
0.113106996
0.11573055
0.11370205
0.11818347
0.10957736
0.11203399
0.11000134
0.115921244
0.113110356
0.11690021
0.10664881
0.11105116
0.11863551
0.110336915
0.11046449
0.10774261
0.1072158
0.1067878
0.11784775
0.10944175
0.1108648
0.112362884
0.11085331
0.11354189
0.11406995
0.11339221
0.11474971
0.115351155
0.10794373
0.11245176
0.111802414
0.1108656
0.11747392
0.112999424
0.11622203
0.115447894
0.115246795
0.114600256
0.11250913
0.11248071
0.1156297
0.11144094
0.11731597
0.11458436
0.11191728
0.113019615
0.11387735
0.11241211
0.11247737
0.11204068
0.117948174
0.109875955
0.114180654
0.11460855
0.11312323
0.11253162
0.11077241
0.11259192
0.11359453
0.11717341
0.11331436
0.1131974
0.119570754
0.119642645
0.11688205
0.11704641
0.10943516
0.11911153
0.113126345
0.11350653
0.11675947
0.11269662
0.115368955
0.112526685
0.12044358
0.117008194
0.11109242
0.113563776
0.1142171
0.117489815
0.115612105
0.11367254
0.112093925
0.118921705
0.11339131
0.11890799
0.11271036
0.11374784
0.11547696
0.11046579
0.11415007
0.11530594
0.1141265
0.1179375
0.10616846
0.111883074
0.113677315
0.11064716
0.11187337
0.110396795
0.109048754
0.11133915
0.11323191
0.10975213
0.11232247
0.11195961
0.10977992
0.11351117
0.110593244
0.11270968
0.111788176
0.11099602
0.11699923
0.11525484
0.11333119
0.10980913
0.109765135
0.10527944
0.108985744
0.11914058
0.117315665
0.112619884
0.117691025
0.11258481
0.110533915
0.11109293
0.10732853
0.11089361
0.11115745
0.10838259
0.10530882
0.11005574
0.10729881
0.108693585
0.11197467
0.10861673
0.107577935
0.109877326
0.11188786
0.11327672
0.10879467
0.10847899
0.113095775
0.11214631
0.1057414
0.1102252
0.10898441
0.11289504
0.1100858
0.11039866
0.10990929
0.109738134
0.107717305
0.11345441
0.1090017
0.11080781
0.114159934
0.10990577
0.105798006
0.108584344
0.11145256
0.1030528
0.10920784
0.11661472
0.10692339
0.107504435
0.1142439
0.11044562
0.10917015
0.10955994
0.11103743
0.11127094
0.10400874
0.10617298
0.11173023
0.108087815
0.11126035
0.10891307
0.10646278
0.10490071
0.111176044
0.10835559
0.106683336
0.10703578
0.106055096
0.105972305
0.10947677
0.10622943
0.10544218
0.107246
0.10521113
0.109861575
0.10384563
0.11360687
0.11252942
0.110451296
0.111172
0.11065273
0.10597308
0.10629638
0.10807537
0.110768504
0.107598424
0.10271618
0.10976384
0.10614052
0.10801765
0.10766825
0.10962893
0.101648994
0.107953615
0.10902028
0.10623072
0.10663855
0.108668655
0.1085004
0.11184666
0.10776747
0.107593425
0.103300355
0.10554094
0.10913651
0.10721029
0.107911736
0.10805242
0.107145995
0.1138016
0.11069742
0.10418826
0.107934386
0.107505545
0.101765126
0.10308231
0.10391973
0.10651548
0.10808127
0.10652961
0.106047496
0.11029782
0.10759276
0.10461839
0.10550193
0.10366412
0.10829694
0.10971518
0.10453449
0.110365145
0.11034303
0.10903681
0.107027374
0.10525194
0.10873448
0.10824189
0.10497325
0.111409836
0.10745877
0.11260073
0.10864705
0.11183489
0.10866642
0.1067865
0.10604065
0.1083355
0.10120014
0.100764185
0.1066733
0.10159345
0.104317345
0.102672845
0.10907596
0.10491368
0.10825203
0.104875095
0.10025776
0.10921421
0.10980679
0.10348372
0.10939411
0.107899584
0.0983614
0.10776783
0.11029612
0.10462134
0.10203079
0.10661256
0.105998665
0.10218614
0.0972029
0.10364937
0.099520765
0.100892104
0.10140781
0.10368174
0.10105645
0.105732806
0.103277326
0.10062581
0.10373277
0.10202205
0.099839024
0.10378284
0.10176971
0.10639801
0.10119552
0.1033116
0.10458016
0.1057949
0.10113348
0.1048997
0.101223886
0.10721699
0.10793335
0.098848686
0.10101031
0.09732069
0.09939576
0.098587826
0.09569384
0.10164284
0.09770547
0.101015896
0.09872785
0.0983235
0.09355505
0.09825377
0.0980348
0.09426964
0.099916734
0.09482383
0.095789604
0.09519673
0.09298386
0.098360874
0.09028339
0.08970491
0.09202472
0.10025836
0.09541078
0.09631524
0.09492366
0.091259755
0.09590149
0.09508086
0.09509919
0.094491266
0.089554146
0.091020934
0.0892841
0.096166916
0.09335116
0.09443666
0.09410661
0.09626977
0.08761417
0.089304306
0.089488894
0.09083796
0.09218194
0.095622614
0.093778566
0.088944376
0.09177741
0.09533649
0.0894924
0.09009166
0.09103399
0.09113491
0.091082074
0.091721855
0.09509359
0.095507346
0.08985315
0.0986841
0.09247113
0.09418142
0.09007661
0.09017315
0.09172856
0.095345065
0.09123162
0.09664975
0.09393668
0.097704485
0.09172245
0.08783547
0.09229144
0.092060596
0.094333254
0.09078098
0.089901194
0.09400728
0.092107154
0.09244018
0.09201119
0.0908724
0.09326151
0.093873106
0.09132933
0.0893265
0.09460551
0.08661083
0.09433246
0.085235156
0.0916892
0.09205273
0.08605155
0.09257621
0.08946537
0.09010216
0.093699284
0.090412185
0.08699335
0.091973
0.092627995
0.09288814
0.089004606
0.094964474
0.089772455
0.095049724
0.087518215
0.08808559
0.09141088
0.08855257
0.08875087
0.08997871
0.091717705
0.09269391
0.090154566
0.09336139
0.08459504
0.09114762
0.092045516
0.091826916
0.08926986
0.08804442
0.090437025
0.08964532
0.093415685
0.087181784
0.09288545
0.08975456
0.09335029
0.08948693
0.09235942
0.08659843
0.09368593
0.088378176
0.09127192
0.087972574
0.09253061
0.09657169
0.089674786
0.0910468
0.08844188
0.09287906
0.09069255
0.09823729
0.090337075
0.09148638
0.09682528
0.09081881
0.09127571
0.09886099
0.09673203
0.10068355
0.09494452
0.09166868
0.094511054
0.09503101
0.10116491
0.09677188
0.093237825
0.09336886
0.09303164
0.09349095
0.09562792
0.10041915
0.09563983
0.092070736
0.09333738
0.094166964
0.09034207
0.09694133
0.0984683
0.09331937
0.09524274
0.09632504
0.09334505
0.09709547
0.10074814
0.09182307
0.09395205
0.09023939
0.08828517
0.09937049
0.09405372
0.09362297
0.0969569
0.09729588
0.093560755
0.089730926
0.094125055
0.0975408
0.091793515
0.09662675
0.09593151
0.08879936
0.09580287
0.09043527
0.095485136
0.09433443
0.09261228
0.09313405
0.09106472
0.09490332
0.09012389
0.09653532
0.1014085
0.10258287
0.09724129
0.09626724
0.09116408
0.09644893
0.09352782
0.09361149
0.0912976
0.09628987
0.09969743
0.09304403
0.090782754
0.09038241
0.09183443
0.094311655
0.095580965
0.09692364
0.091752954
0.09238059
0.08866567
0.09684552
0.09544957
0.08735392
0.09450136
0.09740065
0.09168819
0.09403461
0.09379221
0.09223878
0.092390046
0.088751316
0.09587468
0.09046173
0.08944714
0.09250769
0.089183964
0.08799993
0.08617382
0.08492813
0.09107737
0.096142165
0.08870477
0.08697678
0.08638276
0.08729971
0.08785128
0.086657606
0.082979366
0.09055106
0.08825924
0.08920251
0.08284061
0.08770171
0.08607985
0.08497991
0.08820894
0.08242775
0.08361958
0.08734723
0.08527548
0.08506602
0.08765896
0.08778912
0.08816698
0.07963421
0.07848521
0.08343961
0.08684052
0.08573836
0.08431914
0.08092549
0.08306528
0.08117798
0.08617694
0.0872516
0.084716044
0.08293747
0.087474965
0.08923317
0.08662608
0.08852448
0.08321457
0.085133694
0.08421535
0.08863964
0.08814427
0.084443845
0.088165715
0.08855094
0.09247115
0.08656111
0.08841763
0.08666994
0.08820558
0.08564938
0.08367083
0.088601805
0.08806905
0.089429
0.084794484
0.09285129
0.08651637
0.08819097
0.09416192
0.08568974
0.09026621
0.08811102
0.0861948
0.08657802
0.08705327
0.08834213
0.09138305
0.08877258
0.0883354
0.08953911
0.09235119
0.086619884
0.092842676
0.08665286
0.08566359
0.08458737
0.08702411
0.08740808
0.08648946
0.08380936
0.088118516
0.08998698
0.084068604
0.09062294
0.08494467
0.09015857
0.08709813
0.0855294
0.08779002
0.09306121
0.08716305
0.089382276
0.092009515
0.08798719
0.08425893
0.08808569
0.0905495
0.09094987
0.08271656
0.08575249
0.08648198
0.07953755
0.08124588
0.08595807
0.087430224
0.08303366
0.08467131
0.082429476
0.08421729
0.08640946
0.08052849
0.07824575
0.08452588
0.077351354
0.0802741
0.08212023
0.08552191
0.08427421
0.08002575
0.082137704
0.08444184
0.08580883
0.08493635
0.08350487
0.08366589
0.08076941
0.082117304
0.07813725
0.08130731
0.07835325
0.08478224
0.082149886
0.08027032
0.08480332
0.087255664
0.07879614
0.07648204
0.083401226
0.079596266
0.08366698
0.08521985
0.07737553
0.08223832
0.08182797
0.08281756
0.08114078
0.07900955
0.078447044
0.08265813
0.08506507
0.08926288
0.08236224
0.08303032
0.08021085
0.08170986
0.082171366
0.081157774
0.078057244
0.080219105
0.07848206
0.08568118
0.08301122
0.074932225
0.08310456
0.08097543
0.0813463
0.08540862
0.08665392
0.087912984
0.08097684
0.079108424
0.08551805
0.083260775
0.08526008
0.080625825
0.08244773
0.08157385
0.08334619
0.08350385
0.08008279
0.08444681
0.085252695
0.086011335
0.079985976
0.086235985
0.07636099
0.079383425
0.080978446
0.086837545
0.086448096
0.084865555
0.08992495
0.07892318
0.08225771
0.079617865
0.08159177
0.077724494
0.07914714
0.08507916
0.082764894
0.079436965
0.07913402
0.0791825
0.07825633
0.07628994
0.0842477
0.07715341
0.08310644
0.08721544
0.07864335
0.08052418
0.082671545
0.07906295
0.07856889
0.07983783
0.0846692
0.07478702
0.08074907
0.08303042
0.08293684
0.07837797
0.07808772
0.08292628
0.08677234
0.07917616
0.07931834
0.081390604
0.08257553
0.086627014
0.079773635
0.0799397
0.079379275
0.08562293
0.082651556
0.08670032
0.07914133
0.07877436
0.08067745
0.081263445
0.08151427
0.07898271
0.08084076
0.080905035
0.08075035
0.07719801
0.080857106
0.081451684
0.07713879
0.08386749
0.08260354
0.07761223
0.08225977
0.07893232
0.081600286
0.07572154
0.08394234
0.08168095
0.07356617
0.07712922
0.08073668
0.0819042
0.07926125
0.07734788
0.079506636
0.0755286
0.07916001
0.079470485
0.081268325
0.078716956
0.077461205
0.07948389
0.08087249
0.07829697
0.07932936
0.07701921
0.08071242
0.07911009
0.07551356
0.07792344
0.07680183
0.08043429
0.08264772
0.07786299
0.08591089
0.08423774
0.078588106
0.08333677
0.07894294
0.08464679
0.086682014
0.08485038
0.07866338
0.08035685
0.075683974
0.07685156
0.08448575
0.07976654
0.07594414
0.08556919
0.075663835
0.084436364
0.08382319
0.08590652
0.079941064
0.07511581
0.079446085
0.07594279
0.082117066
0.08381663
0.08132169
0.08163267
0.08057744
0.07942835
0.078891784
0.07918749
0.08546516
0.07616998
0.08128845
0.07987535
0.08018568
0.08304084
0.08039769
0.07692726
0.07917978
0.07592777
0.075726815
0.079263344
0.08277505
0.082935624
0.079876825
0.08186907
0.07929891
0.08350614
0.086271085
0.07611381
0.077327
0.08076443
0.07672181
0.07953504
0.077646516
0.08399388
0.07685344
0.073242776
0.07809141
0.074664496
0.07431509
0.082124814
0.08000575
0.08049884
0.07725439
0.08074376
0.08110224
0.077260114
0.0747394
0.08074315
0.07706607
0.082952
0.07863196
0.08663544
0.07085158
0.07916854
0.08292763
0.07733344
0.077498145
0.073874116
0.0737841
0.0815086
0.07994826
0.08182355
0.07595725
0.07729023
0.07337831
0.082623646
0.07330387
0.07557988
0.07564151
0.07713075
0.078534015
0.07542537
0.07448071
0.07423899
0.07664524
0.07491266
0.07015215
0.07298141
0.076032534
0.085238785
0.07359183
0.07606137
0.07549973
0.07325168
0.07525021
0.07371558
0.073487684
0.0750358
0.06950569
0.071365505
0.073369406
0.07045178
0.07494304
0.074295364
0.07637636
0.072821766
0.070525326
0.068920135
0.06986741
0.07469053
0.07675989
0.06879751
0.072387636
0.07529402
0.070635766
0.07258429
0.07393702
0.066128135
0.0737252
0.071978346
0.076900646
0.068558685
0.07571614
0.06633574
0.07630527
0.07101931
0.07133537
0.07141068
0.07897571
0.08110617
0.06663977
0.07252503
0.075000815
0.066307686
0.07174769
0.06460925
0.067970365
0.06778346
0.067794815
0.074990205
0.06917948
0.07023328
0.06744641
0.070066296
0.07153325
0.06725693
0.066388875
0.0668485
0.07087162
0.07012106
0.06695037
0.06821835
0.06698333
0.067732826
0.06889918
0.0661061
0.0711038
0.06953039
0.064009994
0.07189416
0.07049093
0.068303764
0.071288586
0.06892624
0.06738271
0.07156367
0.068459585
0.068228886
0.07150534
0.06931275
0.06369124
0.066599935
0.07061572
0.07569244
0.068517506
0.06202149
0.0666282
0.06518799
0.06439777
0.073831454
0.064950205
0.0665972
0.06169975
0.06866181
0.068712965
0.06452286
0.065155506
0.06648158
0.0623109
0.062177487
0.069871664
0.07089689
0.06376633
0.064327225
0.07252975
0.06765099
0.06586738
0.06331251
0.0688018
0.0644071
0.0680952
0.06303139
0.068001114
0.067958206
0.062130038
0.065045215
0.071433686
0.07499995
0.06827361
0.06389993
0.06845184
0.07126425
0.06956082
0.07282361
0.06637479
0.06817463
0.06498301
0.067728296
0.070034064
0.069844775
0.06940275
0.06928383
0.06731777
0.06866624
0.0669291
0.06986798
0.070010625
0.06941731
0.067594714
0.065747
0.06481346
0.07443297
0.06791557
0.06440031
0.07038209
0.06672774
0.07168451
0.07037539
0.06637871
0.061391197
0.06365662
0.06472638
0.067750625
0.06525078
0.06612074
0.07182258
0.0701018
0.06923407
0.06302929
0.06740708
0.062807284
0.064599045
0.062322386
0.06507534
0.06400923
0.06729105
0.062095005
0.062633105
0.061923724
0.06474636
0.05988097
0.071918346
0.07201146
0.061741866
0.064580224
0.060660094
0.06207504
0.06787953
0.058584873
0.06784083
0.06324926
0.06383891
0.064438894
0.06377569
0.066643834
0.069735765
0.06566628
0.068756886
0.067462906
0.06750047
0.06847419
0.06282766
0.0662284
0.07142869
0.069691025
0.0706507
0.06773606
0.06517011
0.06841598
0.06648308
0.06399695
0.06555708
0.06761147
0.066320494
0.06391851
0.06820769
0.06398134
0.064718865
0.06445628
0.06511809
0.06410814
0.06776569
0.072657995
0.0669394
0.066859156
0.06697438
0.07210087
0.06528702
0.067488685
0.061647005
0.06857949
0.072258726
0.063516185
0.06724353
0.06329209
0.06439378
0.069417335
0.06699354
0.06535938
0.06591443
0.061655812
0.05645321
0.06646828
0.06410583
0.061950907
0.06314894
0.06241481
0.061370075
0.06383417
0.06192297
0.06445427
0.06532608
0.06790542
0.062802374
0.06515809
0.067635834
0.062001925
0.06160694
0.06645846
0.06872991
0.06390056
0.06628283
0.063110396
0.06273881
0.06928052
0.07162848
0.0663191
0.06107627
0.06503617
0.06753841
0.061468948
0.06679474
0.06770016
0.069575444
0.060930755
0.07072306
0.06486652
0.06709412
0.06433387
0.06979319
0.06576129
0.06739841
0.06779352
0.06556567
0.06854352
0.06666816
0.06626981
0.07058922
0.06501461
0.07080257
0.06592564
0.06624999
0.067129925
0.0633919
0.07379072
0.06847525
0.07157609
0.06987828
0.066992246
0.06676837
0.07153029
0.06504634
0.06576853
0.06686219
0.06343898
0.07005291
0.06670031
0.0614265
0.06308215
0.06651538
0.065496825
0.06624755
0.06611559
0.06332652
0.065575026
0.062376983
0.07704544
0.06994867
0.0626423
0.06518849
0.07303752
0.06490151
0.06300632
0.06450487
0.06451425
0.06689603
0.076409504
0.05675022
0.062004544
0.07911832
0.06774133
0.071464516
0.060470615
0.06671073
0.068320535
0.06481005
0.06725744
0.06348053
0.07062279
0.0663774
0.06426067
0.0673143
0.064430796
0.06305292
0.065351024
0.06462791
0.05760816
0.058414295
0.06812584
0.058560688
0.06417957
0.06303581
0.066332266
0.0628251
0.05970978
0.05814924
0.055801023
0.06546747
0.059884075
0.058873672
0.06762009
0.063148886
0.060169183
0.06668836
0.06693353
0.065977864
0.06587804
0.061273556
0.057425823
0.0661026
0.06441671
0.06211319
0.063487366
0.06543355
0.060154937
0.06489817
0.06664392
0.06369205
0.05681554
0.0669841
0.06139293
0.06577653
0.061655357
0.0565695
0.05795092
0.05866007
0.06170022
0.059932847
0.06461246
0.066380315
0.064632304
0.058633897
0.070133746
0.062573515
0.059974186
0.05811664
0.0689089
0.06300219
0.061798748
0.05982017
0.06144084
0.063743986
0.059965055
0.060743444
0.058708537
0.06418362
0.056335375
0.05987514
0.06677457
0.05993374
0.05868564
0.061102923
0.06468715
0.060464457
0.07619261
0.0559071
0.0615947
0.05998101
0.06258078
0.058461737
0.05673097
0.06500121
0.057821546
0.056922887
0.060605384
0.056854323
0.06578219
0.0568846
0.059096072
0.058674533
0.065591976
0.05605981
0.06257801
0.0641715
0.057779405
0.061308254
0.063186154
0.05929163
0.05961008
0.05698203
0.056594793
0.06336451
0.06286985
0.059630193
0.061683927
0.05876016
0.061909817
0.055637483
0.054879263
0.05648433
0.06008515
0.05500976
0.052983724
0.054431427
0.057316285
0.055414762
0.05593267
0.058879286
0.056821343
0.06084179
0.057343915
0.057822075
0.057494696
0.055535138
0.05457877
0.053746592
0.052836273
0.0544333
0.059433725
0.053808294
0.052539486
0.053341877
0.05432661
0.055154085
0.05813511
0.055494707
0.05391791
0.0530125
0.052335605
0.051869694
0.052027985
0.05341041
0.0549136
0.055295154
0.05450921
0.053975504
0.052205835
0.05178239
0.049867414
0.051438015
0.051396426
0.052558817
0.053638775
0.054983653
0.053595815
0.05236551
0.051392376
0.053005625
0.05302232
0.053613838
0.05323736
0.052526385
0.0507329
0.05223035
0.052896984
0.056237057
0.05531306
0.05565618
0.051613703
0.051876634
0.051986527
0.054874185
0.05522066
0.05508155
0.054615185
0.055658594
0.054680202
0.05660071
0.057242144
0.06083611
0.057904106
0.0573403
0.056265414
0.056711998
0.054424003
0.05442461
0.054807357
0.05624081
0.056856472
0.057354007
0.057441317
0.055890895
0.054274186
0.05286122
0.055159457
0.054437034
0.055605587
0.054171655
0.05569646
0.0548633
0.05633562
0.057082757
0.057978645
0.058341317
0.055958733
0.055574734
0.053263735
0.054276936
0.053096697
0.053868536
0.0533936
0.05513502
0.056354217
0.05735824
0.057972867
0.058461443
0.057829868
0.056858324
0.057826117
0.060658492
0.061072376
0.057984564
0.056081843
0.056483056
0.057441488
0.057268
0.05697017
0.05677651
0.060490415
0.06817759
0.059740968
0.056689598
0.06059907
0.059296455
0.058874488
0.054929268
0.0552876
0.055184886
0.05732642
0.05608333
0.054357167
0.053532537
0.054785978
0.055499896
0.055922344
0.055689294
0.054515358
0.05272408
0.051496916
0.05366968
0.05637107
0.058204535
0.059767045
0.059043676
0.059277978
0.056538142
0.055463128
0.052476045
0.054559417
0.05452087
0.0560432
0.05623706
0.057628468
0.05806555
0.056451153
0.056420308
0.058119576
0.05913926
0.05876214
0.059460588
0.0589433
0.059129626
0.059220653
0.059935857
0.06029699
0.058293134
0.0596754
0.060075715
0.06135157
0.06066721
0.06187292
0.059799787
0.058268823
0.055995036
0.060311392
0.0617336
0.06370347
0.06154195
0.06577418
0.074053094
0.06558121
0.06077321
0.059891876
0.06138455
0.06184888
0.0606958
0.061729573
0.06334758
0.06551996
0.064741306
0.06616431
0.064580284
0.064049646
0.061633375
0.06086146
0.06469298
0.071230516
0.06640926
0.06599506
0.06916644
0.070595734
0.06883039
0.06676095
0.062335096
0.0644552
0.0641361
0.07150991
0.08009883
0.06758386
0.060913354
0.06126042
0.06173528
0.061919454
0.062905684
0.06345756
0.06385199
0.06308244
0.061858818
0.061711878
0.060927063
0.060505763
0.06357533
0.06376613
0.06341005
0.062145356
0.06527687
0.06574609
0.06442513
0.062274665
0.0657608
0.066775076
0.06502918
0.06467376
0.06372101
0.06579315
0.06423831
0.064787254
0.06401199
0.06256691
0.06189221
0.06168905
0.06372404
0.061823614
0.060937997
0.05848417
0.059619803
0.060293343
0.06023482
0.060851507
0.06162308
0.062676266
0.062098004
0.061994847
0.061117
0.060069393
0.058972605
0.057789654
0.058799
0.05812051
0.061637107
0.057888333
0.05923612
0.05720353
0.059824854
0.058343828
0.055296287
0.058031704
0.060387574
0.06568077
0.061489947
0.05978799
0.055628117
0.057812408
0.05736356
0.059018638
0.060317274
0.0633623
0.064596444
0.064384125
0.061962128
0.06259185
0.061822113
0.06499016
0.06437772
0.06478747
0.06291127
0.06202305
0.062927365
0.060625684
0.05830382
0.056754295
0.05832911
0.059359822
0.061463095
0.061530065
0.062002234
0.05873093
0.057427473
0.05696184
0.060125045
0.060582075
0.062106818
0.05878799
0.061640978
0.06051475
0.06281562
0.06091287
0.060889605
0.058372773
0.057060637
0.054803655
0.05987402
0.061286893
0.06378781
0.05927295
0.059524894
0.060694393
0.05926594
0.05941469
0.0567549
0.056434043
0.055522468
0.054975577
0.054899342
0.05255976
0.053574245
0.058568284
0.061027884
0.063519716
0.06032531
0.059272896
0.056982588
0.057192568
0.056259416
0.054300807
0.052673884
0.05096108
0.053354952
0.054538444
0.05892815
0.059384838
0.05919203
0.05864982
0.054389555
0.055636805
0.054777827
0.056060486
0.056615416
0.05671903
0.058271635
0.06539275
0.06395241
0.06572978
0.058149222
0.058571495
0.057865106
0.057630233
0.057410948
0.056844562
0.05492579
0.05598404
0.056444522
0.05722511
0.05439697
0.056015257
0.057795744
0.06175729
0.05945334
0.055847395
0.055798043
0.05599883
0.058835804
0.057033427
0.055863883
0.056502678
0.057496134
0.060045894
0.058279812
0.05656731
0.053673156
0.05506541
0.05736601
0.05903531
0.0569455
0.056460865
0.055246785
0.056853816
0.058182262
0.058784578
0.05702394
0.054492276
0.05660398
0.05725715
0.056599367
0.05299679
0.055993117
0.0566669
0.05551943
0.05310839
0.056416266
0.058552116
0.06121777
0.058580853
0.057397205
0.053300563
0.053711962
0.055107366
0.05685798
0.053270668
0.055335227
0.05424953
0.05679407
0.054808326
0.056527242
0.05664836
0.059421033
0.059815694
0.05999188
0.057804897
0.059086997
0.059504196
0.06273544
0.061391626
0.060687702
0.060512982
0.06349318
0.06798186
0.064884
0.061786488
0.057197735
0.05743867
0.059142064
0.06276239
0.061883934
0.06235547
0.060049538
0.059163846
0.05616997
0.05524019
0.057859194
0.060561106
0.062032204
0.06246081
0.06164554
0.06145034
0.062186208
0.06154788
0.06224964
0.059584122
0.056657307
0.05575062
0.057241794
0.06027795
0.05972112
0.061066564
0.060476884
0.060520127
0.058408637
0.05692845
0.056260955
0.05952449
0.05974888
0.061151143
0.055694856
0.057249617
0.054804195
0.05905949
0.05776061
0.05789204
0.054215353
0.05529365
0.05650215
0.057803143
0.058748297
0.05844215
0.060498323
0.061267015
0.06509297
0.06566385
0.06370058
0.063114956
0.06003781
0.060677186
0.058618426
0.057636257
0.05738289
0.05959002
0.0628365
0.06160422
0.058741324
0.058048278
0.055317283
0.05726702
0.055070125
0.05805609
0.055995416
0.05756458
0.057328124
0.056798592
0.055632453
0.054778516
0.053776845
0.05168662
0.05518205
0.055945795
0.058687
0.058235567
0.058151707
0.05881604
0.0574182
0.055478897
0.05515297
0.055399325
0.056852996
0.05423505
0.05241308
0.05375351
0.057870943
0.057801705
0.060397245
0.056622725
0.055638257
0.052569278
0.0519347
0.054687135
0.05475251
0.05552507
0.053597126
0.053337768
0.05160102
0.053195745
0.05358213
0.055946816
0.054970115
0.054845687
0.055707686
0.054928154
0.054168236
0.052340057
0.050782096
0.04841764
0.049390193
0.05062739
0.052566383
0.049941316
0.047816653
0.046465512
0.048331875
0.05152457
0.056155812
0.05774306
0.056715634
0.052906606
0.052332178
0.055222645
0.0560073
0.05598092
0.04981249
0.047698528
0.045421515
0.046629567
0.050508
0.0556873
0.056361403
0.05421054
0.05086197
0.053647652
0.053872027
0.05633401
0.05757482
0.054948736
0.05215
0.05383738
0.05713042
0.06063496
0.057205416
0.059053987
0.05801921
0.057551835
0.053999104
0.052994072
0.053845745
0.054838337
0.054864086
0.05610955
0.06013265
0.062537566
0.06369269
0.061037827
0.059293568
0.056729104
0.054344412
0.051542934
0.05171927
0.056665525
0.06009496
0.097169444
0.16710591
0.10884333
0.07212798
0.05533269
0.05294687
0.055872694
0.060494762
0.06443859
0.059910007
0.056227878
0.057050835
0.057484023
0.056781106
0.053083137
0.055531062
0.057085488
0.056697145
0.053684972
0.05636073
0.05981555
0.060104486
0.056886427
0.055575196
0.05429732
0.05314437
0.05261735
0.05278657
0.055785507
0.05461283
0.054603253
0.052750517
0.04928955
0.05253046
0.0539702
0.059234817
0.056994736
0.056361087
0.053773098
0.053956877
0.051245473
0.054069277
0.0522318
0.054475076
0.04869577
0.051105436
0.050531704
0.054630883
0.050976615
0.0493579
0.047830284
0.05155827
0.052873388
0.052684102
0.051983565
0.051235154
0.051870994
0.05052114
0.05179344
0.05437148
0.057921406
0.057553627
0.055538327
0.05403583
0.052327313
0.050656617
0.0495616
0.0495696
0.04819971
0.051260147
0.052190993
0.05422084
0.052130878
0.057134602
0.054912522
0.054372746
0.050690554
0.052682742
0.05427483
0.052022453
0.05568248
0.053826194
0.058187444
0.05573892
0.05453244
0.053305227
0.052330654
0.055521097
0.056162562
0.05452181
0.052261997
0.04976638
0.052423116
0.050593603
0.048455745
0.04870488
0.0520398
0.054890666
0.053780742
0.053415243
0.05284339
0.05217786
0.05123261
0.051704243
0.05024793
0.04764617
0.047300495
0.04998197
0.053134017
0.05268335
0.05191699
0.05055086
0.049824886
0.048850477
0.04927139
0.05156161
0.05244873
0.05156739
0.051697705
0.05279196
0.051569108
0.050339296
0.050230645
0.052289814
0.055387277
0.054479454
0.06087206
0.05738206
0.05540601
0.04888175
0.0487214
0.048994962
0.04970122
0.05018265
0.048429396
0.04866254
0.048304595
0.050533954
0.05255601
0.054264158
0.054340843
0.05242935
0.04924971
0.045602757
0.043885928
0.04399502
0.043959018
0.044260018
0.045778368
0.046567664
0.045229033
0.04473883
0.04258756
0.043534394
0.044679746
0.046217963
0.05034249
0.05168242
0.05258689
0.052736405
0.0508548
0.049061164
0.04582377
0.046345364
0.046152323
0.04737617
0.046535205
0.047395807
0.045440905
0.04494341
0.044930726
0.044320785
0.04533542
0.044877466
0.047376823
0.04719115
0.0473559
0.046271313
0.04862669
0.04680242
0.046321686
0.044811595
0.043881197
0.04285491
0.0422726
0.043307576
0.047312375
0.047381092
0.047993228
0.047878936
0.04878611
0.045349896
0.046197817
0.0440057
0.04327707
0.042425495
0.04258447
0.04236765
0.044130556
0.047197975
0.046007883
0.046542414
0.04701264
0.0460413
0.044228178
0.04376465
0.04334443
0.043010663
0.043215
0.043709304
0.04316313
0.043942843
0.043055296
0.043468505
0.041307256
0.040734634
0.039386537
0.03901502
0.037861727
0.03828086
0.038831912
0.038016666
0.038495008
0.040554855
0.040247083
0.042583477
0.041901473
0.041803084
0.043234244
0.04184123
0.039405957
0.040290084
0.04023302
0.035346348
0.037123445
0.037204232
0.03786045
0.03879616
0.039261024
0.037672695
0.0380003
0.038448874
0.036494263
0.03721588
0.038304955
0.03814498
0.038391404
0.039148055
0.03841138
0.03812071
0.03852934
0.03699884
0.03735931
0.036772687
0.03799236
0.036615405
0.036618732
0.036536206
0.037408773
0.036994863
0.03821804
0.038392972
0.037668027
0.03891999
0.041197218
0.041270945
0.041003622
0.041184377
0.042784255
0.04010108
0.040607426
0.042571336
0.043335814
0.043565527
0.0464585
0.04514299
0.045871485
0.046937138
0.04406107
0.041684594
0.043062035
0.040594686
0.04019209
0.038941044
0.039220463
0.03899037
0.040117115
0.037857734
0.038558923
0.03779511
0.038114488
0.03873641
0.041862607
0.043864727
0.046164926
0.045482732
0.044007633
0.042598013
0.041996673
0.03970733
0.041305948
0.041287925
0.04114183
0.042747177
0.04507751
0.0456091
0.04808289
0.04843516
0.049180258
0.049444214
0.048239626
0.04795573
0.04868432
0.045601543
0.046446804
0.047291372
0.04613305
0.045205742
0.04852885
0.044747677
0.0431192
0.04317634
0.043358035
0.042397447
0.044552483
0.04641478
0.047453158
0.047515947
0.046772562
0.046845887
0.04587027
0.04565363
0.044221394
0.046915404
0.047317788
0.046884548
0.047029432
0.047599163
0.04479845
0.04382993
0.043363318
0.04403831
0.045389727
0.044649366
0.043790776
0.042468157
0.040544793
0.041374326
0.039817188
0.03926723
0.04064207
0.04002781
0.03979702
0.038194723
0.03926016
0.04075093
0.043221265
0.04583158
0.046484783
0.046434175
0.044595513
0.041228034
0.040017117
0.040878754
0.04002392
0.042140774
0.04333268
0.04516533
0.044804044
0.04169905
0.04182062
0.040637366
0.040559463
0.042349093
0.043007422
0.0445607
0.04446277
0.04391651
0.044319347
0.04660142
0.046380162
0.04568394
0.047753714
0.049284242
0.048608705
0.047998518
0.04697567
0.04947141
0.046136748
0.047578175
0.04831988
0.05088109
0.048696496
0.049226284
0.0472221
0.046431076
0.043849938
0.04484794
0.04653202
0.045024805
0.045922566
0.04838044
0.049683794
0.047505733
0.052351344
0.05190436
0.052234605
0.04921256
0.05087424
0.048511483
0.050574057
0.048662316
0.04910928
0.05034861
0.052204467
0.05111888
0.0526262
0.05272834
0.051438328
0.04865149
0.04794418
0.047857378
0.04962954
0.051171742
0.050582815
0.051356345
0.049684852
0.04709205
0.046374183
0.04389842
0.04541661
0.04591126
0.048441347
0.05211931
0.053026788
0.055305477
0.055214766
0.05509968
0.05449818
0.05546146
0.05657235
0.056649834
0.058585055
0.057923496
0.05602167
0.055854257
0.054718953
0.05332966
0.05450465
0.05489794
0.05298024
0.053810604
0.0530052
0.0505575
0.050873343
0.051549267
0.05118718
0.050881762
0.05395535
0.054484863
0.055206332
0.056229975
0.054537438
0.05243613
0.054053362
0.05528683
0.053824276
0.0556839
0.05565464
0.053345095
0.053457756
0.055844355
0.056230832
0.0571759
0.057718858
0.056548316
0.055807527
0.05413076
0.053559527
0.053924024
0.053615905
0.053745784
0.05465286
0.053723082
0.05439093
0.053844497
0.052449837
0.05152648
0.05334017
0.05214472
0.05232771
0.04940395
0.048605245
0.047594145
0.045485906
0.044242468
0.043970387
0.046618372
0.046545852
0.045882177
0.046571955
0.046761543
0.047818888
0.047448017
0.050901674
0.05362292
0.052537873
0.053067762
0.051806804
0.04809391
0.047590133
0.04275031
0.04365039
0.0427787
0.04188779
0.042095065
0.042561103
0.044777293
0.045526348
0.045522414
0.04477865
0.04608475
0.0472508
0.04743466
0.045099925
0.04257184
0.041263495
0.0415892
0.041719895
0.040697943
0.040872883
0.04218634
0.043640386
0.04496527
0.044288512
0.043008003
0.044821452
0.04360966
0.04277121
0.043291844
0.042699914
0.043259986
0.043669388
0.045144808
0.046254568
0.04591893
0.047091372
0.04623767
0.046380077
0.04947504
0.046972904
0.04696059
0.047253568
0.044844404
0.045367625
0.0443587
0.03970678
0.04059066
0.041009866
0.039843727
0.038857725
0.04067487
0.04183128
0.04243254
0.041302036
0.041025
0.040250793
0.042251322
0.04337116
0.040668987
0.04320822
0.043119736
0.042956237
0.04206101
0.04134637
0.043162834
0.044090625
0.044092413
0.04659005
0.04621463
0.047293294
0.047294598
0.046743654
0.046974387
0.045114912
0.042721067
0.043963924
0.042898905
0.04180334
0.04117601
0.040841512
0.041196186
0.04255155
0.0420929
0.042802487
0.044082932
0.047795363
0.047297988
0.04747976
0.046270136
0.04905226
0.048791736
0.04731973
0.04689186
0.04623509
0.045603808
0.047768492
0.045996703
0.0457395
0.045186754
0.04412536
0.044385646
0.04486667
0.043414813
0.04237328
0.040913813
0.04085918
0.041045506
0.0426325
0.04288507
0.044416208
0.04418665
0.043236442
0.045702953
0.045671623
0.04526385
0.043809123
0.041889984
0.04171509
0.042956937
0.043283705
0.04235469
0.04406242
0.04643189
0.047496587
0.04670677
0.047807716
0.045965333
0.046057567
0.048045103
0.04586625
0.046219546
0.046814647
0.045470458
0.045572557
0.046943925
0.046248533
0.046876125
0.047302008
0.047936723
0.050200038
0.049136303
0.04932604
0.048521202
0.04718758
0.047099106
0.047916327
0.047355685
0.048632123
0.047419857
0.04839794
0.048661046
0.049110923
0.050368316
0.04850342
0.047047976
0.044744603
0.045501385
0.04483752
0.04468757
0.045351967
0.043698125
0.043869264
0.044534825
0.044480305
0.04734749
0.047206193
0.049374234
0.047748726
0.047472
0.048853617
0.049768712
0.047981787
0.046872318
0.046315596
0.046127792
0.048083525
0.04797008
0.04838928
0.047226343
0.048051305
0.04918388
0.0506686
0.050742693
0.051505417
0.051858
0.052225605
0.052084893
0.053297896
0.052970394
0.052748676
0.051593628
0.050717287
0.049228206
0.04941197
0.04937549
0.04825021
0.04642674
0.045118157
0.04547701
0.045800503
0.045055766
0.045388762
0.042292476
0.04296367
0.042600077
0.04456426
0.04490592
0.044641677
0.044344634
0.04251486
0.03988609
0.039944813
0.039997973
0.038962048
0.03782056
0.03632855
0.03569257
0.03476829
0.035911277
0.036731582
0.03729597
0.038711645
0.03749025
0.038480476
0.038925372
0.039978914
0.04001213
0.04046348
0.04118124
0.03918716
0.040152546
0.03915591
0.04067254
0.041574996
0.04084491
0.041038275
0.04147018
0.041949995
0.04174035
0.041005462
0.040502846
0.038913753
0.040161923
0.03889453
0.038895186
0.039013725
0.038179584
0.03721688
0.036051705
0.03577383
0.035835065
0.03568322
0.035872176
0.036109984
0.035502248
0.034362733
0.033852447
0.033268347
0.03354422
0.034477163
0.03469873
0.03497918
0.0346136
0.034118257
0.03473293
0.034505326
0.03503404
0.035696357
0.036323283
0.036076076
0.037583426
0.038209863
0.03782707
0.03783286
0.039082225
0.0404318
0.041419964
0.041981705
0.041066
0.042538323
0.04203606
0.043124754
0.04127139
0.04076225
0.04056901
0.0412388
0.040561356
0.03844294
0.03730285
0.037799187
0.039096095
0.037725877
0.03919936
0.038760465
0.039549947
0.039365154
0.040210444
0.040499683
0.040079165
0.042223625
0.04323647
0.04402526
0.043491054
0.043131027
0.04247798
0.041471742
0.040978167
0.04090649
0.04241366
0.04439587
0.04491553
0.046289735
0.04503516
0.045880206
0.04652368
0.047424484
0.048040595
0.04787919
0.048421368
0.04953816
0.048104938
0.046067815
0.045881797
0.046668455
0.046140585
0.047445495
0.048544604
0.047790457
0.048478577
0.04798881
0.04591043
0.045693465
0.04617258
0.045739725
0.04561473
0.04509548
0.044224035
0.043110896
0.041959785
0.044010233
0.0446824
0.045502476
0.048239864
0.04888883
0.049836647
0.05214426
0.051471207
0.051333304
0.051999338
0.05223272
0.05293563
0.050901346
0.049996696
0.05166883
0.05060305
0.05129097
0.049519822
0.04763286
0.04926996
0.050452508
0.051860746
0.051104695
0.05172327
0.053166732
0.05166593
0.05048689
0.051581465
0.050003845
0.051940113
0.05331172
0.053757414
0.05308274
0.05348535
0.053122856
0.054464627
0.0556778
0.057546224
0.058888197
0.058132056
0.060645062
0.060675018
0.05974248
0.061796524
0.062214136
0.06435776
0.06510548
0.06485071
0.06368966
0.06306178
0.06397879
0.061044957
0.060926672
0.059501905
0.05769061
0.05815964
0.05695163
0.0571094
0.056831077
0.053491224
0.05294178
0.05171108
0.050473787
0.050847862
0.05103131
0.051549207
0.050824355
0.051114306
0.049326036
0.050570566
0.04973343
0.049696986
0.051039077
0.051414575
0.051963758
0.05272384
0.053284816
0.052831784
0.052892435
0.052330557
0.05056653
0.05090678
0.05300074
0.05357041
0.053875588
0.05302178
0.05278147
0.053555645
0.053069174
0.05277452
0.052362435
0.053239208
0.054528855
0.055726297
0.05631954
0.05465621
0.05299571
0.05137736
0.052041624
0.052057367
0.052796423
0.05313886
0.053817883
0.054064784
0.053805694
0.052676097
0.05215967
0.053549506
0.05322641
0.053385094
0.052445855
0.052593715
0.0535945
0.05230292
0.052302282
0.05250003
0.05213847
0.050772753
0.050747156
0.05164761
0.050428078
0.049090315
0.049370244
0.049472302
0.049437564
0.049162984
0.049739644
0.04980932
0.050876006
0.050690778
0.049163286
0.048407752
0.047350988
0.046810687
0.046553217
0.045680203
0.04653305
0.04747177
0.046236236
0.046367507
0.04463877
0.04323106
0.043147665
0.04264441
0.04155186
0.04071877
0.03925423
0.038337577
0.039233036
0.038932372
0.038056564
0.038803034
0.03926659
0.038614303
0.039949294
0.03906944
0.038165838
0.037756238
0.037542038
0.03769032
0.037822925
0.03801333
0.038284887
0.03914767
0.039881177
0.039522495
0.040377837
0.042154584
0.041737832
0.041107204
0.040919077
0.04232398
0.0421001
0.041911595
0.042334706
0.04122788
0.042031117
0.04320909
0.042817805
0.04363599
0.045069277
0.045198917
0.044457365
0.043917548
0.042418677
0.041248456
0.04171543
0.041824356
0.04155104
0.040299103
0.039658375
0.03839045
0.038279098
0.038194396
0.036843013
0.03574619
0.035447408
0.035107117
0.03500849
0.034715228
0.033905808
0.033254217
0.033634648
0.033790987
0.032633115
0.032992892
0.033105172
0.033052824
0.03395639
0.034664184
0.034536872
0.033720534
0.034494057
0.03496144
0.035177168
0.034870747
0.03621687
0.036439426
0.036349237
0.03620113
0.036986433
0.03707128
0.03702637
0.03630786
0.036792215
0.036961224
0.03747693
0.03654503
0.036512922
0.036289617
0.037337136
0.037092537
0.03700944
0.03661974
0.036309935
0.035321373
0.03507556
0.034618195
0.03475011
0.034985915
0.03466082
0.03415699
0.034324855
0.034169614
0.033550873
0.033293486
0.03341829
0.033971623
0.033464145
0.032811925
0.03211522
0.03221266
0.03161573
0.031361613
0.031288352
0.03133785
0.031160135
0.031845197
0.032179948
0.031522542
0.031797703
0.031314824
0.031104479
0.031308774
0.03137073
0.032007884
0.031749234
0.03275306
0.03288244
0.032418035
0.032792673
0.032458585
0.033318155
0.033389334
0.03413532
0.03523271
0.03449749
0.034037832
0.033663742
0.03386084
0.033972897
0.035165023
0.035651863
0.036393162
0.036659934
0.036323346
0.035917714
0.03529745
0.035332207
0.036535252
0.035536334
0.03501552
0.035184868
0.034445457
0.03471372
0.03515611
0.03532924
0.034885976
0.03491808
0.034909423
0.035429962
0.034702513
0.03514648
0.035063475
0.035423987
0.035547707
0.035905395
0.036414795
0.036500253
0.036734458
0.037263382
0.036697198
0.036383446
0.035779387
0.0356289
0.035944466
0.03668954
0.037265826
0.036583476
0.036507506
0.0367993
0.0371868
0.036892273
0.03639182
0.036771942
0.037279177
0.037256088
0.037932955
0.03769498
0.037633397
0.037702594
0.037817948
0.0367116
0.03577256
0.036052223
0.035334755
0.034764662
0.03473555
0.03478934
0.034429636
0.034592
0.035078783
0.03478209
0.034603793
0.03441476
0.03394689
0.033474743
0.033661865
0.03419462
0.03383313
0.03439492
0.034361083
0.034577385
0.034947533
0.035371464
0.035061866
0.03513899
0.035263043
0.03550374
0.035780426
0.036276225
0.03661893
0.037159182
0.03664426
0.036971718
0.03642343
0.03662226
0.036575947
0.036934134
0.037429497
0.038629346
0.039330367
0.039285038
0.03957531
0.03990181
0.040594354
0.041256208
0.04148475
0.04181776
0.0422372
0.041988723
0.04145393
0.04078264
0.039396193
0.039129898
0.038475662
0.038074315
0.037719186
0.037938204
0.036944665
0.03629472
0.035545178
0.03550708
0.035633773
0.03481594
0.034652647
0.034551412
0.03377237
0.03351468
0.032895543
0.032954104
0.03269479
0.031968843
0.031869415
0.031269576
0.031314738
0.03086706
0.030520556
0.030469533
0.030378236
0.030319065
0.030008065
0.029584285
0.029546976
0.029013991
0.02901878
0.028832128
0.028775744
0.028543517
0.028263405
0.027750647
0.027415548
0.027173182
0.026915688
0.026532594
0.026186815
0.025782926
0.02532671
0.02503134
0.024569377
0.024370521
0.024018329
0.02360422
0.023292435
0.022916112
0.022557564
0.022215696
0.021889504
0.021578068
0.02128054
0.020996135
0.020724136
0.020463875
0.020214733
0.019976139
0.019747563
0.019528512
0.019318528
0.019117184
0.018924082
0.01873885
0.01856114
0.018390631
0.018227018
0.018070018
0.017919365
0.017774811
0.01763612
0.017503073
0.017375465
0.017253103
0.017135805
0.017023398
0.016915722
0.016812626
0.01671397
0.016619617
0.016529443
0.016443327
0.01636116
0.016282838
0.01620826
0.016137334
0.016069975
0.0160061
0.015945634
0.015888505
0.015834644
0.015783994
0.015736492
0.015692087
0.015650727
0.015612368
0.015576965
0.015544482
0.01551488
0.015488131
0.015464203
0.015443072
0.0154247135
0.01540911
0.015396244
0.015386101
0.015378672
0.015373948
0.015371924
0.015371924
0.015371924
0.015371924
0.015371924
0.015371924
0.015371924
0.015371924
0.015371924
0.015371924
0.015371924
0.015371924
0.015371924
0.015371924
0.015371924
0.015371924
0.015371924
0.015371924
0.015371924
0.015371924
0.015371924
0.015371924
0.015371924
0.015371924
0.015371924
0.015371924
0.015371924
0.015371924
0.015371924
0.015371924
0.015371924
0.015371924
0.015371924
0.015371924
0.015371924
0.015371924
0.015371924
0.015371924
0.015371924
0.015371924
0.015371924
0.015371924
0.015371924
0.015371924
0.015371924
0.015371924
0.015371924
0.015371924
0.015371924
0.015371924
0.015371924
0.015371924
0.015371924
0.015371924
0.015371924
0.015371924
0.015371924
0.015371924
0.015371924
0.015371924
0.015371924
0.015371924
0.015371924
0.015371924
0.015371924
0.015371924
0.015371924
0.015371924
0.015371924
0.015371924
0.015371924
0.015371924
0.015371924
0.015371924
0.015371924
0.015371924
0.015371924
0.015371924
0.015371924
0.015371924
0.015371924
0.015371924
0.015371924
0.015371924
0.015371924
0.015371924
0.015371924
0.015371924
0.015371924
0.015371924
0.015371924
0.015371924
0.015371924
0.015371924
0.015371924
0.015371924
0.015371924
0.015371924
0.015371924
0.015371924
0.015371924
0.015371924
0.015371924
0.015371924
0.015371924
0.015371924
0.015371924
