925.7116
313.04614
144.62117
102.58155
80.828
67.06548
57.36403
49.930565
44.186073
39.555573
35.752003
32.545525
29.910963
27.516472
25.466248
23.743948
22.183372
20.687014
19.42252
18.277845
17.297651
16.310698
15.474355
14.67349
13.933101
13.293953
12.761726
12.119609
11.733458
11.294614
10.715287
10.32325
9.94997
9.477938
9.138335
8.788538
8.4713545
8.186673
8.00962
7.683621
7.369308
7.192032
6.924805
6.7376065
6.521129
6.336158
6.226351
6.0258675
5.804758
5.6279864
5.4847116
5.342914
5.2035704
5.1383677
5.0139837
4.8023047
4.6689367
4.5786405
4.4794
4.381853
4.2746506
4.244801
4.1080065
3.9835408
3.8992293
3.8108442
3.7366526
3.6967878
3.6042688
3.5279016
3.4361641
3.401964
3.325523
3.2360473
3.1714823
3.1243732
3.0697274
3.0297935
2.9583583
2.899749
2.8606348
2.7958362
2.7345014
2.6939285
2.657228
2.6188622
2.575685
2.5436223
2.4934993
2.497541
2.430396
2.3732107
2.3402894
2.316486
2.29034
2.244796
2.203051
2.1854753
2.1541348
2.1225333
2.0883603
2.0702982
2.035823
2.015341
1.9924095
1.9889048
1.9514726
1.9124277
1.8902026
1.8630198
1.8507291
1.8260592
1.8243141
1.7756431
1.7697132
1.7530638
1.7234657
1.6901337
1.6877127
1.6615881
1.6313279
1.6347488
1.592822
1.5920355
1.608902
1.5525374
1.5337317
1.5315436
1.5163703
1.494192
1.4756427
1.4777908
1.4526848
1.4428418
1.4318633
1.4162042
1.4074905
1.3937963
1.388367
1.3750883
1.3538275
1.3317701
1.3249314
1.3198717
1.3061541
1.289018
1.2817637
1.2692729
1.2612708
1.253302
1.2445612
1.2275945
1.2240776
1.2106043
1.2021002
1.1968726
1.1861701
1.1727997
1.1673396
1.1611824
1.147001
1.1474475
1.126409
1.1208892
1.1382022
1.1135093
1.1111294
1.1007376
1.1025407
1.088323
1.0741267
1.0648316
1.0547551
1.0597775
1.0562445
1.0456583
1.0515827
1.031084
1.0588766
1.047152
1.012208
1.0081774
1.0066293
0.99673855
0.9993052
0.98347986
0.9714037
0.9719868
0.96850103
0.9597587
0.9527086
0.9462194
0.93590575
0.9283933
0.92131793
0.92340106
0.9132877
0.9077534
0.90172184
0.8986034
0.8934054
0.8869608
0.8795557
0.8806136
0.87212497
0.8709012
0.8645011
0.856371
0.85452485
0.8560292
0.84448373
0.8404247
0.8356682
0.8367242
0.8331444
0.82559156
0.82042545
0.8213847
0.8193783
0.81705165
0.8065653
0.80529493
0.8062155
0.79771733
0.79186195
0.7897093
0.78819704
0.7823283
0.7857791
0.7945865
0.78034437
0.7718498
0.7704733
0.76610225
0.76446664
0.7590606
0.76315385
0.7546203
0.7547529
0.75004375
0.7478417
0.7485574
0.7455796
0.7437427
0.74181676
0.7333145
0.73616016
0.7367017
0.73583627
0.72079486
0.723779
0.7227166
0.7165778
0.71510494
0.71334314
0.71004236
0.7095177
0.7100585
0.70507234
0.70265114
0.70496327
0.7001996
0.6947369
0.69692343
0.6941937
0.7030322
0.6905518
0.6884205
0.68375736
0.6870105
0.6835654
0.6842832
0.68715763
0.6771217
0.67882
0.6749403
0.67964387
0.6737
0.6775496
0.6765819
0.6833217
0.6668784
0.66931814
0.6742393
0.6682278
0.6728892
0.6681404
0.67062616
0.66654605
0.6658587
0.6603742
0.6631776
0.6581718
0.6555353
0.6583692
0.6512612
0.6524623
0.6530794
0.6529208
0.64533734
0.6528675
0.64133966
0.64452326
0.64050126
0.6450447
0.63902235
0.6329748
0.63217276
0.6303234
0.62915397
0.6351036
0.62636435
0.62442404
0.62419134
0.62442064
0.62480515
0.6258703
0.62189966
0.62317663
0.6264391
0.617807
0.61823136
0.6193755
0.6203369
0.61679316
0.61111766
0.615121
0.6172124
0.61172
0.61543
0.61284554
0.6102419
0.60807073
0.60200936
0.60042816
0.6005052
0.6001436
0.5983518
0.6020353
0.60138756
0.5961563
0.5944381
0.59955364
0.59750825
0.5947109
0.6005972
0.59522027
0.59358585
0.5924021
0.590513
0.588808
0.5891838
0.5840968
0.5889439
0.5850554
0.58778864
0.583382
0.5849095
0.5767558
0.5764822
0.58209467
0.5759557
0.57305187
0.57722944
0.5745667
0.57397735
0.5699246
0.573959
0.57488215
0.5685502
0.57062465
0.56768674
0.5665849
0.5632629
0.55964243
0.56349367
0.5624749
0.56584007
0.5600253
0.5606695
0.5621798
0.5613791
0.55684364
0.55831146
0.5630797
0.5577539
0.56033224
0.56032425
0.5582774
0.55910677
0.55387586
0.5522325
0.55621403
0.5514594
0.5507243
0.55275667
0.54702055
0.5524292
0.5427025
0.54635733
0.54382247
0.5455655
0.54620993
0.54206693
0.53890437
0.54250956
0.5392095
0.54019326
0.5369776
0.53943825
0.5403607
0.5334242
0.53218216
0.5352689
0.5278427
0.5326217
0.53505963
0.5306407
0.5326203
0.5277399
0.52663046
0.5259247
0.52451295
0.525247
0.5203314
0.5217559
0.5243687
0.52708465
0.51948214
0.52132964
0.51719517
0.5185789
0.51959354
0.51390266
0.5114485
0.5131724
0.5125449
0.5088171
0.5129675
0.5100584
0.51403666
0.50980705
0.5112232
0.51063526
0.50911605
0.5074357
0.5053234
0.50479573
0.50697505
0.5073973
0.4998538
0.50389135
0.5036874
0.5012685
0.49594226
0.50186276
0.50010014
0.49990964
0.49757066
0.49668685
0.49966455
0.49743015
0.4916936
0.49789423
0.4943617
0.49203923
0.49368685
0.49031615
0.49297008
0.4928357
0.48989046
0.49442947
0.4907494
0.4860312
0.48840865
0.4876414
0.4866799
0.4871321
0.48294747
0.484335
0.48732296
0.48938084
0.4919071
0.4963442
0.48824283
0.48451987
0.48667276
0.48691028
0.48600435
0.48626265
0.49083748
0.48287654
0.48164842
0.4816649
0.48480725
0.48602092
0.47944516
0.48502403
0.4841386
0.48364466
0.47978368
0.4812178
0.4845187
0.48223373
0.485972
0.48505855
0.48486653
0.4777313
0.48118687
0.4798645
0.47600153
0.4782032
0.47889203
0.5005115
0.48150122
0.48287174
0.4794085
0.47918403
0.48190176
0.48137495
0.4809129
0.47866297
0.4790351
0.48044863
0.47776142
0.47336492
0.48759437
0.47580907
0.47524428
0.47113222
0.47647437
0.47194704
0.47704622
0.46851218
0.4742148
0.4734999
0.47498176
0.47100437
0.4705307
0.47130015
0.47314572
0.46926484
0.4704646
0.4678258
0.47064325
0.46787235
0.4722066
0.47322112
0.47299653
0.46774355
0.46693733
0.47336036
0.4657389
0.46737087
0.46897262
0.47125658
0.46955526
0.47327805
0.4703055
0.46861696
0.47093323
0.472336
0.47150066
0.46828735
0.46861088
0.47088534
0.4724085
0.4726545
0.47253826
0.47417244
0.4697969
0.468999
0.46840674
0.47281826
0.47003436
0.4707026
0.47192797
0.47052234
0.4736932
0.46890897
0.47089833
0.47204462
0.46777293
0.46550417
0.46908066
0.47185254
0.46815518
0.47203436
0.46564674
0.46794188
0.46221864
0.4671119
0.4644074
0.46665046
0.46426228
0.46594012
0.46699336
0.46730292
0.46151564
0.46203625
0.46462062
0.46432853
0.4673217
0.46457297
0.46479002
0.4666996
0.46069184
0.46184286
0.46413603
0.4622494
0.46423146
0.46199888
0.45820692
0.4605425
0.45859614
0.46212032
0.4537372
0.45787403
0.46085298
0.45808655
0.46053424
0.45447603
0.45610437
0.46541724
0.4568246
0.455135
0.46103388
0.46186933
0.4525397
0.45391914
0.45291904
0.4573208
0.454954
0.45424777
0.4531916
0.4517173
0.45437935
0.45111343
0.4503898
0.45548648
0.4528424
0.4478221
0.44913027
0.4475979
0.4452173
0.44924355
0.44656602
0.44532067
0.44661528
0.4489455
0.4473599
0.44915858
0.45136935
0.44488296
0.4477537
0.4501345
0.44515097
0.44827494
0.44504306
0.44452068
0.44557792
0.44691142
0.44680282
0.44503286
0.44414556
0.44648504
0.44827947
0.44894138
0.44449174
0.44549704
0.44571573
0.4463067
0.4460097
0.4484974
0.44202408
0.45056057
0.44480327
0.44635358
0.4446493
0.44548884
0.4441555
0.44409415
0.44319764
0.44178548
0.44889125
0.4427113
0.44369742
0.44637954
0.4429498
0.444989
0.44283676
0.44526324
0.4460919
0.4393336
0.43858424
0.44381064
0.44223225
0.44094843
0.44111216
0.4421211
0.44276103
0.4459704
0.44275668
0.44034037
0.4398719
0.43804035
0.43946138
0.4442636
0.44556347
0.44323528
0.44172728
0.44626915
0.44513762
0.44216928
0.43866104
0.4367003
0.43943274
0.44167143
0.43736684
0.43970057
0.43976453
0.44315702
0.43162483
0.43898335
0.43283644
0.43923143
0.43556488
0.43697733
0.43601078
0.43640825
0.4370206
0.43190473
0.43263525
0.435634
0.43832567
0.43195924
0.4344188
0.43499145
0.43398708
0.4318563
0.43097216
0.4302275
0.431969
0.43032876
0.43183333
0.42913142
0.4348235
0.43001232
0.4304781
0.4292654
0.42937958
0.42817336
0.4288922
0.4259078
0.42769033
0.4262544
0.42202508
0.42324665
0.4268259
0.4262902
0.42342064
0.42327878
0.4265875
0.42677352
0.42717662
0.42435154
0.41948348
0.42360327
0.42333284
0.42204025
0.4203666
0.42336985
0.42066312
0.42068335
0.4205242
0.42246914
0.41580817
0.42030406
0.42189127
0.41810057
0.41337326
0.41998613
0.42119342
0.41856465
0.41703048
0.41990724
0.41942418
0.41886988
0.42342487
0.42146122
0.41713047
0.42326313
0.42111683
0.4201904
0.41787478
0.41572878
0.4180338
0.4176723
0.41800132
0.41966352
0.4157137
0.4150095
0.41828677
0.41688547
0.41540033
0.41747975
0.4188419
0.41667882
0.41796076
0.41702038
0.42022398
0.41844633
0.41666362
0.41588292
0.41497442
0.41926828
0.41689047
0.41470033
0.4154481
0.41545895
0.4172319
0.42051467
0.4161065
0.42044604
0.4158526
0.41680342
0.41991544
0.41544104
0.41793486
0.4145158
0.41156033
0.4158983
0.41427633
0.41258898
0.41432464
0.4141823
0.41071466
0.4131268
0.4157244
0.41331008
0.4145377
0.41227314
0.41128796
0.4100527
0.41023007
0.40906176
0.41432032
0.41246524
0.4069484
0.40814146
0.4055193
0.40739894
0.40579256
0.40743607
0.40737677
0.40523076
0.40592283
0.40640646
0.40605083
0.40664348
0.4029584
0.40300325
0.4049139
0.40426752
0.40475267
0.4011213
0.4039082
0.40536594
0.39848635
0.40373766
0.4040527
0.4053062
0.40279537
0.3975577
0.39734238
0.40056583
0.39863545
0.39709935
0.3985416
0.4018584
0.39607415
0.39441293
0.39465672
0.3991985
0.39661548
0.40041825
0.3920744
0.39420655
0.39471757
0.39612702
0.3940879
0.3900992
0.39306825
0.3939356
0.39501098
0.39099404
0.39120334
0.388482
0.39027494
0.39032266
0.39407542
0.3916895
0.39341167
0.38818812
0.38635254
0.3925781
0.38619393
0.39021817
0.392267
0.39417735
0.38874778
0.38929787
0.3891125
0.38924155
0.38982472
0.39044675
0.3846792
0.3847162
0.3879271
0.3865033
0.3894354
0.38672864
0.3858886
0.38747987
0.3878374
0.38661742
0.38432634
0.38998637
0.3893367
0.38568163
0.38610744
0.38465828
0.38814557
0.3825973
0.38642204
0.38577867
0.38089287
0.38528243
0.38575503
0.38245764
0.38787988
0.3859683
0.38100043
0.3822488
0.38062957
0.3848281
0.3828428
0.3851691
0.3852858
0.37871486
0.38252884
0.38026923
0.37787098
0.37911272
0.38074377
0.3823191
0.37959915
0.38358122
0.38214478
0.37970707
0.3757644
0.37981725
0.37224317
0.378251
0.3744359
0.37289482
0.37295958
0.37813154
0.3757109
0.3737519
0.3721679
0.37466362
0.37632623
0.37557
0.37608525
0.37467802
0.37395453
0.37886044
0.37224942
0.38088092
0.37781253
0.37307698
0.37341425
0.37615174
0.3765168
0.37734777
0.3806809
0.37613258
0.3752955
0.37207344
0.3768402
0.37772575
0.37697718
0.37202907
0.37551585
0.37781298
0.375001
0.37916145
0.37704462
0.37112424
0.37350774
0.3755
0.37341896
0.37285227
0.37485668
0.37436482
0.37410936
0.3743584
0.37399516
0.37783036
0.37549314
0.3787406
0.37179032
0.37538475
0.3730116
0.3768865
0.37372184
0.3754688
0.3764865
0.37600076
0.3741947
0.37467965
0.37653086
0.37573266
0.371797
0.3737112
0.3683743
0.37340778
0.3778257
0.37162745
0.37366238
0.37435216
0.37371972
0.3732654
0.37221366
0.3754193
0.37344652
0.3732844
0.3756645
0.37397525
0.3762343
0.3744166
0.37386313
0.37467465
0.3716507
0.36581588
0.3748442
0.3651989
0.3716678
0.37075073
0.37038842
0.37052488
0.37342516
0.37451175
0.3671577
0.36994916
0.36853468
0.36593226
0.36876008
0.3677808
0.3672044
0.3686238
0.36932728
0.36700678
0.36747706
0.36605477
0.36597052
0.36886227
0.36840135
0.36624807
0.36615163
0.3658709
0.36386
0.36499998
0.36582085
0.35843858
0.35993928
0.36831897
0.35962796
0.35977924
0.3613326
0.3591718
0.35860083
0.36323896
0.3584859
0.36341423
0.359832
0.35907343
0.35839987
0.3616805
0.35831022
0.3600255
0.35850734
0.3627083
0.35786232
0.36187553
0.3615813
0.362209
0.35984218
0.36055967
0.35924393
0.35875776
0.35875794
0.3592601
0.36432868
0.3604807
0.35711616
0.36149806
0.36048177
0.36116943
0.35869902
0.358928
0.35882032
0.35825497
0.35887605
0.3599543
0.36186504
0.35846502
0.3573801
0.35986242
0.35808626
0.3570143
0.35932902
0.3570555
0.35535845
0.3555465
0.36039728
0.3576043
0.35846373
0.35767135
0.35323
0.35734737
0.35766107
0.35821587
0.3523397
0.3533668
0.35519615
0.35832632
0.36034405
0.36238262
0.35812336
0.3566603
0.35079542
0.35436887
0.35954228
0.35351303
0.3551664
0.3525085
0.358999
0.35449138
0.35712296
0.35545552
0.3553009
0.3572727
0.35880548
0.35613397
0.35585058
0.36080542
0.35775408
0.3568703
0.35767677
0.35560855
0.35863113
0.36041695
0.35668084
0.35735643
0.35562125
0.3539165
0.3552811
0.3560484
0.35708797
0.35248643
0.35576686
0.35249007
0.3546254
0.35740283
0.3516499
0.3490475
0.34826553
0.3518158
0.353344
0.35061678
0.34780532
0.34549138
0.34752867
0.3482961
0.35029522
0.34658593
0.34403256
0.3456857
0.3497865
0.34551623
0.34535563
0.34739488
0.34575328
0.34579018
0.34350026
0.34758803
0.34350955
0.34454545
0.34423915
0.34443915
0.34433627
0.34319806
0.33859548
0.34189245
0.34427434
0.34171364
0.34035906
0.34282
0.34256545
0.33808893
0.33875182
0.3389247
0.33850503
0.34194708
0.34607
0.33984202
0.33820826
0.33853444
0.3383972
0.3368072
0.33780393
0.33783397
0.33314234
0.33268464
0.33353987
0.335389
0.33614856
0.3332162
0.33381087
0.33108798
0.33045074
0.33038867
0.33103105
0.33053043
0.3295968
0.32931593
0.33271787
0.32984713
0.33140537
0.3314448
0.3287075
0.32963616
0.32849443
0.32801524
0.33001325
0.32858446
0.32823554
0.3308031
0.3266506
0.32877564
0.325753
0.32902986
0.3305128
0.33011508
0.33216035
0.32879862
0.325032
0.3312034
0.32884657
0.32787946
0.3324775
0.32774553
0.32697088
0.32859826
0.32678714
0.3243537
0.32483444
0.3302677
0.3311683
0.32796764
0.32954395
0.33074704
0.32465672
0.32755226
0.32760134
0.329567
0.3301393
0.32942018
0.3281355
0.33245397
0.32995403
0.32910326
0.3301874
0.3282274
0.3298352
0.3282417
0.32760957
0.33464321
0.33201516
0.33770028
0.3355205
0.32976133
0.3290997
0.33003196
0.3323531
0.32941264
0.32754445
0.3315226
0.3325211
0.32906643
0.32929456
0.32747203
0.3323971
0.3305948
0.33114788
0.32848635
0.33226502
0.33423537
0.33068025
0.33195657
0.3288897
0.33192843
0.3260671
0.32938647
0.3270786
0.33179474
0.32786888
0.32624194
0.32771295
0.32526192
0.32691813
0.32930097
0.32765102
0.3287506
0.32677513
0.32375425
0.32877588
0.3292808
0.32863083
0.32756692
0.32788393
0.32966572
0.3259671
0.32383028
0.32495204
0.3237951
0.3237043
0.32683015
0.3243146
0.32435238
0.32559952
0.32285845
0.32413137
0.324981
0.32271555
0.3230947
0.32289997
0.32560852
0.32381308
0.32288262
0.32530457
0.31877205
0.32069135
0.32323304
0.32050982
0.32114208
0.32413006
0.3224284
0.32338727
0.3201934
0.32469293
0.32070738
0.3217477
0.32243556
0.32118592
0.32277155
0.31965777
0.32204607
0.32068995
0.31911337
0.3191521
0.32279682
0.32065284
0.32464117
0.31894928
0.32100302
0.32169858
0.32059363
0.31629053
0.31728625
0.3184197
0.3208566
0.31567284
0.31814817
0.32102972
0.31915656
0.3216459
0.31986004
0.32294422
0.3186632
0.3164076
0.31876126
0.32518348
0.315063
0.31967556
0.31753147
0.32059315
0.31771728
0.31735197
0.3175252
0.32108757
0.32142672
0.31727126
0.3117251
0.32102144
0.3196969
0.32124934
0.32264245
0.3179864
0.32067084
0.3203274
0.3156505
0.32105392
0.323463
0.31838903
0.31897157
0.3175962
0.31997916
0.32050115
0.32010373
0.3228874
0.3183172
0.31897914
0.32031128
0.3201183
0.3171566
0.31978795
0.317227
0.32237852
0.31860244
0.31736878
0.31617683
0.31891498
0.32070252
0.31367064
0.31694564
0.31903693
0.32114556
0.3187751
0.32110968
0.3182779
0.3179085
0.31875166
0.3160714
0.31777734
0.31686875
0.31855878
0.31640202
0.3170386
0.315574
0.31462017
0.3161155
0.3129236
0.31212354
0.31557658
0.3164074
0.3142128
0.31116283
0.31200692
0.3155325
0.3124412
0.31661794
0.31301418
0.31053022
0.31069413
0.31491533
0.3094677
0.31270427
0.30975696
0.3087482
0.31743962
0.313394
0.3086517
0.30954018
0.30628163
0.30887356
0.3037076
0.30620632
0.30664963
0.30768767
0.30805266
0.3031662
0.30722615
0.30515972
0.30348462
0.30285943
0.3047336
0.30194712
0.30228674
0.3026947
0.3038834
0.29994798
0.30269626
0.30228373
0.30338418
0.3004376
0.30227256
0.3003788
0.30154127
0.299853
0.30104318
0.29965067
0.29792848
0.2967418
0.30016774
0.30188173
0.30066308
0.29609355
0.298668
0.29584214
0.30150983
0.2964941
0.29615575
0.29685178
0.3001569
0.29816562
0.2946906
0.29687592
0.29483026
0.29198554
0.29506484
0.29225275
0.29339504
0.2944018
0.29451153
0.29424533
0.2947611
0.29362231
0.2949814
0.2938369
0.29445603
0.2910431
0.29011893
0.2923077
0.2921613
0.29231235
0.29472035
0.2942196
0.29458082
0.2938779
0.29351333
0.29089674
0.29454884
0.29254353
0.29082444
0.29371098
0.28972042
0.28662005
0.29035267
0.28972158
0.29154903
0.29240406
0.29138994
0.2905994
0.28910834
0.2899091
0.2891306
0.28880087
0.2886764
0.28900033
0.28476202
0.2897575
0.2861609
0.28951344
0.28685609
0.28795248
0.28612497
0.29376045
0.28935897
0.28818294
0.28768107
0.287324
0.28493997
0.28782877
0.287904
0.29328272
0.28679547
0.28779188
0.2884875
0.28851613
0.28972408
0.2902409
0.2872449
0.29147404
0.2874155
0.288185
0.28974736
0.28928295
0.2925106
0.29038796
0.2905899
0.289162
0.28778136
0.28484204
0.29157743
0.29014453
0.29057553
0.2920688
0.2918396
0.28932726
0.28797114
0.28910765
0.2905241
0.29282248
0.29060718
0.29148623
0.29289842
0.29016763
0.29079553
0.29202673
0.28979555
0.29381898
0.2884317
0.2907752
0.28667238
0.28672838
0.29137582
0.28448784
0.29288724
0.29194927
0.28902924
0.28714383
0.29205576
0.28878364
0.28903002
0.2879039
0.28834566
0.28647983
0.2873038
0.28959057
0.285858
0.28016457
0.28502148
0.28743562
0.28521198
0.2848648
0.2817948
0.28596118
0.28638336
0.2849802
0.283985
0.28359944
0.2829607
0.28217322
0.28300187
0.28470725
0.28568047
0.28590944
0.2858005
0.2816594
0.28429085
0.28245306
0.28441632
0.28247133
0.28662395
0.28240192
0.27966806
0.280892
0.27990532
0.27846545
0.2814028
0.28131592
0.27778512
0.27816263
0.28161666
0.27982378
0.27373108
0.27797675
0.2743024
0.27672875
0.27556345
0.2807118
0.2781772
0.28058386
0.27364877
0.27779227
0.2793466
0.2782275
0.2779026
0.2737628
0.27737376
0.2766174
0.27507204
0.2787983
0.27312484
0.27625656
0.27428627
0.27534816
0.2789235
0.2743655
0.27728862
0.27495617
0.27655062
0.27531806
0.27525952
0.2769604
0.28026995
0.2757966
0.27725634
0.270794
0.27226725
0.27055773
0.27580956
0.27401268
0.2707592
0.27888456
0.27476087
0.27509788
0.27225956
0.2745118
0.27192006
0.2764403
0.2743635
0.27480516
0.27405223
0.27585843
0.26996166
0.27201378
0.26960146
0.27187276
0.2696534
0.27278295
0.2756827
0.27392724
0.273265
0.27383843
0.27088898
0.27484915
0.27205208
0.27001983
0.26869836
0.27488393
0.27298093
0.26869333
0.2712034
0.2714166
0.27071008
0.27153334
0.26685607
0.273634
0.26728588
0.26556322
0.27343282
0.27264
0.27293822
0.2725943
0.26850364
0.26677006
0.27248216
0.27149397
0.2691034
0.26487917
0.26857382
0.26944354
0.26792982
0.26804742
0.26626304
0.2662087
0.26557475
0.2696891
0.268154
0.26242593
0.2691603
0.26840472
0.26600638
0.26928082
0.26788196
0.26485762
0.269594
0.2653418
0.26738414
0.26781574
0.26816842
0.26779398
0.2691802
0.26766565
0.26445094
0.26869392
0.26901522
0.26763722
0.26978227
0.26716304
0.26726973
0.2672735
0.26904443
0.27004173
0.26966473
0.2706021
0.2656102
0.26899353
0.27128318
0.2698196
0.26720792
0.26620227
0.2698375
0.26874045
0.26766974
0.26478937
0.26584274
0.26141983
0.2647067
0.27000338
0.2650856
0.26454037
0.26200527
0.26386905
0.26392144
0.26631036
0.26288733
0.26600412
0.264209
0.26439652
0.2638171
0.2675352
0.25978598
0.26384875
0.2594489
0.2641844
0.26283416
0.2618922
0.25837088
0.26427954
0.26156667
0.26299748
0.26414058
0.25957242
0.26156116
0.26222092
0.2640622
0.26264954
0.2664598
0.26131362
0.26192087
0.26220968
0.26521525
0.26276043
0.2610974
0.25975624
0.25889185
0.25848147
0.262162
0.263154
0.26295555
0.26133594
0.25876307
0.25752798
0.26288307
0.25956997
0.262777
0.2601001
0.25942028
0.26018518
0.26062635
0.26112723
0.25959915
0.26055953
0.260568
0.26110467
0.2587753
0.26161426
0.2602784
0.25974303
0.25755998
0.25847003
0.258541
0.25917095
0.2571244
0.25878638
0.25890592
0.26101798
0.2599765
0.25652358
0.2598555
0.25655815
0.25784075
0.26006055
0.25545332
0.25837234
0.25854295
0.26028055
0.26024073
0.25722563
0.25714958
0.25651392
0.25997493
0.2595932
0.25816533
0.25552556
0.2568072
0.2571387
0.25883794
0.2602091
0.25647265
0.2599684
0.25694305
0.2599904
0.25602618
0.25368336
0.2570967
0.25351354
0.25826514
0.25303763
0.25474593
0.25304896
0.25739783
0.25621247
0.25166425
0.25494808
0.25248072
0.25427407
0.25641632
0.25295806
0.2562826
0.25157914
0.25261
0.25365162
0.25304988
0.25531623
0.25328878
0.25919715
0.25552735
0.25572106
0.2536439
0.25202936
0.25455913
0.25433913
0.25180918
0.25692979
0.25643122
0.25527334
0.2547549
0.25845546
0.25547984
0.25684267
0.25061774
0.25476012
0.25515246
0.25286558
0.25417784
0.25375837
0.2539148
0.25752175
0.25608772
0.2563316
0.25784433
0.25544325
0.253571
0.25247902
0.2542227
0.25279123
0.25703335
0.258288
0.25354147
0.25048876
0.25180095
0.24927337
0.25225666
0.25039026
0.25239116
0.25367966
0.25285307
0.250764
0.25085008
0.2534882
0.25385046
0.2547957
0.2525181
0.2504781
0.24885106
0.2510992
0.24807087
0.24925576
0.24918489
0.25048578
0.2491813
0.24897201
0.25143862
0.24987172
0.24874379
0.25198698
0.24904001
0.2530272
0.24800427
0.25032005
0.24801977
0.2505964
0.25302204
0.24969296
0.24749555
0.24821027
0.24885942
0.24968985
0.25042227
0.2518604
0.24624147
0.24958208
0.24753518
0.24667814
0.25048912
0.24791722
0.24747004
0.24421564
0.24787553
0.245209
0.24499984
0.24337561
0.24409719
0.24547356
0.2441529
0.24165398
0.24391522
0.24523765
0.2442573
0.24391188
0.24185102
0.24503392
0.2429542
0.2384586
0.24442342
0.23982383
0.2389934
0.2429778
0.24442643
0.24683943
0.24386136
0.23970504
0.24283479
0.2405026
0.2444543
0.24362443
0.24099591
0.24452451
0.238482
0.24174756
0.2433683
0.24406062
0.24463236
0.24128367
0.24712653
0.24290407
0.23942162
0.24191163
0.24276139
0.24178419
0.24178888
0.2423877
0.24076764
0.24038981
0.23998003
0.24162664
0.24367364
0.2391075
0.23824601
0.23729898
0.2426392
0.24007185
0.24031815
0.23900816
0.23832926
0.23618743
0.2441627
0.23943901
0.24321985
0.23944634
0.24180579
0.23844038
0.24222204
0.2454277
0.2379518
0.24313197
0.24231832
0.24139142
0.23903082
0.24064842
0.24194096
0.2425154
0.2412056
0.24327634
0.24306317
0.24313492
0.2408226
0.24095099
0.23894897
0.24046789
0.2388899
0.23859982
0.23787498
0.2401698
0.23886809
0.23918158
0.23981275
0.23459214
0.24123585
0.23775922
0.23495908
0.24076873
0.23310292
0.23789205
0.23759976
0.23701243
0.23924015
0.2363569
0.23588113
0.23845465
0.23674011
0.2366335
0.23658754
0.23574568
0.23789027
0.2360262
0.23863067
0.23594692
0.23317757
0.23563072
0.23695502
0.23843941
0.23480435
0.23907773
0.23480877
0.23653136
0.235934
0.23320737
0.23739652
0.23382397
0.23510142
0.23639823
0.23572992
0.2341701
0.23624213
0.23566152
0.23489584
0.2360485
0.2331174
0.23564763
0.23313852
0.23585571
0.23533049
0.23321451
0.23263764
0.23298413
0.23533145
0.23173285
0.23301613
0.2322961
0.23441139
0.23029314
0.23286985
0.23334539
0.23387909
0.22872381
0.23365572
0.23107444
0.23034492
0.23122913
0.23397054
0.23052631
0.22980627
0.22954038
0.22746009
0.22938001
0.23268798
0.23285188
0.23165256
0.2285387
0.23089397
0.23711535
0.23076774
0.23049644
0.23309974
0.23105991
0.23181282
0.23209915
0.23249424
0.2291729
0.23208898
0.22723062
0.22916618
0.23010723
0.22751258
0.23086512
0.22629414
0.22547553
0.22642
0.23006123
0.2262967
0.22901616
0.22678775
0.22789729
0.2276386
0.22563258
0.22746302
0.22471884
0.22688794
0.22906615
0.22813559
0.22922902
0.22785968
0.22731519
0.22436094
0.22912106
0.22372626
0.22748591
0.22487655
0.22974032
0.22814125
0.22341861
0.22830717
0.2275432
0.22698493
0.23104437
0.23185538
0.23009837
0.23113321
0.22661929
0.22796416
0.22636873
0.22840223
0.22836696
0.22947197
0.22952943
0.22920664
0.22758219
0.22998868
0.22484775
0.226015
0.22541803
0.2247735
0.22698912
0.22680858
0.224899
0.22564264
0.2281485
0.22381477
0.22915089
0.22579259
0.22582519
0.22677736
0.22798902
0.22468679
0.22877157
0.22520742
0.22320129
0.22356321
0.22283025
0.22503965
0.22594383
0.22351506
0.2275651
0.22338049
0.22226982
0.2190614
0.22239718
0.22062816
0.21952783
0.21846765
0.2226393
0.22130375
0.22143549
0.21992256
0.22100185
0.22073832
0.21669747
0.21785536
0.21601614
0.21729454
0.21980691
0.22019868
0.21996342
0.2167452
0.21875575
0.21611688
0.21783738
0.21565336
0.21723242
0.21890466
0.21512985
0.21677653
0.21222012
0.21538296
0.21400909
0.21483299
0.21589491
0.22097729
0.21382901
0.21735577
0.21799883
0.21421444
0.21468975
0.2162376
0.21706349
0.2130096
0.21716873
0.21419941
0.2137905
0.21753557
0.21584362
0.21233839
0.21327241
0.21224687
0.21616685
0.21360911
0.21370701
0.2175212
0.21357222
0.21618693
0.21216351
0.21359979
0.2119325
0.2117956
0.21365948
0.21512432
0.21268386
0.2109008
0.21056244
0.21135479
0.21265447
0.21117954
0.212587
0.21345368
0.21276718
0.21218097
0.2162003
0.21200667
0.21544959
0.21528482
0.21117733
0.21153677
0.21113376
0.21594203
0.21286586
0.21344487
0.21260485
0.21069977
0.21326269
0.21279894
0.21106702
0.21515203
0.21422943
0.21451049
0.2157595
0.21303922
0.2114805
0.21385393
0.20910765
0.21099702
0.20876315
0.21191552
0.21188907
0.21350886
0.21431114
0.21540007
0.20958784
0.20973547
0.21198137
0.21285562
0.21324943
0.21179093
0.21292174
0.21566647
0.21014899
0.21420187
0.21082534
0.21561557
0.21183215
0.21322134
0.21427646
0.21345252
0.21541801
0.21308671
0.21027835
0.2184547
0.21589096
0.21378379
0.21730176
0.2163675
0.21285468
0.2115484
0.21378644
0.21550982
0.21064948
0.21442933
0.21662189
0.2166355
0.21400797
0.21028396
0.21409366
0.21063237
0.21453032
0.21213451
0.21798146
0.21553862
0.21219069
0.21509935
0.21357247
0.21377903
0.2107741
0.21632913
0.21004535
0.21211097
0.21265647
0.21519765
0.21423234
0.21236362
0.21375547
0.21485774
0.21282808
0.2147026
0.212411
0.21266451
0.20986842
0.2127833
0.21211816
0.20980154
0.21077314
0.2112533
0.21482444
0.21127766
0.21262872
0.21292087
0.21100752
0.21149127
0.20933779
0.21214229
0.21119054
0.21047176
0.21063523
0.20732947
0.2119797
0.21015923
0.20911334
0.20922557
0.20976567
0.21051642
0.21046335
0.21305472
0.20904706
0.21083711
0.21159363
0.21117261
0.2098673
0.20692869
0.21001114
0.20938541
0.21052839
0.20919234
0.20849888
0.21250474
0.2140609
0.21227007
0.21179128
0.20976509
0.20831087
0.20792566
0.21231759
0.20844012
0.20979205
0.21092646
0.20968832
0.21115327
0.21234287
0.20582525
0.20953228
0.21046901
0.21072434
0.21120478
0.21019213
0.20972438
0.21118723
0.20783171
0.20909156
0.20711496
0.20972669
0.2095378
0.21119455
0.20967966
0.20683545
0.20528369
0.20788614
0.20624366
0.20749924
0.20749824
0.20615858
0.20499057
0.20674178
0.20460594
0.20350878
0.2047227
0.20545897
0.20561248
0.20469725
0.20180646
0.20602861
0.20053747
0.2026273
0.20091866
0.20506747
0.20402089
0.19890098
0.201904
0.20153975
0.20324908
0.19961846
0.20167671
0.20374674
0.19983673
0.20492485
0.20168741
0.19883609
0.20292097
0.2010431
0.20096715
0.2044104
0.20151655
0.19777535
0.20139301
0.20410863
0.20329462
0.20058262
0.20174217
0.20690337
0.20511281
0.2023204
0.20378949
0.20021331
0.20048034
0.19990064
0.20314406
0.19732085
0.2031138
0.20356041
0.19982032
0.20042822
0.19871996
0.1999753
0.20307858
0.2020794
0.19860515
0.20526455
0.20026615
0.20557232
0.20061898
0.20164035
0.201163
0.20351557
0.20335436
0.20145865
0.1992588
0.19723883
0.20475067
0.20152706
0.20086685
0.20108713
0.20231317
0.2013086
0.20638788
0.20409952
0.20339434
0.20102304
0.19900928
0.19869953
0.20432042
0.20323549
0.2020683
0.20218875
0.20183972
0.20176272
0.2014566
0.20217513
0.2022523
0.20089719
0.20237626
0.2041504
0.2009065
0.20698634
0.20497511
0.20638661
0.20192306
0.20344496
0.20166254
0.20316377
0.20394294
0.19946481
0.19973548
0.20030689
0.20518656
0.20267494
0.20180756
0.2004665
0.20303161
0.20354567
0.2031478
0.19879982
0.20142236
0.1993151
0.2009228
0.1988848
0.19932747
0.2023575
0.19864938
0.19869259
0.19646287
0.20178123
0.19716477
0.19927615
0.19975439
0.20136449
0.20175667
0.19867441
0.20352761
0.20004363
0.20218855
0.2043315
0.20438808
0.19891591
0.2006562
0.20012319
0.20106938
0.20115711
0.19965339
0.20336862
0.2047057
0.2024147
0.20323652
0.20159665
0.19985038
0.19952492
0.20094678
0.20450927
0.19875066
0.20227307
0.2024846
0.20177974
0.20273855
0.19921121
0.20139632
0.19588152
0.19839744
0.19808868
0.1989866
0.1994681
0.1968078
0.19874498
0.19671029
0.19612625
0.1934979
0.19535659
0.19672075
0.19382371
0.19531567
0.19610502
0.19630896
0.19347343
0.19457822
0.1952743
0.1952526
0.19382624
0.19144051
0.19556226
0.19388685
0.19246848
0.1921189
0.19395848
0.19341329
0.19364749
0.19068971
0.19426514
0.19381419
0.1933351
0.19128796
0.1898436
0.19351105
0.19266929
0.19369933
0.19136769
0.19151345
0.19164658
0.19425316
0.1906135
0.19048767
0.19174415
0.19055656
0.19156128
0.18863927
0.19089507
0.19144762
0.1949963
0.1927848
0.19190055
0.19127856
0.18969472
0.18957217
0.19070147
0.19046555
0.1910006
0.19045047
0.18856451
0.19259107
0.18827543
0.190257
0.18830922
0.19396983
0.1914641
0.19122158
0.19164799
0.1897313
0.19203882
0.19012287
0.19247772
0.1928021
0.1880698
0.18938243
0.18575075
0.18973258
0.18748668
0.18897784
0.19044325
0.18582377
0.18943632
0.19252902
0.18901639
0.18795805
0.1879048
0.18577369
0.18460408
0.18678513
0.18722531
0.18555856
0.18983747
0.18622561
0.18762603
0.18537751
0.18778755
0.18274456
0.18610096
0.18529977
0.18313293
0.18297133
0.18338104
0.18493982
0.18556882
0.18462548
0.18672751
0.18329792
0.1851165
0.18231569
0.18290009
0.18492062
0.18134409
0.18444635
0.1841834
0.1861206
0.18446323
0.18028818
0.18466777
0.18419833
0.18249473
0.18252675
0.1824748
0.18202786
0.18091097
0.18320747
0.18460846
0.18370147
0.18104587
0.18522972
0.17993118
0.18067
0.18157437
0.18419226
0.181737
0.18184403
0.18121094
0.18067011
0.18218602
0.18017787
0.18270698
0.18220358
0.18209355
0.18271889
0.18155502
0.18206151
0.18118137
0.18001102
0.18050124
0.18213388
0.18348396
0.17960119
0.18014048
0.18772253
0.18250032
0.18532783
0.18162555
0.18423878
0.18290271
0.17971997
0.18138467
0.1818325
0.18366084
0.18498755
0.18164158
0.17946275
0.1804567
0.18292475
0.17940763
0.18322621
0.18132617
0.18301043
0.18002604
0.18336059
0.18319637
0.18042816
0.18244958
0.18044631
0.18268009
0.18203627
0.18400127
0.18283427
0.18451513
0.18737812
0.18188663
0.18195653
0.18313684
0.18285793
0.18345244
0.18160646
0.18604729
0.1832634
0.18109204
0.18095745
0.1826171
0.18286288
0.18387471
0.18216965
0.18470958
0.18233575
0.183984
0.18127522
0.1830669
0.18248893
0.18232596
0.18542835
0.18030848
0.18237922
0.18324217
0.18544456
0.18374527
0.18945484
0.18717621
0.1839978
0.18279912
0.18605287
0.18615179
0.18707441
0.18312389
0.18525517
0.18611448
0.1877056
0.18482447
0.18266614
0.18426864
0.1876639
0.18508558
0.19003293
0.18303305
0.18478699
0.18308891
0.18140954
0.18600816
0.18614216
0.18101856
0.18428817
0.18199421
0.1812398
0.18099172
0.18237776
0.1819842
0.18471274
0.1801871
0.18064553
0.18441464
0.18484947
0.18089359
0.18575798
0.1837798
0.18597971
0.18231817
0.18155448
0.18420087
0.18539208
0.18243591
0.17922544
0.18363291
0.18150476
0.18284051
0.180263
0.18109944
0.18098238
0.18194993
0.18264675
0.18130879
0.18377812
0.18063138
0.17675579
0.1815041
0.1791355
0.18300979
0.17982602
0.18278588
0.18720445
0.18245004
0.1811779
0.1799787
0.18399903
0.18119428
0.18342406
0.18329452
0.17923911
0.18291631
0.18143582
0.18309452
0.18169749
0.18337867
0.18168773
0.18483965
0.18397753
0.17822559
0.1832144
0.18146399
0.18193847
0.1808627
0.18899928
0.1826925
0.18024881
0.18175346
0.18255271
0.18097034
0.18013686
0.18243131
0.183693
0.18379928
0.18268034
0.1816839
0.17925696
0.18619992
0.17885369
0.18514267
0.18271364
0.18305244
0.18223801
0.18329921
0.18208188
0.18236503
0.18238598
0.181683
0.18119985
0.18066074
0.18084212
0.17796354
0.17479159
0.17895895
0.17814764
0.18057165
0.18048261
0.1827204
0.1812682
0.18089606
0.17859727
0.18089776
0.18024544
0.17722237
0.1760373
0.17940345
0.17675544
0.18102059
0.17548205
0.17649415
0.18100515
0.18118039
0.17725515
0.17729531
0.17802326
0.17560282
0.17840226
0.18100652
0.18071912
0.1766493
0.17755628
0.1769693
0.18208218
0.17701794
0.17943501
0.18150982
0.17863092
0.18170477
0.17774957
0.17790893
0.17799091
0.17966008
0.17808701
0.17704089
0.17608342
0.18041083
0.17664237
0.17617933
0.17660761
0.17732908
0.18003896
0.17692941
0.17551719
0.1744
0.17532068
0.17311929
0.1746982
0.17450972
0.17194498
0.1742446
0.17157602
0.17427962
0.17521696
0.17105041
0.17484379
0.17348307
0.17256357
0.17158283
0.17100681
0.17208023
0.17459807
0.16918501
0.17258318
0.17264871
0.17303225
0.17260404
0.1740994
0.1714592
0.16929549
0.16806096
0.17224291
0.168705
0.1679666
0.16728987
0.17080143
0.17004706
0.17078698
0.16837405
0.16949329
0.1700431
0.16933991
0.17063423
0.16811843
0.16811058
0.17067666
0.17022581
0.16822895
0.16878188
0.16716297
0.16907221
0.16482076
0.1681555
0.17046085
0.16682442
0.16551685
0.169859
0.16544656
0.16979045
0.16852668
0.16953732
0.17291051
0.166619
0.16769795
0.16810234
0.17025563
0.1680073
0.17017692
0.16947432
0.1696922
0.1697675
0.17065871
0.17393331
0.16902171
0.17024262
0.16840714
0.16728975
0.17052664
0.16770656
0.16830081
0.16580611
0.16867337
0.17095402
0.16766024
0.16976728
0.16916108
0.16933534
0.16924165
0.16962427
0.16659027
0.16815194
0.17000985
0.1711098
0.16661277
0.16498214
0.16714221
0.16900694
0.16847984
0.16771248
0.16541761
0.16701941
0.16631615
0.16480502
0.16776714
0.1636962
0.1640633
0.16230331
0.16199875
0.16388147
0.16439699
0.16636918
0.16433421
0.1629727
0.16254508
0.15956157
0.16071007
0.16151136
0.15946364
0.16256294
0.16264117
0.15879728
0.1610305
0.15980211
0.15988252
0.15846568
0.16021404
0.16104998
0.15805537
0.15893781
0.15721323
0.15877308
0.16263284
0.15647414
0.16451697
0.16032435
0.16060936
0.16150033
0.15842234
0.15980399
0.15996756
0.16014439
0.15903644
0.15975043
0.16124263
0.16111772
0.15971845
0.15937406
0.16080931
0.15783688
0.15832074
0.15999931
0.16237393
0.15752243
0.16042341
0.160003
0.16469885
0.15583351
0.15626597
0.15825115
0.1595171
0.15370224
0.1569343
0.15836984
0.15651384
0.15541127
0.16165839
0.15666275
0.15494397
0.15775
0.15888767
0.1595034
0.15567242
0.15215778
0.1570515
0.15439467
0.15532921
0.15757012
0.15520474
0.15660633
0.15636434
0.15924636
0.15932602
0.15253718
0.15491343
0.15869191
0.15717222
0.16076474
0.15782242
0.15825784
0.15988304
0.15679759
0.15659182
0.15668835
0.15623504
0.1588537
0.15643278
0.15444286
0.1540258
0.15923831
0.15403402
0.15812203
0.15540738
0.1540642
0.15715419
0.1570347
0.15532936
0.15760474
0.15514866
0.15748036
0.15192024
0.15642911
0.15655805
0.15438204
0.1535405
0.15868595
0.15782328
0.15764779
0.15527682
0.15493242
0.15718941
0.15578967
0.16038287
0.15712632
0.15573354
0.16043466
0.15959206
0.1590319
0.15951121
0.15318325
0.15903246
0.15849784
0.15711403
0.15897366
0.15503192
0.15377253
0.15703057
0.15764734
0.15747218
0.15578954
0.15315431
0.157446
0.15796259
0.15778
0.15922058
0.15686038
0.15681536
0.15632768
0.15792759
0.15268746
0.15253854
0.15479887
0.15548734
0.15977207
0.16029492
0.15698719
0.15791474
0.15750767
0.15303206
0.15858275
0.1537839
0.15614124
0.15618423
0.15714778
0.15485853
0.15486103
0.15771376
0.15604116
0.15872888
0.15320887
0.15571316
0.15772255
0.15631287
0.15121649
0.15656558
0.15566312
0.15203859
0.15470654
0.15362176
0.15301235
0.1523122
0.1517262
0.15059863
0.15616591
0.15461197
0.15548016
0.15669732
0.15453854
0.1537585
0.15136394
0.1518605
0.1520278
0.14940503
0.15234435
0.1497814
0.15000547
0.15501855
0.14858413
0.15323238
0.1486499
0.14772157
0.1508292
0.1459524
0.15122433
0.14836255
0.14903094
0.14655855
0.1481988
0.1471015
0.14596447
0.14685117
0.14721988
0.1472465
0.14574605
0.15169206
0.14574271
0.148259
0.14914706
0.14431798
0.14352006
0.14626507
0.14668746
0.14540449
0.14492078
0.1485648
0.14587103
0.1438907
0.14801735
0.14667268
0.14678659
0.14556624
0.1418608
0.14404286
0.14511597
0.14435259
0.14288314
0.14632487
0.14306268
0.14304389
0.1427912
0.14164357
0.14403923
0.1419614
0.14506997
0.1416979
0.14308545
0.14282212
0.14511305
0.14464766
0.14219894
0.14383782
0.14864813
0.14307094
0.1457321
0.1412612
0.13901143
0.14135192
0.14708228
0.1423344
0.14474623
0.14352834
0.14584869
0.14312038
0.14022683
0.14488539
0.1424121
0.14161676
0.14397405
0.14208454
0.14054091
0.14001127
0.14313458
0.1443183
0.14015888
0.14474244
0.144504
0.14398466
0.14244282
0.14020173
0.13886227
0.14189576
0.14362085
0.14458394
0.14266613
0.14323236
0.14598024
0.14472738
0.14642406
0.14030313
0.14110377
0.1441708
0.14800954
0.14111227
0.14318524
0.1424194
0.1451012
0.1442483
0.14576805
0.14461492
0.14629519
0.14601701
0.14576611
0.1456868
0.14499928
0.14384134
0.14473982
0.14595978
0.14425668
0.14234984
0.1435458
0.14685357
0.1436468
0.14194664
0.14626965
0.1442305
0.14835607
0.14725061
0.1484315
0.14387065
0.14458969
0.14557526
0.1462781
0.14657305
0.14350362
0.14976792
0.14777024
0.1464803
0.14641555
0.14590266
0.14562105
0.14345539
0.14757626
0.14235908
0.1436814
0.14058006
0.14938071
0.14279579
0.14433827
0.14178126
0.14106703
0.14503002
0.14240053
0.1385756
0.13792083
0.14281708
0.14199448
0.14255297
0.14041837
0.14455605
0.14332958
0.1421027
0.14250793
0.14074078
0.13984883
0.1384849
0.14043322
0.14527988
0.14321558
0.14722785
0.14640327
0.1403873
0.14337389
0.1463779
0.14081822
0.1406505
0.14334156
0.14030065
0.14310114
0.14297417
0.14171232
0.14412251
0.14373472
0.13710363
0.14425687
0.14060394
0.14066885
0.13817659
0.14187765
0.14159696
0.14261252
0.13903657
0.13689321
0.1366455
0.13929673
0.13857603
0.13743907
0.1411247
0.1373778
0.13850781
0.13458681
0.1359919
0.1323901
0.13465948
0.13450432
0.13597369
0.13508092
0.13534713
0.13366397
0.13887289
0.13723077
0.13882501
0.1367947
0.13513435
0.13571799
0.13584827
0.1392999
0.13706599
0.1346265
0.13523625
0.13763921
0.1360789
0.13345101
0.13599657
0.13694155
0.13606295
0.13803555
0.1397897
0.13625044
0.13849638
0.13716456
0.13517372
0.13482934
0.13756849
0.13683887
0.13795274
0.13673963
0.13921829
0.14052334
0.1343296
0.13653015
0.13954756
0.14103007
0.13646287
0.14094982
0.13509414
0.13831541
0.14037825
0.13713562
0.13845868
0.1419821
0.14277785
0.13836004
0.1388988
0.13710867
0.13493106
0.13597235
0.13531403
0.14192441
0.14194219
0.13796405
0.14106143
0.13903491
0.13954383
0.13797766
0.13720013
0.14083225
0.14199044
0.13573164
0.13727756
0.14173254
0.1404998
0.14001158
0.14045404
0.13729958
0.13827984
0.13970803
0.14235991
0.13924459
0.13834992
0.13797487
0.14005648
0.141711
0.13734238
0.13650635
0.13837473
0.14048013
0.13847275
0.13820599
0.14152385
0.13946295
0.13862592
0.13608184
0.13948798
0.13790946
0.13401663
0.13753413
0.1371128
0.13734774
0.13452838
0.1410543
0.13741158
0.13722986
0.13637018
0.13601036
0.13563655
0.14037536
0.13454416
0.13681573
0.13530177
0.13623132
0.1393871
0.13719115
0.13439217
0.13844573
0.13731822
0.13682698
0.1381458
0.1372331
0.13771077
0.1358032
0.13881543
0.14068033
0.1385851
0.14205445
0.1328203
0.13671945
0.1372042
0.138367
0.13691285
0.13935335
0.13658182
0.13520786
0.13218169
0.13687801
0.13589647
0.13648538
0.13598059
0.13574997
0.13658926
0.13727123
0.13531677
0.13671541
0.13451366
0.13598004
0.13431421
0.13733183
0.13528703
0.13644548
0.13775922
0.13710475
0.13901155
0.13571537
0.13877484
0.14285548
0.13976133
0.13964902
0.13737142
0.13475482
0.13350046
0.13409072
0.13524625
0.1378022
0.13733922
0.13846323
0.1331137
0.13689986
0.13977073
0.13716619
0.14126152
0.13780831
0.13572642
0.13508394
0.13305749
0.13315205
0.13622269
0.13553968
0.13617727
0.13288134
0.12949361
0.13290392
0.13397162
0.1353701
0.13450253
0.13103345
0.132773
0.13039754
0.13431887
0.13247651
0.13012101
0.13095348
0.13030984
0.13117832
0.13277201
0.1301653
0.13164511
0.13531505
0.13101318
0.13015068
0.12758453
0.13099879
0.13449931
0.12832901
0.13577637
0.13265117
0.13479652
0.1316498
0.12995441
0.13053247
0.1321358
0.137595
0.13315731
0.1310044
0.13320242
0.13614544
0.1292292
0.12984277
0.13275447
0.1319255
0.13273855
0.13434541
0.13057524
0.13535179
0.1347229
0.13290107
0.13349307
0.13072976
0.13214217
0.13137026
0.13685536
0.13026635
0.13279562
0.12930624
0.13084061
0.13183151
0.13001095
0.12685405
0.12831312
0.13054666
0.12923642
0.12944964
0.12954196
0.1296436
0.13682313
0.12887482
0.1314621
0.12982897
0.12923323
0.13189355
0.13234872
0.13045396
0.13051553
0.13348188
0.13236524
0.13081516
0.12537491
0.13109356
0.12801217
0.12982972
0.13435674
0.12702198
0.12882821
0.13173012
0.12863618
0.12536158
0.12790723
0.1328267
0.12745227
0.13198222
0.12984332
0.12903035
0.1305783
0.12891296
0.12980635
0.13076665
0.12613808
0.12452809
0.12801872
0.13016291
0.12937878
0.13108909
0.13067098
0.13009726
0.12975381
0.13034728
0.13080196
0.12671025
0.1317944
0.12888066
0.12928326
0.1294649
0.12628286
0.12917188
0.13192557
0.1283705
0.12691325
0.12339434
0.12745923
0.12835976
0.12497321
0.12815054
0.12544452
0.12663525
0.12683839
0.12872006
0.12977496
0.1273845
0.12587969
0.12827007
0.12860742
0.12898976
0.12616545
0.12768403
0.1273476
0.13319321
0.12848407
0.12775607
0.12640409
0.12764718
0.12783857
0.12869582
0.1288028
0.12535116
0.12948257
0.124677554
0.129245
0.12742281
0.1275654
0.12964696
0.12658864
0.12931101
0.13078962
0.12845246
0.13141444
0.12712838
0.1277375
0.13137603
0.12760094
0.13074955
0.12661785
0.12682866
0.12621848
0.12853998
0.12914284
0.12782197
0.12877662
0.1279695
0.13089424
0.13171303
0.12687977
0.12689348
0.13081527
0.12770179
0.1253982
0.12765875
0.12588306
0.122961044
0.1253211
0.12624931
0.12632897
0.12898625
0.12548383
0.12412649
0.13205297
0.12620552
0.12771992
0.12530154
0.12730193
0.12153543
0.12741861
0.12353574
0.12438794
0.12485932
0.124554165
0.1291218
0.123618215
0.12656885
0.122611225
0.12690917
0.12012704
0.1298166
0.119178794
0.1222626
0.12416882
0.122368805
0.1256152
0.12575226
0.12530956
0.122128375
0.123689584
0.120444424
0.12452579
0.12230179
0.12536794
0.12624517
0.12157002
0.12458787
0.12246407
0.11964706
0.12378156
0.1237478
0.123324394
0.11902208
0.12196405
0.1243722
0.12475523
0.12489922
0.119899444
0.12422951
0.12152531
0.12016785
0.1237084
0.12382443
0.12140072
0.121301994
0.12325237
0.122688435
0.12171746
0.122323856
0.12270392
0.1208631
0.121782176
0.12209581
0.12065735
0.122269884
0.11880544
0.12105131
0.1201194
0.12257569
0.12379656
0.121261016
0.121616445
0.119441345
0.11845857
0.12149874
0.121788695
0.116154544
0.118578814
0.119013906
0.11890686
0.119751275
0.12113754
0.121707514
0.12173667
0.11908921
0.122959524
0.117641054
0.11935828
0.12439039
0.119505994
0.119424656
0.12073367
0.12046901
0.12118344
0.11826631
0.12292109
0.119688734
0.11880341
0.118160225
0.122262426
0.11556798
0.1182553
0.11910219
0.119801
0.119321905
0.11710065
0.11663539
0.11721981
0.11536303
0.117852665
0.116260596
0.115800366
0.115402274
0.11880559
0.11826438
0.11824149
0.11935818
0.11604657
0.11688049
0.11528715
0.11810868
0.11773976
0.11906335
0.114404455
0.11880381
0.112725474
0.113977246
0.11746259
0.11867427
0.11209376
0.11647534
0.11847194
0.11838209
0.118054666
0.11821813
0.115461215
0.11639728
0.116029695
0.116088346
0.114343785
0.117531694
0.11691843
0.11413247
0.118340865
0.11520162
0.11855967
0.11379616
0.117620066
0.11781016
0.11818156
0.11581174
0.11606394
0.11489541
0.120834775
0.114570975
0.11219406
0.112871304
0.115824245
0.11492214
0.11311445
0.11561657
0.1171843
0.1157893
0.117129944
0.11645016
0.11608184
0.1179481
0.11765905
0.112835586
0.11384717
0.11579941
0.11236747
0.11367952
0.113814175
0.11441003
0.1167387
0.1133007
0.11698583
0.11533118
0.11440802
0.118516065
0.11614818
0.1123046
0.11357883
0.11145506
0.11193287
0.11184596
0.11411738
0.114974745
0.11487603
0.117461696
0.113510296
0.11540591
0.11358723
0.112760805
0.116885215
0.114472136
0.11199821
0.11144338
0.11046208
0.11236549
0.11371127
0.114497885
0.11422399
0.11220244
0.11172097
0.111311555
0.11075976
0.10709931
0.11173781
0.11065928
0.11187323
0.10979506
0.11378219
0.10989992
0.10809856
0.115487896
0.11156953
0.10877429
0.10964029
0.11039133
0.106128216
0.108688265
0.11173365
0.10813023
0.108200595
0.10752121
0.11010976
0.107991345
0.109730676
0.11117188
0.10735064
0.10921977
0.10937844
0.10518902
0.108936325
0.10980674
0.11049041
0.108811334
0.110195205
0.107764415
0.106299765
0.107395254
0.10508417
0.10836618
0.10882724
0.107246876
0.10922286
0.11057157
0.10574041
0.10968413
0.10663386
0.10738469
0.10703323
0.10918282
0.10810819
0.10792803
0.1116355
0.104550146
0.10891275
0.10401428
0.10740521
0.10935043
0.106578015
0.112481914
0.10659702
0.10536096
0.106102444
0.104705825
0.10532499
0.108607315
0.1078596
0.10843264
0.106474765
0.10787214
0.106619984
0.11204917
0.107159525
0.10377907
0.10717006
0.10470173
0.10859403
0.10316833
0.10209748
0.104857266
0.10696681
0.10729342
0.107757874
0.10537951
0.103486024
0.1019987
0.10566716
0.10552227
0.10527491
0.10794732
0.111565486
0.10450647
0.10584857
0.108334206
0.10307323
0.10855493
0.10721788
0.10785262
0.1069709
0.10270464
0.104242854
0.10456417
0.10635512
0.10749027
0.107282236
0.108628035
0.109039634
0.11171083
0.10838802
0.104533054
0.10840381
0.10835263
0.10643891
0.10643484
0.10694694
0.10547573
0.108314015
0.10468587
0.102991775
0.10843272
0.107381254
0.102466226
0.10619142
0.104759134
0.1070585
0.1049007
0.10422571
0.10816468
0.10229494
0.103076786
0.10523694
0.104498416
0.10985536
0.10826857
0.1037417
0.10770409
0.10438801
0.10431199
0.102043994
0.10339119
0.10332164
0.10697934
0.09861678
0.104826614
0.102702096
0.103796914
0.10332218
0.09956875
0.09928814
0.10439345
0.099908836
0.1038161
0.102498114
0.10437557
0.10061454
0.101236455
0.102391146
0.100408666
0.10290274
0.098072395
0.09864692
0.100911856
0.100560926
0.10117816
0.102509886
0.100106716
0.098741144
0.10339622
0.101547636
0.10209391
0.10128388
0.10092998
0.10091088
0.09835472
0.10208695
0.09925838
0.10199868
0.097057514
0.10344386
0.098089546
0.09853972
0.09846049
0.09849463
0.10279922
0.1009195
0.101259165
0.10321326
0.0985767
0.096381605
0.09626353
0.09827093
0.10012343
0.09846109
0.098576784
0.097572595
0.10097534
0.09795512
0.09643347
0.09959135
0.10189666
0.09777762
0.09781405
0.10088978
0.10014237
0.09829665
0.09933174
0.09801679
0.10229996
0.09653166
0.10170739
0.10303236
0.09786748
0.0989076
0.10198964
0.09863468
0.097872615
0.0968308
0.09601243
0.10049374
0.10087756
0.09819271
0.097522825
0.09762978
0.10139576
0.09515664
0.09876229
0.09896597
0.102174
0.098333105
0.09356084
0.09552931
0.09971065
0.09428707
0.09294617
0.09753318
0.09246272
0.09678382
0.095262334
0.094980605
0.096696265
0.09798707
0.09726512
0.093599305
0.094151355
0.096470185
0.09561041
0.09636436
0.0974621
0.093015164
0.09610329
0.09429723
0.092194416
0.09391249
0.09186429
0.09781763
0.09150343
0.0893186
0.09048796
0.09595323
0.08873792
0.09523216
0.095784634
0.09667461
0.09179906
0.09077583
0.09044543
0.0938515
0.09399527
0.09418483
0.09512521
0.09188567
0.092381455
0.09111194
0.09243156
0.09335035
0.08970332
0.09215729
0.094626285
0.09636858
0.09016966
0.09594072
0.09296843
0.0933822
0.08974502
0.0913904
0.09286585
0.08920938
0.09540193
0.0931294
0.09358036
0.09809103
0.090989165
0.095448874
0.09378709
0.09240082
0.09147617
0.09367298
0.093673006
0.09425496
0.09444228
0.09411154
0.09609463
0.09486495
0.09522935
0.09429521
0.096414335
0.094464704
0.09433199
0.094807684
0.09227565
0.0920688
0.099120446
0.09086324
0.0924421
0.094222315
0.09407736
0.09245372
0.09275822
0.09324156
0.09479614
0.09086485
0.09297249
0.091342896
0.094943054
0.08802931
0.09000286
0.08836991
0.09312569
0.09086755
0.09391215
0.08567665
0.08921329
0.0953062
0.088639505
0.08874199
0.08655536
0.08613215
0.08578831
0.09467335
0.08792037
0.089063585
0.09026707
0.089054346
0.09121423
0.09163845
0.09109398
0.092184536
0.09266771
0.08671693
0.090338476
0.089816816
0.089064226
0.09437304
0.09077844
0.09336733
0.09274542
0.09258387
0.09206447
0.09038456
0.09036172
0.09289148
0.08952643
0.09424615
0.09205169
0.08990909
0.09079465
0.09148372
0.09030662
0.09035904
0.09000823
0.09475403
0.08826919
0.09172738
0.09207113
0.0908779
0.090402626
0.088989355
0.09045107
0.091256514
0.094131626
0.09103144
0.09093749
0.096057534
0.09611529
0.09389755
0.09402959
0.08791508
0.09568862
0.0908804
0.09118582
0.093799084
0.09053517
0.092682004
0.09039866
0.09675872
0.093998894
0.08924644
0.09123181
0.091756664
0.09438581
0.09287734
0.09131919
0.090051
0.09553612
0.09109326
0.0955251
0.09054621
0.09137968
0.09276877
0.08874303
0.09170281
0.09263138
0.09168388
0.09474546
0.08529076
0.089881614
0.091323026
0.08888874
0.08987382
0.088687606
0.08760465
0.08944465
0.09096521
0.08816972
0.0902346
0.089943096
0.08819204
0.09118955
0.088845424
0.09054567
0.08980537
0.089169
0.09399169
0.09259033
0.09104496
0.0882155
0.08818016
0.08457656
0.08755404
0.095711954
0.0942459
0.09047353
0.09454745
0.090445355
0.08879776
0.08924685
0.0862227
0.08908672
0.08929868
0.08706949
0.084600165
0.08841362
0.08619883
0.08731932
0.089955196
0.08725759
0.08642306
0.08827029
0.08988546
0.091001205
0.08740053
0.08714694
0.090855844
0.09009308
0.08494768
0.088549756
0.087552965
0.090694584
0.088437766
0.0886891
0.08829597
0.088158466
0.08653503
0.09114395
0.08756685
0.0890178
0.09171073
0.08829314
0.084993154
0.08723157
0.08953576
0.08278779
0.08773246
0.093682796
0.08589723
0.08636402
0.0917782
0.08872683
0.08770218
0.08801532
0.08920226
0.08938985
0.08355574
0.08529439
0.08975883
0.08683268
0.089381345
0.087495655
0.0855272
0.08427231
0.08931362
0.08704779
0.085704386
0.08598752
0.08519969
0.08513318
0.0879485
0.08533974
0.084707305
0.086156406
0.08452169
0.08825763
0.08342471
0.09126643
0.09040086
0.08873139
0.08931037
0.08889321
0.0851338
0.08539353
0.08682268
0.088986225
0.08643953
0.08251736
0.08817912
0.08526831
0.086776316
0.08649562
0.08807074
0.08166003
0.08672487
0.087581776
0.085340776
0.085668415
0.087299295
0.08716413
0.08985236
0.08657533
0.08643551
0.08298666
0.08478664
0.087675154
0.08612772
0.08669122
0.08680424
0.086076066
0.09142286
0.08892912
0.083699964
0.086709425
0.08636491
0.08175333
0.08281149
0.08348423
0.08556954
0.08682742
0.08558089
0.08519359
0.08860809
0.086434975
0.08404551
0.084755294
0.083278894
0.08700068
0.088140026
0.0839781
0.08866218
0.088644415
0.08759505
0.08598077
0.08455447
0.08735218
0.086956464
0.08433058
0.08950144
0.08632734
0.09045814
0.08728194
0.0898429
0.08729751
0.08578727
0.08518808
0.08703166
0.08129945
0.08094922
0.085696325
0.08161541
0.08380366
0.08248255
0.08762651
0.08428273
0.08696461
0.08425173
0.080542386
0.08773757
0.08821362
0.08313397
0.087882094
0.08668146
0.079018936
0.08657562
0.08860673
0.08404788
0.08196675
0.08564753
0.085154355
0.082091555
0.07808825
0.08326704
0.07995032
0.08105198
0.08146628
0.08329305
0.081184015
0.084940776
0.08296816
0.080838054
0.08333404
0.08195973
0.080205984
0.08337427
0.08175701
0.08547517
0.081295736
0.08299569
0.084014796
0.08499066
0.08124589
0.08427149
0.08131852
0.0861331
0.08670859
0.0794104
0.08114694
0.078182876
0.07984989
0.079200834
0.07687595
0.08165509
0.07849199
0.08115143
0.07931332
0.07898849
0.07515774
0.07893247
0.078756556
0.07573181
0.08026841
0.076177016
0.076952875
0.07647659
0.07469887
0.07901851
0.07252944
0.07206472
0.07392835
0.08054286
0.07664855
0.07737515
0.076257214
0.07331381
0.07704276
0.0763835
0.07639822
0.07590985
0.0719436
0.07312195
0.07172666
0.077255994
0.074993946
0.075865984
0.07560083
0.07733862
0.07038511
0.071742885
0.07189118
0.07297496
0.07405464
0.07681873
0.0753373
0.07145374
0.073729664
0.07658887
0.071894005
0.07237542
0.07313243
0.07321352
0.073171064
0.073685035
0.07639373
0.07672612
0.07218381
0.07927818
0.07428697
0.07566093
0.072363324
0.07244088
0.07369042
0.07659575
0.073291205
0.07764388
0.07546432
0.078491196
0.07368552
0.07056289
0.07414261
0.07395717
0.07578291
0.07292918
0.0722224
0.07552104
0.07399457
0.074262105
0.07391747
0.07300262
0.07492192
0.07541325
0.0733697
0.07176072
0.07600163
0.06957908
0.07578227
0.06847393
0.0736588
0.07395085
0.06912978
0.07437139
0.07187228
0.07238385
0.07527361
0.07263291
0.06988638
0.0738868
0.07441299
0.074621975
0.07150213
0.076290004
0.07211898
0.07635849
0.07030803
0.070763834
0.07343522
0.07113898
0.07129829
0.072284676
0.073681705
0.07446594
0.07242595
0.07500216
0.06795969
0.07322372
0.07394505
0.073769435
0.07171522
0.07073076
0.07265286
0.07201685
0.07504578
0.07003776
0.074619815
0.0721046
0.074993245
0.0718896
0.074197225
0.06956912
0.07526288
0.070998885
0.07332358
0.07067303
0.074334756
0.07758117
0.07204051
0.07314273
0.071050055
0.074614674
0.07285814
0.07891923
0.07257257
0.073495865
0.07778489
0.07295957
0.07332662
0.079420276
0.07770997
0.080884434
0.07627398
0.07364231
0.07592575
0.076343454
0.08127114
0.07774199
0.07490289
0.07500816
0.07473725
0.07510624
0.07682298
0.08067203
0.076832555
0.07396531
0.074982874
0.07564932
0.07257658
0.07787812
0.07910482
0.074968405
0.07651354
0.07738302
0.074989036
0.07800194
0.08093633
0.07376635
0.07547667
0.07249409
0.07092416
0.07982959
0.07555835
0.0752123
0.07789063
0.078162946
0.07516232
0.07208562
0.07561565
0.07835971
0.073742606
0.0776254
0.07706687
0.07133724
0.07696354
0.07265145
0.07670828
0.075783856
0.074400365
0.07481953
0.073157124
0.076240875
0.07240131
0.077551946
0.081466824
0.08241027
0.07811909
0.07733658
0.07323695
0.077482544
0.075135864
0.07520308
0.07334421
0.07735477
0.080092244
0.074747205
0.072930604
0.07260899
0.07377548
0.075765565
0.07678527
0.0778639
0.073710024
0.074214235
0.07122984
0.077801146
0.07667971
0.07017604
0.07591796
0.078247115
0.07365799
0.075543
0.075348265
0.07410031
0.07422183
0.071298644
0.07702122
0.07267271
0.07185764
0.074316345
0.07164621
0.07069501
0.069228
0.068227276
0.073167294
0.07723611
0.07126125
0.06987307
0.069395855
0.070132494
0.070575595
0.06961665
0.06666173
0.072744474
0.07090333
0.071661115
0.066550255
0.07045543
0.06915252
0.06826887
0.07086293
0.066218585
0.06717605
0.07017067
0.06850632
0.06833805
0.07042109
0.07052566
0.07082921
0.06397439
0.063051336
0.06703147
0.0697636
0.06887818
0.06773804
0.06501174
0.066730745
0.06521458
0.06923051
0.07009385
0.0680569
0.066628076
0.07027329
0.07168574
0.06959133
0.07111642
0.066850685
0.06839242
0.06765466
0.071208924
0.07081097
0.06783822
0.0708282
0.071137674
0.07428699
0.06953914
0.07103057
0.06962656
0.07086022
0.06880669
0.06721722
0.07117853
0.07075055
0.071843065
0.06811991
0.07459237
0.069503196
0.070848495
0.07564527
0.06883912
0.072515644
0.07078426
0.06924486
0.06955272
0.06993451
0.070969924
0.07341285
0.07131573
0.07096452
0.07193152
0.07419062
0.06958635
0.07458545
0.069612846
0.06881811
0.06795353
0.069911085
0.07021955
0.069481574
0.067328505
0.070790276
0.07229132
0.06753677
0.072802216
0.06824056
0.072429165
0.069970556
0.068710305
0.070526384
0.07476101
0.0700227
0.07180553
0.07391613
0.07068478
0.06768967
0.07076391
0.07274322
0.073064856
0.06645061
0.06888952
0.06947556
0.06389674
0.06526913
0.06905468
0.07023734
0.066705346
0.06802096
0.06621997
0.06765622
0.069417305
0.06469281
0.06285896
0.06790413
0.062140446
0.06448844
0.06597154
0.06870429
0.06770195
0.06428893
0.065985575
0.06783661
0.06893478
0.06823388
0.067083895
0.06721325
0.064886354
0.06596919
0.062771805
0.06531847
0.06294532
0.06811007
0.065995365
0.06448541
0.06812701
0.0700971
0.06330112
0.061442085
0.067000635
0.06394391
0.067214124
0.068461634
0.062159874
0.06606641
0.06573675
0.06653174
0.0651847
0.06347257
0.06302068
0.06640366
0.068337284
0.07170961
0.06616596
0.066702664
0.064437635
0.06564187
0.06601262
0.06519835
0.06270753
0.064444266
0.06304881
0.06883224
0.066687316
0.060197033
0.0667623
0.06505186
0.0653498
0.06861328
0.069613695
0.07062516
0.06505299
0.06355199
0.06870119
0.066887796
0.06849395
0.064771004
0.06623464
0.0655326
0.06695642
0.067083076
0.06433476
0.067840606
0.06848802
0.069097474
0.06425698
0.06927795
0.06134484
0.06377292
0.06505428
0.06976121
0.069448344
0.06817701
0.072241485
0.06340318
0.066081986
0.06396126
0.065547004
0.06244021
0.0635831
0.06834861
0.066489436
0.06381593
0.06357256
0.06361151
0.06286746
0.061287757
0.06768065
0.061981425
0.06676382
0.07006479
0.063178375
0.064689346
0.06641444
0.06351547
0.06311856
0.064137965
0.06801926
0.060080387
0.064870015
0.066702746
0.06662756
0.062965184
0.06273201
0.06661908
0.069708824
0.06360641
0.06372063
0.065385394
0.06633731
0.06959207
0.0640864
0.0642198
0.06376959
0.068785444
0.06639838
0.06965097
0.063578434
0.06328363
0.06481248
0.06528324
0.06548474
0.063451
0.06494367
0.06499531
0.06487104
0.062017266
0.06495681
0.06543446
0.061969686
0.067375205
0.0663598
0.062350024
0.06608364
0.06341053
0.065553844
0.060831133
0.06743534
0.06561864
0.05909961
0.061961997
0.06486006
0.06579799
0.06367477
0.06213766
0.0638719
0.060676135
0.06359344
0.063842855
0.065287165
0.06323751
0.0622287
0.06385362
0.06496917
0.06290011
0.06372948
0.06187362
0.06484058
0.06355334
0.06066405
0.06260004
0.061698984
0.064617135
0.0663953
0.062551476
0.06901678
0.06767265
0.06313399
0.06694885
0.06341905
0.06800126
0.06963626
0.06816481
0.06319447
0.06455492
0.060800955
0.06173894
0.06787188
0.0640807
0.06100996
0.068742275
0.060784776
0.06783222
0.06733962
0.069013275
0.0642209
0.060344517
0.06382325
0.061008874
0.065969
0.067334354
0.06533003
0.065579854
0.064732134
0.063809015
0.06337796
0.063615516
0.0686587
0.06119139
0.065303326
0.06416811
0.064417414
0.06671112
0.064587735
0.061799753
0.063609324
0.06099681
0.06083537
0.063676454
0.06649759
0.06662659
0.064169295
0.06576977
0.06370503
0.067084916
0.06930614
0.061146263
0.06212088
0.06488235
0.061634704
0.06389472
0.062377572
0.06747674
0.06174045
0.058839813
0.06273498
0.05998195
0.05970126
0.06597523
0.064272866
0.06466899
0.06206255
0.064865746
0.06515373
0.06206715
0.060042128
0.064865254
0.06191127
0.066639744
0.063169226
0.069598846
0.056918837
0.063600294
0.06662017
0.06212606
0.062258374
0.059346996
0.059274685
0.06548019
0.06422668
0.0657332
0.061020494
0.062091343
0.058948692
0.06637596
0.058888894
0.06071733
0.06076684
0.061963227
0.06309054
0.060593206
0.05983431
0.059640124
0.061573192
0.060181312
0.056356948
0.05862984
0.061080974
0.06847684
0.059120223
0.061104134
0.060652938
0.05884696
0.060452487
0.05921964
0.059036557
0.060280245
0.05583761
0.057331696
0.05894154
0.056597658
0.060205724
0.05968541
0.06135719
0.05850159
0.056656737
0.055367205
0.0561282
0.060002863
0.061665293
0.05526869
0.058152832
0.060487684
0.056745462
0.05831081
0.059397537
0.053124245
0.05922737
0.057824027
0.06177837
0.05507683
0.060826793
0.05329102
0.061300073
0.05705358
0.05730749
0.05736799
0.063445374
0.0651569
0.05353527
0.058263205
0.060252137
0.053268485
0.05763873
0.05190404
0.054604206
0.05445405
0.054463174
0.060243614
0.05557555
0.05642212
0.054183282
0.056287974
0.057466455
0.054031063
0.053333707
0.05370295
0.056934938
0.056331966
0.053784788
0.054803424
0.053811263
0.054413375
0.055350367
0.053106546
0.057121456
0.055857457
0.051422626
0.057756394
0.056629103
0.054872043
0.057269905
0.055372108
0.054132108
0.057490893
0.05499722
0.054811887
0.057444032
0.055682614
0.05116656
0.053503264
0.056729354
0.060807753
0.05504375
0.049825154
0.053525977
0.052368976
0.05173415
0.059312727
0.052177947
0.053501066
0.049566686
0.055159673
0.05520077
0.05183464
0.052342873
0.053408183
0.050057657
0.049950477
0.056131616
0.056955233
0.05122688
0.051677477
0.058266994
0.05434763
0.052914765
0.0508623
0.05527214
0.05174165
0.05470449
0.05063646
0.054628905
0.054594435
0.04991236
0.052254274
0.05738647
0.060251445
0.054847818
0.051334206
0.054990992
0.057250354
0.0558819
0.058503073
0.053322397
0.0547683
0.052204303
0.054409735
0.056262083
0.056110017
0.05575491
0.05565938
0.05407994
0.055163234
0.0537677
0.05612866
0.05624325
0.05576661
0.054302424
0.05281806
0.05206809
0.059795953
0.054560184
0.051736187
0.056541666
0.053605936
0.057587974
0.056536287
0.05332554
0.049318805
0.05113874
0.051998142
0.054427672
0.052419417
0.053118296
0.057698894
0.0563165
0.055619404
0.050634775
0.054151684
0.050456423
0.051895842
0.05006688
0.052278474
0.05142201
0.054058474
0.049884215
0.0503165
0.049746614
0.052014183
0.04810556
0.05777583
0.057850633
0.04960052
0.05188072
0.048731472
0.049868178
0.05453123
0.047064338
0.054500137
0.05081149
0.05128518
0.051767185
0.051234398
0.05353853
0.05602244
0.052753206
0.055236056
0.054196537
0.05422671
0.055008948
0.050472796
0.053204786
0.057382457
0.0559865
0.056757458
0.05441597
0.05235461
0.054962184
0.05340939
0.051412147
0.05266548
0.054315884
0.053278774
0.05134913
0.05479486
0.05139961
0.0519921
0.05178115
0.052312817
0.051501475
0.054439776
0.058370028
0.053775974
0.05371151
0.053804073
0.057922456
0.052448526
0.054217245
0.04952431
0.05509354
0.05804927
0.051025923
0.0540203
0.0508459
0.051730946
0.05576663
0.05381947
0.052506655
0.05295256
0.04953139
0.04535186
0.053397503
0.051499616
0.04976845
0.050730895
0.05014113
0.04930184
0.051281374
0.04974601
0.05177954
0.052479908
0.054552026
0.050452482
0.05234495
0.054335456
0.049809437
0.04949213
0.053389613
0.055214383
0.051334716
0.053248513
0.05069993
0.05040142
0.05565672
0.057542965
0.053277653
0.04906581
0.05224701
0.05425719
0.04938127
0.053659756
0.054387137
0.055893645
0.04894891
0.056815587
0.052110717
0.053900268
0.051682815
0.056068573
0.052829534
0.054144718
0.054462135
0.052672382
0.055064652
0.05355807
0.053238053
0.05670807
0.052229688
0.056879465
0.052961566
0.053222135
0.053929035
0.05092608
0.059280004
0.055009797
0.05750087
0.056136936
0.053818427
0.053638574
0.05746408
0.052255176
0.052835353
0.053713944
0.050963905
0.05627722
0.0535839
0.04934717
0.050677244
0.053435333
0.052617077
0.05322018
0.05311416
0.050873555
0.052679896
0.050110742
0.061894696
0.056193482
0.050323885
0.052369375
0.05867492
0.052138824
0.05061632
0.051820185
0.05182772
0.053741135
0.061383814
0.045590464
0.049811542
0.06355995
0.054420207
0.05741124
0.048579257
0.053592276
0.05488551
0.052065358
0.054031473
0.050997283
0.05673503
0.053324487
0.051624004
0.054077152
0.051760677
0.05065376
0.052499946
0.051919032
0.046279695
0.046927303
0.0547291
0.04704491
0.05155886
0.050640013
0.053288233
0.050470736
0.047968037
0.046714373
0.044827923
0.052593492
0.048108056
0.04729635
0.05432281
0.050730854
0.0483371
0.0535743
0.053771257
0.05300352
0.052923325
0.0492243
0.046133213
0.05310373
0.051749364
0.04989882
0.05100277
0.052566245
0.048325654
0.052136146
0.053538598
0.0511672
0.04564294
0.053811885
0.0493202
0.052841775
0.04953102
0.045445286
0.046555053
0.04712475
0.049567062
0.04814724
0.051906623
0.05332683
0.051922563
0.047103725
0.05634216
0.050268628
0.04818045
0.04668818
0.05535818
0.050613005
0.049646214
0.04805672
0.04935869
0.051208932
0.04817311
0.048798434
0.047163688
0.05156211
0.045257196
0.04810088
0.053643554
0.048147954
0.047145292
0.049087223
0.051966622
0.048574306
0.06120957
0.044913143
0.04948229
0.04818593
0.050274465
0.046965417
0.045575
0.052218925
0.046451118
0.045729175
0.04868752
0.045674097
0.052846324
0.04569842
0.047475014
0.047136366
0.05269352
0.045035824
0.050272238
0.05155237
0.046417262
0.049252175
0.050760794
0.047632117
0.047887944
0.04577669
0.045465603
0.05090408
0.05050669
0.0479041
0.049553975
0.047205154
0.04973544
0.044696543
0.044087425
0.045376863
0.048269592
0.044192262
0.042564638
0.043727655
0.046045214
0.04451762
0.044933684
0.047300857
0.045647603
0.04887744
0.04606741
0.046451543
0.046188544
0.044614326
0.043846022
0.04317749
0.04244618
0.04372916
0.047746263
0.04322706
0.04220776
0.04285236
0.04364345
0.044308208
0.04670302
0.04458184
0.04331512
0.042587757
0.04204397
0.041669678
0.041796844
0.04290742
0.04411501
0.04442153
0.043790143
0.04336139
0.041939717
0.041599542
0.040061142
0.04132289
0.041289475
0.04222329
0.043090876
0.04417129
0.043056365
0.042067997
0.041286226
0.042582233
0.042595647
0.04307084
0.0427684
0.042197235
0.04075643
0.041959416
0.042494956
0.045178216
0.044435915
0.044711564
0.041464027
0.041675255
0.041763537
0.044083346
0.04436169
0.044249933
0.043875277
0.044713505
0.04392751
0.045470353
0.045985654
0.048872877
0.046517443
0.046064507
0.045200996
0.04555976
0.04372169
0.04372218
0.04402966
0.045181226
0.04567582
0.04607552
0.04614566
0.044900123
0.043601334
0.042466223
0.04431252
0.04373216
0.04467092
0.043518964
0.04474392
0.044074602
0.045257397
0.045857612
0.046577323
0.04686868
0.04495462
0.044646133
0.042789586
0.043603543
0.042655397
0.043275457
0.042893913
0.04429289
0.045272335
0.046078917
0.04657268
0.04696518
0.046457805
0.04567731
0.04645479
0.048730187
0.049062684
0.04658208
0.045053523
0.04537584
0.046145797
0.046006426
0.045767166
0.045611586
0.04859516
0.054770675
0.04799309
0.045541763
0.04868245
0.04763599
0.047297
0.044127595
0.044415463
0.044332948
0.046053357
0.045054715
0.043668
0.04300553
0.044012487
0.044586014
0.044925388
0.044738166
0.04379508
0.04235605
0.041370206
0.043115705
0.045285877
0.046758793
0.04801404
0.047432918
0.047621146
0.04542009
0.044556476
0.042156793
0.043830477
0.043799512
0.04502248
0.045178216
0.046296008
0.04664714
0.04535021
0.04532543
0.04669054
0.047509708
0.04720675
0.047767848
0.047352284
0.04750197
0.047575094
0.048149657
0.04843977
0.046829972
0.047940418
0.04826201
0.049286976
0.04873719
0.0497058
0.048040345
0.04681044
0.044983786
0.04845134
0.049593877
0.05117638
0.049439915
0.05283989
0.059490785
0.052684866
0.048822347
0.048114322
0.04931347
0.049686488
0.048760157
0.049590643
0.05089047
0.052635662
0.052010126
0.0531533
0.05188077
0.051454484
0.049513362
0.048893243
0.051971305
0.057223253
0.053350084
0.053017337
0.05556507
0.0567133
0.05529511
0.053632613
0.050077092
0.051780287
0.05152394
0.057447713
0.06434764
0.054293703
0.048934933
0.04921375
0.04959523
0.049743187
0.050535474
0.05097883
0.051295694
0.050677475
0.049694475
0.049576428
0.048945945
0.04860749
0.051073436
0.051226716
0.050940663
0.049924664
0.052440375
0.052817326
0.051756132
0.050028544
0.05282914
0.053643964
0.052241392
0.051955864
0.05119047
0.05285513
0.051606044
0.05204704
0.05142423
0.05026332
0.0497213
0.04955809
0.051192902
0.049666192
0.04895473
0.04698344
0.047895752
0.048436843
0.04838983
0.048885245
0.049505092
0.050351176
0.04988662
0.049803752
0.049098533
0.04825693
0.047375824
0.046425495
0.047236357
0.046691295
0.04951636
0.046504773
0.04758752
0.045954634
0.04806048
0.046870697
0.044422444
0.046619948
0.048512544
0.052764848
0.04939814
0.048030864
0.04468902
0.046443775
0.046083193
0.047412805
0.04845607
0.0509023
0.051893756
0.051723186
0.049777467
0.050283358
0.049664985
0.052210048
0.051718038
0.052047215
0.050539963
0.04982641
0.050552893
0.04870383
0.046838555
0.04559374
0.04685887
0.047686897
0.04937657
0.049430367
0.049809687
0.047181673
0.04613454
0.045760468
0.04830164
0.048668798
0.049893703
0.047227513
0.04951947
0.04861471
0.05046312
0.048934545
0.04891585
0.04689395
0.04583984
0.044026684
0.04809998
0.049235016
0.051244136
0.047617108
0.047819506
0.04875903
0.04761148
0.047730975
0.045594223
0.045336463
0.04460415
0.0441648
0.044103555
0.042224046
0.043039035
0.047051013
0.04902694
0.051028762
0.048462525
0.047617063
0.04577714
0.045945827
0.045196176
0.04362272
0.042315725
0.040939745
0.042862866
0.043813627
0.04734011
0.047706995
0.0475521
0.047116514
0.043694016
0.044696
0.044005934
0.045036364
0.04548217
0.045565408
0.0468127
0.05253347
0.05137636
0.052804228
0.046714358
0.04705359
0.04648611
0.046297427
0.046121262
0.045666255
0.0441248
0.044974953
0.04534488
0.045971967
0.043699972
0.045000028
0.04643039
0.04961291
0.04776202
0.044865176
0.044825528
0.04498683
0.04726593
0.045817982
0.044878423
0.0453916
0.046189696
0.048238054
0.04681927
0.045443524
0.043118495
0.044236965
0.046085164
0.047426198
0.04574734
0.04535801
0.044382676
0.04567369
0.0467409
0.047224775
0.04581036
0.04377654
0.045472983
0.04599771
0.045469277
0.042575132
0.044982243
0.04552353
0.04460171
0.042664792
0.04532218
0.047038022
0.049179483
0.04706111
0.046110224
0.042819172
0.043149672
0.044270672
0.045677032
0.042795155
0.044453725
0.043581527
0.04562569
0.044030435
0.045411337
0.045508634
0.04773607
0.048053123
0.048194665
0.04643774
0.04746772
0.04780288
0.05039871
0.04931915
0.048753653
0.04861329
0.05100744
0.054613438
0.052124765
0.049636368
0.045949977
0.04614353
0.04751196
0.05042036
0.049714647
0.05009346
0.048240982
0.04752946
0.045124322
0.04437738
0.04648136
0.048651952
0.049833763
0.050178085
0.049523134
0.049366318
0.04995748
0.04944468
0.05000844
0.04786709
0.045515824
0.044787433
0.04598537
0.04842448
0.047977146
0.049058013
0.048584294
0.048619032
0.04692276
0.045733646
0.045197412
0.047819186
0.04799945
0.04912596
0.044742633
0.04599166
0.04402712
0.047445625
0.046402168
0.04650775
0.04355407
0.044420324
0.045391176
0.046436332
0.047195625
0.04694968
0.048601516
0.049219046
0.05229264
0.05275126
0.051174056
0.050703593
0.04823156
0.048745204
0.047091294
0.046302266
0.04609872
0.047871824
0.050479896
0.04948994
0.047190025
0.046633266
0.044439312
0.04600564
0.044240754
0.04663954
0.04498409
0.04624468
0.04605473
0.045629326
0.0446925
0.04400649
0.043201797
0.041522607
0.04433067
0.04494423
0.047146384
0.046783723
0.046716355
0.047250047
0.04612709
0.044569142
0.04430731
0.04450522
0.04567303
0.043569896
0.04210621
0.043183047
0.0464908
0.046435177
0.04852031
0.04548804
0.044697165
0.04223169
0.041721903
0.04393308
0.043985598
0.044606235
0.043057416
0.04284906
0.04145384
0.042734966
0.04304537
0.044945046
0.04416041
0.044060454
0.04475294
0.044126704
0.04351622
0.042047545
0.040795952
0.03889646
0.03967776
0.040671673
0.04222937
0.040120512
0.038413655
0.037328213
0.038827565
0.041392423
0.045112945
0.046388067
0.045562677
0.042502686
0.042041216
0.044363283
0.044993635
0.044972446
0.040017016
0.038318757
0.036489513
0.037460007
0.040575758
0.044736564
0.04527811
0.043550204
0.04086012
0.043098006
0.04327826
0.0452561
0.04625291
0.044143237
0.041894864
0.043250427
0.0458959
0.04871128
0.045956146
0.047441203
0.046609912
0.046234444
0.043380346
0.042572953
0.043257143
0.044054545
0.044075232
0.04507578
0.04830775
0.050239746
0.05116772
0.049034927
0.04763367
0.045573503
0.043657754
0.041407175
0.041548837
0.045522425
0.048277475
0.07806137
0.13424505
0.08743962
0.05794424
0.044451687
0.042535033
0.0448855
0.048598655
0.05176694
0.048128888
0.04517084
0.045831967
0.046179965
0.045615274
0.0426445
0.04461105
0.045859803
0.045547828
0.043127988
0.045277566
0.048053008
0.048285127
0.045699887
0.044646505
0.04361992
0.042693693
0.04227031
0.042406254
0.04481546
0.04387339
0.043865692
0.04237729
0.03959691
0.042200506
0.043357126
0.047586475
0.045786895
0.045277853
0.043198787
0.043346424
0.04116821
0.04343672
0.04196058
0.04376272
0.0391199
0.04105571
0.0405948
0.04388789
0.04095222
0.03965182
0.038424607
0.041419495
0.042476002
0.042323936
0.041761156
0.04115992
0.041670725
0.040586315
0.041608423
0.043679494
0.04653134
0.046235885
0.044616885
0.04340985
0.04203731
0.04069515
0.039815467
0.03982189
0.038721386
0.04118
0.041927796
0.04355848
0.0418795
0.045899257
0.044114146
0.043680515
0.04072241
0.042322844
0.043601856
0.0417924
0.044732694
0.043241438
0.046745062
0.044778034
0.043808803
0.04282292
0.042039994
0.044603046
0.045118365
0.043800265
0.041984838
0.039979976
0.042114273
0.040644526
0.03892707
0.039127216
0.041806333
0.044096585
0.043204926
0.0429113
0.0424519
0.041917246
0.041157875
0.041536763
0.040366832
0.0382767
0.037999
0.040153172
0.042685375
0.042323332
0.041707676
0.04061019
0.040026978
0.039244182
0.039582323
0.041422177
0.042134847
0.041426823
0.04153151
0.042410586
0.0414282
0.04044023
0.040352944
0.04200718
0.04449554
0.043766238
0.048901755
0.046098053
0.04451059
0.039269306
0.039140485
0.039360255
0.03992763
0.040314388
0.038905904
0.0390932
0.038805645
0.040596608
0.042221036
0.04359328
0.043654885
0.04211928
0.039564904
0.036635116
0.035255898
0.035343535
0.035314612
0.03555642
0.036776192
0.037410278
0.036334883
0.035941076
0.034212846
0.034973487
0.03589361
0.037129346
0.040442795
0.041519232
0.042245843
0.042365953
0.040854357
0.03941344
0.03681267
0.03723169
0.03707661
0.038059793
0.0373842
0.038075566
0.036505092
0.036105428
0.03609524
0.03560524
0.03642035
0.03605245
0.03806032
0.037911158
0.03804351
0.037172202
0.039064404
0.03759887
0.03721267
0.035999537
0.035252094
0.034427624
0.033959825
0.034791276
0.038008545
0.038063746
0.038555507
0.038463693
0.03919247
0.03643198
0.037113156
0.035352115
0.034766767
0.034082655
0.034210365
0.034036182
0.035452418
0.037916638
0.036960576
0.037389994
0.03776775
0.03698742
0.035530843
0.03515847
0.03482088
0.03455275
0.034716904
0.035114005
0.034675233
0.03530162
0.034588605
0.03492056
0.033184312
0.032724295
0.031641297
0.031342838
0.030416336
0.030753046
0.031195736
0.030540805
0.030925084
0.03257987
0.032332618
0.034209568
0.03366168
0.03358264
0.034732364
0.033613283
0.0316569
0.032367162
0.032321323
0.028395597
0.029823234
0.029888136
0.030415308
0.031167015
0.031540465
0.030264474
0.030527657
0.030888023
0.02931778
0.029897494
0.030772403
0.030643888
0.030841853
0.031449713
0.0308579
0.030624388
0.030952664
0.02972313
0.030012717
0.029541453
0.030521277
0.0294151
0.02941777
0.029351473
0.030052453
0.029719936
0.03070258
0.03084311
0.030260727
0.03126649
0.033095915
0.03315514
0.032940388
0.033085596
0.034370862
0.032215327
0.032622103
0.034199815
0.034813963
0.034998503
0.03732258
0.03626576
0.036851
0.037707094
0.0353966
0.033487447
0.03459402
0.032611866
0.03228844
0.03128341
0.03150788
0.031323034
0.03222821
0.030413128
0.030976428
0.03036282
0.030619392
0.031119015
0.033630457
0.035238862
0.037086736
0.036538694
0.035353668
0.034221247
0.033738155
0.031899005
0.03318326
0.03316878
0.033051416
0.03434108
0.036213156
0.036640212
0.03862754
0.038910534
0.039509114
0.03972116
0.038753454
0.038525384
0.0391107
0.03663414
0.037313186
0.03799167
0.03706113
0.036316175
0.038985804
0.035948183
0.034639943
0.034685846
0.034831814
0.03406012
0.035791375
0.03728746
0.03812164
0.03817208
0.037574884
0.037633788
0.036850024
0.036675986
0.035525396
0.037689637
0.038012892
0.037664846
0.03778124
0.038238935
0.03598897
0.035210907
0.034836054
0.035378315
0.03646398
0.035869207
0.03517946
0.034116924
0.032571785
0.03323819
0.03198726
0.03154545
0.032649934
0.032156464
0.03197106
0.03068385
0.03153977
0.03273738
0.034721937
0.03681894
0.037343696
0.037303038
0.035825945
0.033120666
0.032147873
0.032840073
0.03215334
0.033853922
0.034811445
0.036283705
0.035993468
0.033499062
0.033596724
0.032646153
0.03258357
0.034021273
0.034550145
0.035797976
0.0357193
0.035280466
0.035604082
0.037437394
0.037259646
0.036700334
0.038363095
0.03959265
0.039049953
0.038559757
0.037738048
0.03974301
0.0370641
0.038222075
0.038817927
0.04087548
0.03912048
0.039546087
0.03793602
0.03730055
0.035226982
0.03602873
0.03738164
0.036170818
0.036892034
0.038866576
0.03991363
0.038163878
0.042056616
0.04169753
0.041962832
0.039535064
0.040869977
0.038971853
0.040628824
0.03909302
0.03945209
0.040447712
0.04193862
0.04106651
0.04227742
0.042359475
0.04132314
0.039084326
0.038516104
0.03844637
0.039870042
0.041108977
0.04063586
0.04125728
0.039914478
0.03783154
0.037254844
0.03526593
0.03648557
0.03688295
0.038915504
0.041870207
0.042599235
0.044429827
0.044356953
0.0442645
0.04378128
0.044555135
0.045447573
0.04550982
0.047064487
0.04653302
0.045005184
0.04487069
0.043958638
0.04284255
0.04378648
0.04410243
0.04256184
0.043228917
0.042581894
0.040615525
0.040869255
0.04141226
0.04112138
0.04087602
0.043345194
0.04377058
0.044350177
0.045172524
0.04381282
0.042124726
0.043423936
0.044414844
0.0432399
0.044733834
0.044710327
0.042854946
0.042945452
0.044862736
0.045173213
0.04593244
0.046368625
0.045428265
0.04483315
0.043486115
0.04302721
0.04332003
0.043072503
0.04317684
0.043905545
0.043158602
0.043695122
0.04325614
0.042135738
0.041393958
0.04285099
0.041890625
0.04203763
0.03968882
0.039047174
0.038234904
0.036541242
0.035542324
0.035323747
0.037451014
0.037392754
0.03685959
0.037413724
0.037566032
0.03841545
0.038117513
0.04089202
0.04307814
0.042206466
0.04263215
0.041619156
0.038636394
0.03823168
0.034343593
0.035066675
0.034366403
0.033650685
0.0338172
0.034191594
0.035971977
0.036573734
0.03657057
0.035973065
0.037022326
0.037959076
0.03810678
0.036231164
0.034200218
0.033149157
0.033410814
0.033515807
0.032694817
0.032835357
0.033890523
0.03505864
0.03612299
0.035579313
0.034550615
0.036007453
0.035033956
0.034360383
0.03477864
0.03430311
0.034753043
0.035081938
0.03626722
0.03715875
0.036889113
0.037831
0.037145175
0.03725958
0.039745927
0.037735827
0.037725933
0.037961297
0.03602589
0.03644622
0.0356357
0.031898566
0.032608632
0.032945402
0.03200858
0.031216474
0.032676283
0.03360529
0.034088314
0.033180118
0.03295756
0.032335598
0.033942733
0.034842353
0.032671556
0.034711458
0.03464037
0.034509026
0.033789843
0.033215735
0.034675
0.03542034
0.035421778
0.03742826
0.037126664
0.03799321
0.03799426
0.03755166
0.03773702
0.036243204
0.0343201
0.035318553
0.03446297
0.033582844
0.033078875
0.032810155
0.033095084
0.03418392
0.033815462
0.03438551
0.03541416
0.038396552
0.037996985
0.038143013
0.03717126
0.039406285
0.03919699
0.03801445
0.03767072
0.0371431
0.03663596
0.038374964
0.036951594
0.03674497
0.03630092
0.035448242
0.035657346
0.036043778
0.034877423
0.034040704
0.032868236
0.03282435
0.032974035
0.03424895
0.034451853
0.035681896
0.035497483
0.03473413
0.036715608
0.03669044
0.036362853
0.035194192
0.033652447
0.033511948
0.034509588
0.034772098
0.03402577
0.035397682
0.037301205
0.03815653
0.03752203
0.038406476
0.036926392
0.03700049
0.03859718
0.036846794
0.037130613
0.03760869
0.036528833
0.036610857
0.037712548
0.037153903
0.03765808
0.038000215
0.038510114
0.040328354
0.039473798
0.039626226
0.03897966
0.03790829
0.03783721
0.03849373
0.038043335
0.039068766
0.03809489
0.038880635
0.039092
0.039453413
0.04046354
0.038965374
0.037796136
0.035945714
0.036553677
0.03602036
0.035899896
0.036433645
0.035105024
0.03524251
0.03577719
0.03573339
0.038036752
0.03792324
0.039664943
0.038359087
0.038136777
0.039246704
0.03998185
0.038546316
0.037655022
0.03720778
0.037056904
0.03862805
0.038536914
0.038873676
0.03793943
0.038602166
0.039512023
0.040704776
0.0407643
0.041377034
0.041660286
0.0419556
0.04184256
0.04281703
0.042553928
0.04237581
0.0414479
0.040743887
0.03954763
0.03969526
0.039665952
0.038761955
0.037297063
0.03624581
0.036534097
0.036793977
0.036195688
0.0364632
0.03397579
0.034514997
0.034222905
0.035800833
0.03607531
0.03586303
0.0356244
0.034154445
0.032042615
0.03208979
0.032132495
0.03130028
0.030383265
0.029184654
0.028673736
0.027931213
0.028849436
0.02950843
0.029961834
0.031099118
0.030117907
0.030913409
0.031270817
0.032117184
0.032143865
0.032506462
0.033083078
0.031481124
0.03225667
0.031456023
0.032674413
0.0333994
0.032812882
0.032968223
0.0333152
0.03370066
0.03353224
0.032941867
0.032538086
0.03126148
0.032264203
0.031246042
0.031246567
0.0313418
0.030671686
0.029898295
0.02896225
0.028739017
0.02878821
0.028666222
0.028818024
0.029009067
0.02852084
0.027605407
0.027195469
0.026726231
0.026947852
0.027697336
0.027875332
0.028100632
0.02780694
0.027409008
0.027902806
0.02771996
0.028144704
0.028676778
0.029180422
0.028981825
0.03019276
0.030696012
0.030388493
0.030393146
0.031396825
0.03248101
0.033274855
0.033726133
0.032990497
0.03417329
0.033769798
0.034644406
0.033155497
0.03274648
0.032591242
0.033129316
0.032585092
0.030883254
0.029967362
0.030366093
0.03140797
0.030307202
0.031490926
0.031138338
0.031772573
0.031624116
0.032303184
0.032535546
0.03219772
0.033920478
0.034734152
0.035367828
0.03493867
0.034649447
0.034124818
0.033316452
0.032919936
0.032862354
0.034073144
0.03566556
0.03608303
0.037187003
0.036179136
0.036858007
0.037374943
0.038098603
0.03859356
0.038463894
0.038899455
0.039796636
0.038645253
0.03700872
0.036859285
0.037491247
0.037067182
0.038115487
0.03899846
0.03839261
0.038945414
0.03855196
0.036882285
0.036707986
0.037092887
0.03674515
0.036644734
0.036227595
0.035527516
0.03463327
0.03370852
0.035355758
0.035895742
0.036554556
0.038753644
0.03927499
0.040036425
0.04189025
0.041349553
0.04123877
0.04177383
0.041961316
0.042526003
0.04089175
0.040165
0.041508313
0.04065212
0.041204758
0.039781902
0.038266003
0.039581172
0.04053118
0.04166249
0.041055117
0.041552052
0.04271166
0.041505985
0.040558796
0.04143813
0.040170744
0.04172625
0.042828135
0.043186184
0.042644184
0.04296762
0.042676408
0.043754328
0.044728935
0.046229936
0.047308017
0.046700567
0.0487194
0.048743464
0.047994304
0.04964443
0.049979918
0.051702
0.052302692
0.052098017
0.051165283
0.050660875
0.051397562
0.049040657
0.048945628
0.04780104
0.04634593
0.046722725
0.04575227
0.045879014
0.045655422
0.04297234
0.042530943
0.041542254
0.040548272
0.040848788
0.04099616
0.041412216
0.0408299
0.041062836
0.039626226
0.04062602
0.039953504
0.039924227
0.0410024
0.041304056
0.041745245
0.04235586
0.04280652
0.04244258
0.042491302
0.042039916
0.04062278
0.04089612
0.04257831
0.043035954
0.04328112
0.04259521
0.042402156
0.043024093
0.042633288
0.04239657
0.042065524
0.04276988
0.043805923
0.044767894
0.045244474
0.04390824
0.042574268
0.04127416
0.041807797
0.041820448
0.04241417
0.042689268
0.04323476
0.04343311
0.04322497
0.042317506
0.04190263
0.04301916
0.0427596
0.04288708
0.04213254
0.042251322
0.043055307
0.042017713
0.0420172
0.04217606
0.041885603
0.040788446
0.040767886
0.041491266
0.040511552
0.039436854
0.03966174
0.039743725
0.039715823
0.039495233
0.0399585
0.040014476
0.040871397
0.040722594
0.03949548
0.038888518
0.038039565
0.03760551
0.03739867
0.03669733
0.03738247
0.038136594
0.037144024
0.03724948
0.035860695
0.034729805
0.03466281
0.03425852
0.033380814
0.03271155
0.031535007
0.03079861
0.03151798
0.031276442
0.030572858
0.031172538
0.03154494
0.031020919
0.03209339
0.031386554
0.030660642
0.030331591
0.030159513
0.030278636
0.030385163
0.030538129
0.030756284
0.031449404
0.032038666
0.03175052
0.03243766
0.033865016
0.033530217
0.0330236
0.03287247
0.0340011
0.033821248
0.033669807
0.034009717
0.033120546
0.03376583
0.034712154
0.034397814
0.03505511
0.036206543
0.03631069
0.03571496
0.035281297
0.034077175
0.033137072
0.03351222
0.033599727
0.033380155
0.032374408
0.031859677
0.030841086
0.03075163
0.030683586
0.02959795
0.028716814
0.028476786
0.028203413
0.02812418
0.027888585
0.027238335
0.026714878
0.027020497
0.027146092
0.026215913
0.026504941
0.026595144
0.026553089
0.02727897
0.027847579
0.027745305
0.027089495
0.027710907
0.02808638
0.028259685
0.028013522
0.029094934
0.029273726
0.029201273
0.029082289
0.029713163
0.029781327
0.02974525
0.029168032
0.02955714
0.029692914
0.03010721
0.029358564
0.02933277
0.029153377
0.029994903
0.029798403
0.029731648
0.029418582
0.0291697
0.028375534
0.028178059
0.027810635
0.027916608
0.028106043
0.027844876
0.027440123
0.027574979
0.027450265
0.026953198
0.026746424
0.026846685
0.027291209
0.026883524
0.026359562
0.025799863
0.02587814
0.025398595
0.025194447
0.025135593
0.025175357
0.025032591
0.025582938
0.025851863
0.025323732
0.025544783
0.02515686
0.024987878
0.025152002
0.025201771
0.025713632
0.025505845
0.026312273
0.026416212
0.026043128
0.026344094
0.026075704
0.026766242
0.026823424
0.027422715
0.028304309
0.027713664
0.027344398
0.027043872
0.02720221
0.027292231
0.028249929
0.028641036
0.029236559
0.029450871
0.029180473
0.028854607
0.028356316
0.028384238
0.029350707
0.028548224
0.028129825
0.028265871
0.027671862
0.027887374
0.028242767
0.028381854
0.02802576
0.028051548
0.028044594
0.02846277
0.02787837
0.028235033
0.028168352
0.02845797
0.028557362
0.02884471
0.029253937
0.02932259
0.029510742
0.029935654
0.02948081
0.029228752
0.028743481
0.028622588
0.028876098
0.029474655
0.029937616
0.029389448
0.029328417
0.02956283
0.029874133
0.029637523
0.029235482
0.029540855
0.029948343
0.029929794
0.030473556
0.03028238
0.030232904
0.030288495
0.030381164
0.029492378
0.028737996
0.028962666
0.028386286
0.0279283
0.027904911
0.027948122
0.027659154
0.027789589
0.028180648
0.027942298
0.027799064
0.027647203
0.02727134
0.02689204
0.027042363
0.027470354
0.02717995
0.027631266
0.027604083
0.027777849
0.028075209
0.028415773
0.02816706
0.028229017
0.028328676
0.028522039
0.028744314
0.029142618
0.029417928
0.029851945
0.02943828
0.029701345
0.029260876
0.029420607
0.029383399
0.029671151
0.030069102
0.031033004
0.03159617
0.031559758
0.031792946
0.032055244
0.0326116
0.0331433
0.033326905
0.033594426
0.033931386
0.033731773
0.033302143
0.032762863
0.031649053
0.031435125
0.030909544
0.03058712
0.030301824
0.030477775
0.029679611
0.029157475
0.028555328
0.028524723
0.028626502
0.027969494
0.027838312
0.027756985
0.027131138
0.02692412
0.026426734
0.026473781
0.02626546
0.02568227
0.025602391
0.02512051
0.02515679
0.024797147
0.024518784
0.024477795
0.02440445
0.024356915
0.024107073
0.023766626
0.023736654
0.02330848
0.023312327
0.02316238
0.023117082
0.022930522
0.022705495
0.022293568
0.022024365
0.021829661
0.021622801
0.021315042
0.021037258
0.020712793
0.020346291
0.020109003
0.019737884
0.019578135
0.019295199
0.018962523
0.01871205
0.018409729
0.018121688
0.017847048
0.017585002
0.017334808
0.017095787
0.01686731
0.0166488
0.016439715
0.016239567
0.016047893
0.015864266
0.01568829
0.015519599
0.015357849
0.01520272
0.015053912
0.01491115
0.01477417
0.014642731
0.014516605
0.014395578
0.014279449
0.0141680315
0.014061148
0.013958634
0.013860334
0.013766102
0.013675799
0.013589297
0.013506476
0.013427219
0.013351421
0.013278978
0.013209797
0.013143788
0.013080867
0.013020955
0.012963977
0.012909864
0.01285855
0.012809974
0.0127640795
0.012720811
0.01268012
0.01264196
0.012606286
0.01257306
0.012542243
0.012513803
0.012487707
0.012463927
0.012442438
0.012423215
0.012406239
0.012391492
0.012378956
0.012368619
0.012360472
0.012354503
0.012350708
0.012349083
0.012349083
0.012349083
0.012349083
0.012349083
0.012349083
0.012349083
0.012349083
0.012349083
0.012349083
0.012349083
0.012349083
0.012349083
0.012349083
0.012349083
0.012349083
0.012349083
0.012349083
0.012349083
0.012349083
0.012349083
0.012349083
0.012349083
0.012349083
0.012349083
0.012349083
0.012349083
0.012349083
0.012349083
0.012349083
0.012349083
0.012349083
0.012349083
0.012349083
0.012349083
0.012349083
0.012349083
0.012349083
0.012349083
0.012349083
0.012349083
0.012349083
0.012349083
0.012349083
0.012349083
0.012349083
0.012349083
0.012349083
0.012349083
0.012349083
0.012349083
0.012349083
0.012349083
0.012349083
0.012349083
0.012349083
0.012349083
0.012349083
0.012349083
0.012349083
0.012349083
0.012349083
0.012349083
0.012349083
0.012349083
0.012349083
0.012349083
0.012349083
0.012349083
0.012349083
0.012349083
0.012349083
0.012349083
0.012349083
0.012349083
0.012349083
0.012349083
0.012349083
0.012349083
0.012349083
0.012349083
0.012349083
0.012349083
0.012349083
0.012349083
0.012349083
0.012349083
0.012349083
0.012349083
0.012349083
0.012349083
0.012349083
0.012349083
0.012349083
0.012349083
0.012349083
0.012349083
0.012349083
0.012349083
0.012349083
0.012349083
0.012349083
0.012349083
0.012349083
0.012349083
0.012349083
0.012349083
