1314.5083
444.5248
205.36172
145.66556
114.77557
95.23283
81.45679
70.90128
62.74412
56.168823
50.76776
46.214565
42.473495
39.073326
36.162014
33.71635
31.500336
29.37551
27.579931
25.954498
24.562624
23.161152
21.973547
20.83632
19.78497
18.877382
18.12162
17.209816
16.661482
16.038324
15.215683
14.658991
14.128934
13.458649
12.976415
12.479703
12.029303
11.625056
11.373641
10.910724
10.4644
10.212668
9.833207
9.567386
9.259988
8.997329
8.841404
8.556717
8.242743
7.9917274
7.788278
7.586925
7.389058
7.2964697
7.1198454
6.8192616
6.629879
6.5016584
6.3607373
6.222221
6.069994
6.0276074
5.8333597
5.6566186
5.536896
5.41139
5.306038
5.24943
5.1180534
5.009612
4.879345
4.8307805
4.7222347
4.5951796
4.5034976
4.4366026
4.359006
4.3023
4.200862
4.117637
4.0620947
3.9700806
3.8829854
3.8253722
3.7732575
3.7187781
3.6574667
3.6119378
3.540763
3.546502
3.4511566
3.3699536
3.3232052
3.2894044
3.2522774
3.1876051
3.1283274
3.1033697
3.0588663
3.013992
2.9654667
2.9398186
2.890864
2.8617797
2.8292167
2.8242402
2.7710865
2.715643
2.6840835
2.6454837
2.628031
2.5929997
2.5905218
2.521409
2.5129886
2.4893465
2.4473171
2.399986
2.396548
2.3594513
2.3164818
2.3213394
2.2618034
2.2606869
2.2846372
2.2045994
2.1778955
2.1747882
2.1532423
2.1217492
2.0954092
2.0984595
2.062809
2.048832
2.0332425
2.0110066
1.9986331
1.9791874
1.971478
1.9526222
1.9224317
1.8911103
1.8813995
1.8742146
1.8547357
1.8304026
1.8201014
1.8023646
1.7910014
1.779686
1.767274
1.7431813
1.7381873
1.7190553
1.7069795
1.6995562
1.6843587
1.6653728
1.6576195
1.6488763
1.6287389
1.6293727
1.5994983
1.59166
1.6162444
1.5811807
1.5778012
1.5630448
1.5656053
1.545416
1.5252575
1.5120584
1.4977498
1.5048816
1.4998647
1.4848324
1.4932449
1.4641368
1.5036024
1.4869535
1.437333
1.4316095
1.4294112
1.4153664
1.419011
1.3965391
1.3793911
1.380219
1.3752692
1.3628551
1.352844
1.3436294
1.3289839
1.3183163
1.3082693
1.3112273
1.2968664
1.2890077
1.280443
1.2760147
1.2686336
1.2594823
1.2489669
1.2504692
1.2384155
1.2366778
1.2275895
1.2160448
1.2134233
1.2155595
1.1991649
1.1934011
1.1866469
1.1881465
1.183063
1.172338
1.1650022
1.1663643
1.1635153
1.1602114
1.1453208
1.1435169
1.1448241
1.1327567
1.1244421
1.1213855
1.1192379
1.1109043
1.1158044
1.1283109
1.1080872
1.096025
1.0940703
1.0878633
1.0855409
1.0778643
1.0836767
1.0715591
1.0717473
1.0650604
1.0619335
1.0629498
1.0587212
1.0561129
1.0533781
1.041305
1.0453457
1.0461147
1.0448858
1.023527
1.0277646
1.0262558
1.0175388
1.0154474
1.0129455
1.0082585
1.0075135
1.0082815
1.0012012
0.997763
1.0010462
0.99428177
0.9865248
0.9896297
0.9857535
0.99830407
0.98058194
0.97755545
0.97093385
0.9755534
0.9706612
0.9716806
0.97576225
0.9615112
0.9639228
0.9584136
0.9650927
0.9566524
0.9621188
0.96074474
0.9703152
0.94696575
0.9504302
0.9574182
0.94888186
0.955501
0.9487578
0.9522876
0.9464938
0.94551784
0.93772984
0.94171065
0.9346024
0.93085855
0.9348827
0.9247894
0.92649496
0.9273712
0.927146
0.9163775
0.9270703
0.91070086
0.9152215
0.90951025
0.915962
0.9074102
0.8988227
0.8976838
0.89505774
0.89339715
0.9018456
0.88943595
0.88668066
0.8863502
0.88667583
0.8872218
0.8887343
0.88309604
0.88490933
0.88954204
0.87728447
0.8778871
0.8795118
0.88087696
0.87584484
0.86778563
0.87347037
0.87644017
0.86864096
0.8739091
0.8702392
0.86654204
0.863459
0.8548519
0.8526066
0.8527159
0.85220253
0.84965813
0.8548887
0.853969
0.8465406
0.84410065
0.8513648
0.8484603
0.844488
0.8528466
0.8452114
0.8428905
0.8412096
0.8385271
0.83610594
0.83663964
0.82941604
0.836299
0.8307773
0.8346585
0.8284011
0.8305701
0.8189919
0.8186034
0.8265731
0.8178558
0.8137323
0.8196645
0.81588346
0.8150464
0.8092916
0.81502044
0.81633127
0.80733997
0.8102857
0.80611384
0.8045492
0.799832
0.79469097
0.8001597
0.798713
0.8034916
0.79523456
0.7961493
0.798294
0.797157
0.7907167
0.79280096
0.79957193
0.79200923
0.79567045
0.7956591
0.7927526
0.7939303
0.7865024
0.78416884
0.7898226
0.783071
0.78202724
0.7849132
0.7767679
0.78444815
0.77063626
0.7758261
0.7722266
0.7747017
0.7756168
0.7697338
0.76524293
0.77036226
0.7656762
0.7670731
0.7625069
0.76600105
0.7673109
0.75746113
0.7556974
0.76008064
0.7495354
0.75632155
0.7597834
0.7535086
0.75631964
0.7493894
0.747814
0.74681187
0.7448071
0.7458495
0.73886937
0.7408922
0.74460226
0.7484589
0.7376634
0.7402869
0.7344159
0.7363808
0.73782164
0.72974056
0.7262557
0.72870356
0.72781247
0.72251904
0.72841275
0.72428167
0.7299309
0.7239248
0.7259357
0.7251009
0.7229436
0.72055745
0.7175581
0.7168088
0.71990335
0.7205029
0.7097912
0.71552455
0.7152349
0.7118001
0.70423687
0.712644
0.710141
0.7098705
0.70654917
0.7052942
0.7095225
0.7063496
0.69820374
0.7070086
0.70199245
0.6986946
0.7010342
0.6962478
0.7000164
0.6998255
0.6956433
0.7020887
0.696863
0.69016314
0.69353914
0.6924496
0.6910843
0.69172645
0.6857843
0.6877546
0.69199747
0.69491965
0.6985069
0.7048076
0.69330364
0.6880171
0.6910742
0.69141144
0.69012505
0.6904918
0.69698805
0.68568355
0.68393964
0.683963
0.6884251
0.6901486
0.680811
0.688733
0.6874757
0.68677425
0.6812917
0.68332815
0.6880154
0.68477076
0.6900791
0.68878204
0.68850935
0.67837733
0.6832842
0.68140644
0.6759211
0.6790474
0.6800255
0.7107251
0.6837306
0.68567675
0.68075895
0.6804402
0.6842994
0.6835513
0.6828952
0.6797003
0.6802287
0.68223596
0.67842007
0.6721771
0.6923829
0.6756478
0.67484576
0.66900665
0.67659247
0.6701637
0.6774045
0.6652862
0.6733839
0.67236876
0.674473
0.6688251
0.6681525
0.6692451
0.6718658
0.66635495
0.6680586
0.6643115
0.6683123
0.6643776
0.6705323
0.6719729
0.671654
0.66419476
0.66304994
0.6721706
0.66134816
0.66366553
0.66594005
0.66918325
0.66676736
0.67205375
0.6678327
0.66543496
0.6687241
0.670716
0.6695298
0.66496694
0.6654263
0.66865605
0.670819
0.67116827
0.6710032
0.67332375
0.6671105
0.6659775
0.66513646
0.6714008
0.6674477
0.6683966
0.67013663
0.6681406
0.67264324
0.6658496
0.6686745
0.6703023
0.6642365
0.66101485
0.66609347
0.67002946
0.66477925
0.67028767
0.6612173
0.6644764
0.6563494
0.6632978
0.65945745
0.66264254
0.65925133
0.6616339
0.66312945
0.66356903
0.6553511
0.65609044
0.65976024
0.6593454
0.66359574
0.6596925
0.6600007
0.66271234
0.6541813
0.6558158
0.6590721
0.65639305
0.6592076
0.65603733
0.6506527
0.6539693
0.6512055
0.65620977
0.64430577
0.65018004
0.6544101
0.6504818
0.65395755
0.6453549
0.6476671
0.66089135
0.64868987
0.6462906
0.654667
0.65585333
0.6426053
0.6445641
0.643144
0.64939445
0.64603364
0.64503074
0.643531
0.6414375
0.6452176
0.64058
0.6395525
0.6467897
0.6430352
0.63590634
0.6377639
0.635588
0.6322075
0.6379248
0.63412267
0.6323543
0.63419265
0.63750154
0.63525
0.63780415
0.6409434
0.63173276
0.6358092
0.6391899
0.63211334
0.63654935
0.6319601
0.6312183
0.63271964
0.63461316
0.63445896
0.6319456
0.6306856
0.6340077
0.6365558
0.6374957
0.63117725
0.6326047
0.6329153
0.6337545
0.6333327
0.63686526
0.62767315
0.63979495
0.6316196
0.633821
0.63140094
0.6325931
0.6306998
0.6306126
0.62933964
0.62733436
0.6374245
0.628649
0.6300493
0.6338579
0.62898767
0.6318833
0.62882715
0.6322728
0.63344944
0.62385267
0.62278855
0.6302101
0.6279688
0.6261457
0.62637824
0.6278109
0.6287196
0.63327694
0.6287134
0.6252823
0.6246171
0.62201625
0.6240341
0.6308533
0.6326991
0.62939304
0.6272517
0.63370115
0.6320944
0.6278793
0.6228976
0.62011343
0.62399346
0.6271724
0.6210599
0.6243738
0.6244646
0.62928194
0.6129063
0.6233553
0.61462677
0.6237076
0.61850107
0.62050676
0.6191343
0.6196987
0.6205682
0.6133037
0.614341
0.61859924
0.6224214
0.6133811
0.6168737
0.61768687
0.61626065
0.61323494
0.6119795
0.61092204
0.6133949
0.6110658
0.6132023
0.6093656
0.61744833
0.6106165
0.6112779
0.6095559
0.609718
0.60800517
0.6090259
0.60478806
0.60731924
0.6052802
0.59927464
0.60100925
0.6060918
0.6053311
0.6012563
0.6010549
0.60575324
0.60601735
0.6065898
0.60257816
0.5956656
0.60151565
0.6011316
0.5992962
0.5969196
0.6011842
0.59734064
0.5973694
0.5971434
0.5999052
0.59044665
0.5968308
0.5990846
0.59370184
0.58698905
0.5963793
0.5980937
0.5943608
0.5921823
0.59626734
0.59558135
0.5947943
0.60126233
0.5984739
0.5923243
0.6010326
0.5979849
0.5966694
0.5933812
0.5903339
0.593607
0.5930937
0.5935609
0.5959212
0.5903125
0.58931255
0.59396625
0.5919764
0.5898675
0.5928203
0.5947545
0.591683
0.5935033
0.592168
0.59671706
0.5941928
0.5916614
0.59055275
0.58926266
0.59536
0.5919835
0.5888735
0.58993536
0.58995074
0.5924683
0.5971298
0.59087026
0.59703237
0.5905097
0.5918599
0.59627897
0.5899253
0.5934665
0.5886114
0.5844147
0.5905746
0.58827144
0.5858754
0.58834004
0.5881379
0.5832138
0.5866391
0.5903277
0.58689934
0.5886426
0.58542687
0.58402795
0.5822739
0.58252573
0.58086675
0.5883339
0.5856997
0.5778658
0.5795599
0.5758365
0.5785056
0.57622445
0.57855827
0.57847404
0.57542676
0.57640946
0.5770962
0.57659125
0.5774328
0.57219994
0.57226366
0.5749768
0.57405895
0.57474786
0.5695913
0.5735487
0.5756187
0.56584966
0.57330656
0.5737539
0.57553387
0.5719685
0.56453097
0.56422526
0.56880254
0.5660614
0.56388015
0.5659281
0.57063794
0.56242436
0.56006545
0.56041163
0.566861
0.563193
0.56859297
0.55674475
0.5597724
0.56049806
0.5624994
0.5596039
0.55393994
0.558156
0.5593876
0.56091464
0.55521065
0.55550784
0.5516435
0.5541895
0.5542573
0.55958617
0.5561982
0.55864364
0.55122626
0.5486197
0.55746
0.5483945
0.55410886
0.5570182
0.5597309
0.5520209
0.5528021
0.5525389
0.5527221
0.5535502
0.55443347
0.54624355
0.5462961
0.5508555
0.5488338
0.5529974
0.54915375
0.54796094
0.5502205
0.5507282
0.54899585
0.5457425
0.5537797
0.5528572
0.547667
0.54827166
0.54621387
0.5511658
0.5432873
0.5487184
0.5478048
0.540867
0.5471002
0.5477712
0.5430889
0.5507885
0.54807407
0.54101974
0.5427924
0.5404931
0.54645497
0.5436359
0.5469392
0.54710495
0.5377742
0.54319006
0.5399814
0.5365759
0.5383392
0.54065526
0.5428922
0.5390299
0.5446844
0.5426447
0.53918314
0.5335846
0.5393396
0.5285844
0.5371155
0.5316981
0.5295098
0.52960175
0.5369459
0.5335086
0.53072685
0.52847755
0.53202146
0.53438234
0.5333085
0.53404015
0.5320419
0.53101456
0.5379809
0.5285933
0.54085004
0.5364929
0.52976847
0.53024733
0.5341346
0.53465295
0.53583294
0.54056597
0.5341074
0.5329187
0.52834344
0.5351122
0.5363697
0.5353067
0.5282804
0.5332316
0.53649354
0.53250057
0.53840834
0.5354025
0.52699554
0.53038013
0.5332091
0.530254
0.52944934
0.5322956
0.53159714
0.5312344
0.531588
0.5310722
0.5365182
0.53319937
0.53781074
0.5279414
0.5330455
0.5296756
0.53517795
0.5306841
0.5331648
0.5346099
0.53392017
0.5313556
0.53204423
0.534673
0.5335395
0.5279509
0.53066903
0.52309066
0.53023815
0.53651166
0.5277101
0.5305997
0.5315792
0.53068113
0.530036
0.5285425
0.5330945
0.53029317
0.530063
0.53344274
0.531044
0.5342518
0.5316707
0.53088474
0.53203714
0.52774316
0.5194577
0.5322779
0.51858157
0.5277674
0.5264652
0.5259507
0.52614444
0.5302628
0.5318058
0.521363
0.52532697
0.5233184
0.5196229
0.5236385
0.52224785
0.52142936
0.5234449
0.52444386
0.52114874
0.52181655
0.5197969
0.5196773
0.52378356
0.52312905
0.5200714
0.5199345
0.51953584
0.51668036
0.5182991
0.51946473
0.50898194
0.5111129
0.5230121
0.51067084
0.51088566
0.51309144
0.5100231
0.5092124
0.5157985
0.5090491
0.51604736
0.5109606
0.50988346
0.508927
0.51358545
0.5087997
0.51123536
0.5090796
0.5150449
0.50816363
0.51386243
0.5134446
0.51433593
0.51097506
0.5119939
0.5101255
0.5094352
0.5094354
0.5101485
0.51734585
0.5118817
0.5071041
0.5133264
0.51188326
0.5128597
0.5093518
0.50967693
0.50952405
0.50872123
0.50960314
0.51113427
0.51384753
0.5090195
0.5074789
0.5110038
0.5084817
0.5069595
0.51024634
0.50701797
0.5046082
0.5048752
0.5117633
0.5077973
0.50901765
0.5078925
0.5015858
0.5074324
0.5078779
0.5086657
0.50032157
0.50178003
0.5043777
0.5088225
0.5116877
0.5145825
0.5085343
0.5064568
0.49812865
0.503203
0.5105492
0.5019877
0.50433546
0.50056124
0.5097777
0.50337696
0.50711375
0.504746
0.50452644
0.5073264
0.50950295
0.5057094
0.505307
0.5123429
0.50800997
0.506755
0.5079002
0.50496334
0.50925535
0.5117912
0.50648594
0.5074453
0.50498134
0.5025606
0.50449836
0.5055879
0.50706404
0.5005299
0.5051881
0.5005351
0.5035672
0.5075112
0.49934205
0.49564666
0.49453622
0.4995776
0.50174767
0.497875
0.49388272
0.49059695
0.4934899
0.49457964
0.4974184
0.4921512
0.48852542
0.4908729
0.496696
0.49063227
0.4904042
0.49329993
0.49096885
0.49102125
0.48776954
0.49357417
0.48778275
0.48925376
0.48881876
0.48910278
0.48895672
0.48734045
0.48080477
0.48548648
0.48886877
0.48523253
0.48330906
0.4868036
0.48644215
0.4800855
0.4810268
0.48127228
0.48067635
0.48556402
0.49141857
0.48257485
0.48025495
0.4807181
0.48052323
0.47826543
0.47968078
0.47972342
0.47306135
0.4724114
0.47362584
0.47625157
0.47733015
0.4731662
0.47401065
0.47014412
0.46923926
0.46915114
0.4700633
0.46935245
0.4680267
0.46762785
0.4724586
0.46838212
0.47059482
0.47065082
0.46676388
0.46808258
0.46646133
0.46578085
0.46861804
0.46658915
0.4660937
0.46973962
0.46384305
0.46686065
0.4625685
0.46722165
0.4693274
0.46876264
0.47166693
0.46689326
0.46154466
0.47030807
0.46696138
0.46558806
0.47211727
0.4653979
0.4642979
0.46660873
0.46403697
0.46058148
0.46126413
0.46897936
0.4702582
0.4657133
0.46795166
0.46965998
0.46101177
0.46512344
0.46519312
0.46798432
0.46879703
0.46777588
0.46595162
0.47208384
0.46853396
0.46732584
0.46886536
0.46608213
0.4683652
0.46610245
0.4652048
0.47519258
0.47146073
0.4795336
0.4764383
0.4682603
0.46732083
0.4686446
0.4719406
0.46776515
0.46511233
0.4707613
0.4721792
0.46727353
0.46759748
0.4650095
0.47200313
0.46944386
0.4702292
0.46644986
0.47181553
0.47461343
0.46956518
0.47137755
0.4670226
0.47133762
0.4630145
0.46772802
0.46445084
0.47114775
0.46557304
0.4632628
0.4653516
0.46187118
0.46422297
0.4676066
0.46526366
0.4668251
0.46401995
0.45973027
0.466861
0.46757793
0.46665502
0.46514425
0.46559438
0.46812454
0.46287253
0.4598382
0.46143115
0.4597883
0.45965934
0.46409804
0.46052596
0.46057963
0.46235055
0.45845824
0.4602658
0.46147227
0.45825532
0.45879373
0.4585172
0.46236333
0.4598138
0.45849258
0.4619317
0.45265555
0.45538095
0.45899016
0.4551232
0.45602098
0.4602639
0.4578476
0.45920914
0.45467392
0.4610632
0.45540372
0.45688096
0.45785773
0.45608324
0.45833483
0.4539133
0.4573047
0.45537898
0.45314026
0.4531952
0.45837072
0.45532626
0.46098968
0.45290723
0.45582354
0.45681122
0.4552422
0.4491318
0.45054573
0.45215523
0.4556156
0.4482547
0.45176962
0.45586148
0.45320156
0.45673642
0.45420054
0.45858005
0.452501
0.44929805
0.45264024
0.46175978
0.44738874
0.45393854
0.45089394
0.45524153
0.45115778
0.45063904
0.45088506
0.45594358
0.4564252
0.45052448
0.44264895
0.45584968
0.45396882
0.45617327
0.4581515
0.45153993
0.45535183
0.45486414
0.44822297
0.45589584
0.4593167
0.45211166
0.4529389
0.45098588
0.45436963
0.45511085
0.45454654
0.45849934
0.45200968
0.45294964
0.45484126
0.45456722
0.45036167
0.4540981
0.45046163
0.45777676
0.4524147
0.4506629
0.44897038
0.4528585
0.45539683
0.4454116
0.45006204
0.4530317
0.45602596
0.45265988
0.455975
0.45195386
0.4514293
0.45262662
0.44882065
0.45124307
0.44995287
0.45235273
0.44929013
0.45019406
0.4481143
0.4467599
0.44888327
0.44435078
0.44321468
0.448118
0.4492978
0.44618142
0.44185048
0.44304907
0.44805542
0.44366577
0.44959673
0.44447938
0.44095215
0.44118494
0.44717902
0.4394434
0.44403931
0.43985415
0.43842173
0.45076352
0.44501877
0.43828467
0.43954632
0.43491918
0.43859977
0.4312641
0.43481225
0.43544176
0.43691576
0.43743405
0.43049532
0.4362604
0.43332607
0.43094745
0.43005967
0.432721
0.4287642
0.4292465
0.42982575
0.4315137
0.4259254
0.429828
0.42924216
0.43080482
0.4266207
0.42922634
0.4265372
0.42818788
0.42579052
0.42748064
0.42550322
0.42305776
0.42137265
0.4262375
0.42867136
0.4269409
0.42045215
0.42410785
0.42009515
0.42814323
0.42102093
0.42054048
0.42152882
0.4262221
0.42339447
0.41845998
0.42156315
0.4186583
0.4146188
0.4189914
0.4149982
0.41662028
0.41804987
0.41820568
0.4178277
0.41856006
0.416943
0.41887286
0.41724768
0.41812688
0.41328052
0.41196817
0.41507623
0.41486832
0.41508284
0.4185022
0.41779116
0.41830406
0.41730592
0.41678825
0.4130727
0.41825867
0.41541114
0.41297004
0.4170689
0.41140231
0.4069998
0.4123001
0.41140395
0.4139989
0.41521305
0.41377306
0.4126505
0.41053316
0.41167024
0.41056475
0.41009653
0.40991983
0.41037977
0.4043614
0.41145495
0.40634778
0.41110843
0.40733495
0.40889183
0.40629682
0.41713914
0.4108891
0.4092191
0.40850645
0.40799943
0.40461412
0.4087162
0.40882298
0.41646078
0.40724888
0.4086638
0.40965158
0.40969223
0.4114075
0.4121414
0.40788704
0.41389245
0.40812936
0.409222
0.41144058
0.4107811
0.41536435
0.41235024
0.41263697
0.41060936
0.40864885
0.40447503
0.41403925
0.41200453
0.41261658
0.41473702
0.41441154
0.41084403
0.40891832
0.41053218
0.41254354
0.41580725
0.4126615
0.41390976
0.41591504
0.41203737
0.41292897
0.41467726
0.41150898
0.41722226
0.40957236
0.4129001
0.40707412
0.4071536
0.41375297
0.40397206
0.4158992
0.4145673
0.41042084
0.40774354
0.41471848
0.41007206
0.41042194
0.40882286
0.40945017
0.4068007
0.40797073
0.41121793
0.4059177
0.39783302
0.40472984
0.40815789
0.40500036
0.40450737
0.40014794
0.4060642
0.40666372
0.40467125
0.403258
0.40271053
0.40180355
0.4006853
0.401862
0.40428364
0.4056656
0.40599072
0.40583602
0.3999557
0.40369236
0.40108266
0.40387052
0.40110862
0.4070053
0.40101007
0.397128
0.398866
0.39746487
0.39542028
0.3995913
0.39946795
0.39445424
0.39499027
0.39989498
0.3973491
0.3886975
0.3947263
0.38950872
0.3929542
0.39129943
0.39861012
0.39501098
0.39842844
0.38858062
0.39446437
0.39667147
0.3950824
0.39462104
0.3887425
0.3938701
0.39279607
0.39060163
0.39589292
0.38783666
0.39228368
0.38948587
0.39099374
0.39607072
0.38959837
0.39374918
0.39043713
0.39270124
0.390951
0.3908679
0.39328313
0.39798266
0.3916305
0.39370337
0.38452682
0.38661885
0.38419133
0.39164892
0.3890974
0.38447744
0.3960154
0.3901598
0.39063835
0.38660794
0.38980615
0.38612583
0.39254457
0.3895955
0.3902227
0.3891535
0.39171833
0.38334492
0.38625893
0.38283345
0.3860587
0.3829072
0.38735116
0.39146876
0.38897604
0.38803566
0.3888499
0.3846617
0.39028513
0.38631332
0.38342753
0.38155106
0.39033455
0.38763228
0.3815439
0.38510817
0.38541096
0.38440767
0.3855767
0.378935
0.38855964
0.37954533
0.37709916
0.38827398
0.38714814
0.38757163
0.38708326
0.38127455
0.37881288
0.38692403
0.3855208
0.38212624
0.3761278
0.3813742
0.3826092
0.38045973
0.3806267
0.37809289
0.37801573
0.37711555
0.38295788
0.38077804
0.37264422
0.38220698
0.38113406
0.37772846
0.38237813
0.38039175
0.3760972
0.38282287
0.3767847
0.37968484
0.38029772
0.38079852
0.38026685
0.38223526
0.38008457
0.3755197
0.3815447
0.382001
0.38004422
0.3830902
0.3793709
0.37952238
0.37952772
0.38204247
0.38345864
0.38292328
0.38425434
0.37716585
0.38197017
0.3852215
0.3831432
0.37943462
0.3780066
0.38316864
0.38161078
0.3800904
0.37600031
0.37749606
0.37121555
0.3758829
0.3834042
0.37642094
0.3756467
0.37204686
0.37469345
0.37476784
0.3781601
0.3732994
0.3777252
0.37517616
0.37544245
0.3746197
0.37989938
0.36889547
0.37466463
0.36841682
0.3751412
0.3732239
0.3718863
0.36688605
0.37527633
0.37142408
0.3734558
0.375079
0.36859223
0.37141624
0.37235308
0.3749677
0.37296173
0.37837228
0.37106472
0.37192705
0.37233713
0.37660503
0.37311918
0.3707577
0.36885324
0.36762583
0.36704308
0.37226945
0.37367806
0.37339625
0.37109643
0.36744294
0.3656891
0.3732933
0.36858875
0.37314275
0.36934155
0.3683762
0.36946234
0.3700888
0.37080005
0.36863017
0.36999393
0.37000594
0.370768
0.3674603
0.37149164
0.36959472
0.3688345
0.36573458
0.36702684
0.3671276
0.36802214
0.36511603
0.36747605
0.36764577
0.37064493
0.36916605
0.36426288
0.36899424
0.364312
0.36613327
0.36928537
0.36274314
0.3668881
0.36713037
0.36959776
0.36954126
0.3652598
0.36515182
0.36424917
0.36916378
0.3686217
0.36659417
0.3628457
0.36466566
0.36513636
0.36754927
0.36949632
0.36419058
0.36915454
0.3648585
0.36918575
0.36355656
0.36022976
0.3650767
0.35998863
0.36673588
0.35931283
0.36173862
0.35932893
0.36550432
0.3638211
0.35736266
0.36202565
0.358522
0.3610686
0.36411056
0.35919982
0.3639207
0.35724178
0.3587056
0.3601847
0.35933024
0.36254844
0.35966945
0.3680593
0.36284825
0.3631233
0.36017376
0.3578811
0.36147335
0.36116093
0.35756844
0.3648397
0.36413172
0.36248755
0.36175138
0.36700615
0.36278078
0.36471596
0.3558766
0.3617588
0.3623159
0.35906854
0.36093193
0.3603363
0.36055842
0.36568028
0.36364394
0.36399025
0.36613837
0.36272883
0.36007023
0.35851958
0.36099562
0.35896295
0.36498675
0.36676833
0.3600283
0.35569346
0.3575568
0.3539676
0.35820386
0.35555357
0.35839486
0.36022452
0.35905075
0.35608432
0.35620654
0.35995266
0.36046708
0.36180928
0.35857508
0.3556783
0.35336792
0.35656026
0.35226005
0.35394257
0.35384196
0.35568923
0.35383686
0.35353968
0.35704222
0.35481727
0.3532156
0.35782093
0.3536362
0.35929802
0.3521655
0.35545388
0.35218748
0.35584632
0.3592907
0.35456342
0.35144308
0.352458
0.3533798
0.354559
0.35559902
0.35764116
0.3496623
0.35440597
0.35149938
0.3502824
0.35569394
0.35204187
0.35140687
0.34678563
0.35198268
0.34819618
0.3478992
0.3455928
0.34661743
0.3485719
0.34669653
0.34314808
0.34635904
0.3482369
0.3468448
0.3463543
0.34342787
0.3479476
0.3449944
0.33861065
0.34708068
0.34054926
0.33937007
0.3450279
0.34708497
0.35051143
0.34628257
0.3403806
0.34482482
0.34151313
0.34712452
0.34594613
0.34221363
0.34722424
0.33864388
0.34328097
0.34558243
0.34656549
0.3473774
0.34262225
0.3509191
0.3449232
0.33997813
0.34351394
0.3447206
0.34333298
0.34333965
0.34418997
0.3418895
0.34135297
0.34077108
0.34310925
0.346016
0.33953208
0.33830875
0.336964
0.3445471
0.34090146
0.3412512
0.33939102
0.33842698
0.3353856
0.34671044
0.34000283
0.3453716
0.34001324
0.34336367
0.33858478
0.3439547
0.34850678
0.337891
0.34524682
0.34409145
0.34277526
0.3394232
0.3417202
0.3435556
0.34437132
0.3425114
0.34545183
0.34514913
0.34525102
0.34196752
0.34214985
0.33930698
0.34146386
0.3392231
0.3388112
0.3377819
0.34104055
0.33919212
0.33963728
0.34053355
0.3331203
0.34255433
0.33761755
0.33364135
0.34189105
0.33100557
0.33780614
0.3373911
0.3365571
0.33972046
0.33562624
0.33495066
0.33860505
0.3361704
0.336019
0.33595374
0.3347583
0.33780363
0.33515665
0.338855
0.3350441
0.3311116
0.33459505
0.33647558
0.3385834
0.33342162
0.33948982
0.3334279
0.335874
0.33502573
0.33115393
0.3371025
0.3320295
0.33384344
0.33568493
0.33473593
0.33252096
0.33546326
0.3346388
0.33355156
0.33518833
0.33102617
0.3346191
0.33105615
0.33491457
0.33416876
0.33116406
0.3303449
0.33083692
0.3341701
0.32906008
0.33088237
0.3298599
0.33286363
0.32701573
0.33067462
0.3313499
0.33210778
0.32478726
0.3317906
0.32812515
0.32708925
0.32834482
0.33223763
0.3273468
0.32632437
0.3259468
0.3229928
0.3257191
0.33041638
0.3306491
0.32894608
0.32452443
0.3278689
0.33670324
0.32768965
0.3273044
0.3310011
0.32810453
0.32917365
0.32958025
0.33014125
0.32542497
0.32956582
0.32266694
0.32541543
0.32675174
0.32306734
0.32782793
0.32133713
0.32017472
0.3215159
0.3266864
0.32134077
0.3252024
0.32203808
0.3236136
0.32324627
0.32039773
0.32299697
0.31910023
0.32218033
0.3252734
0.323952
0.32550466
0.3235602
0.32278702
0.318592
0.3253514
0.31769076
0.32302946
0.3193242
0.3262307
0.32396004
0.3172539
0.32419565
0.32311082
0.32231808
0.32808247
0.3292341
0.32673913
0.3282086
0.32179886
0.3237086
0.32144305
0.32433063
0.32428053
0.32584965
0.32593125
0.3254729
0.32316616
0.3265834
0.31928328
0.3209408
0.3200931
0.31917784
0.322324
0.32206765
0.31935605
0.320412
0.32397035
0.31781644
0.32539374
0.32062495
0.32067123
0.32202333
0.32374388
0.31905472
0.3248551
0.319794
0.3169453
0.31745923
0.31641844
0.31955576
0.3208397
0.31739086
0.3231419
0.31719977
0.31562263
0.3110667
0.31580347
0.31329146
0.31172898
0.31022355
0.3161473
0.3142508
0.31443787
0.3122895
0.3138221
0.3134479
0.3077099
0.3093541
0.3067424
0.30855775
0.3121253
0.3126816
0.31234753
0.30777767
0.31063265
0.30688545
0.30932856
0.30622727
0.30846953
0.3108441
0.30548388
0.30782217
0.30135205
0.30584332
0.3038924
0.30506235
0.30657026
0.31378722
0.3036367
0.30864468
0.30955783
0.304184
0.30485895
0.30705687
0.30822963
0.30247313
0.30837908
0.30416265
0.303582
0.3089
0.30649742
0.30152002
0.3028463
0.30139005
0.3069564
0.30332443
0.30346346
0.30887958
0.30327207
0.30698493
0.30127168
0.3033112
0.30094364
0.30074927
0.30339596
0.30547604
0.30201057
0.29947865
0.29899818
0.3001233
0.30196884
0.29987445
0.30187306
0.30310374
0.30212888
0.30129647
0.30700395
0.30104896
0.3059379
0.30570394
0.29987133
0.30038172
0.29980943
0.30663717
0.302269
0.30309123
0.3018984
0.29919317
0.3028325
0.302174
0.29971468
0.30551538
0.3042053
0.30460438
0.30637798
0.30251518
0.30030182
0.30367208
0.29693237
0.29961526
0.2964432
0.30091953
0.30088198
0.3031821
0.30432132
0.30586758
0.29761425
0.29782388
0.30101305
0.30225447
0.30281368
0.30074263
0.30234838
0.3062459
0.29841107
0.30416617
0.29937148
0.3061736
0.30080116
0.3027738
0.3042721
0.30310208
0.30589306
0.30258262
0.29859474
0.31020516
0.30656466
0.30357248
0.308568
0.30724135
0.30225316
0.30039823
0.30357623
0.30602342
0.29912177
0.30448914
0.30760258
0.3076219
0.30389082
0.29860276
0.30401248
0.29909745
0.30463254
0.30123052
0.30953315
0.30606434
0.30131027
0.30544057
0.30327243
0.3035657
0.2992987
0.30718684
0.2982639
0.30119708
0.30197167
0.30558017
0.3042094
0.30155584
0.30353227
0.3050975
0.30221537
0.3048772
0.3016231
0.30198312
0.29801264
0.3021518
0.3012073
0.2979177
0.29929736
0.29997918
0.3050502
0.30001378
0.3019323
0.30234715
0.2996302
0.3003171
0.29725915
0.30124155
0.29989007
0.29886943
0.29910153
0.29440737
0.30101067
0.2984256
0.29694048
0.29709983
0.29786676
0.29893282
0.29885745
0.3025372
0.29684633
0.2993882
0.30046245
0.29986462
0.29801106
0.29383826
0.29821533
0.29732677
0.2989498
0.29705262
0.29606792
0.30175623
0.303966
0.301423
0.3007431
0.29786593
0.29580095
0.29525396
0.3014905
0.2959845
0.2979042
0.29951507
0.2977569
0.29983714
0.30152637
0.29227138
0.29753533
0.2988655
0.29922807
0.2999103
0.29847232
0.29780814
0.29988536
0.29512054
0.2969095
0.29410276
0.29781142
0.2975432
0.29989576
0.29774463
0.29370585
0.29150236
0.29519784
0.2928655
0.29464844
0.294647
0.2927447
0.2910861
0.29357284
0.29053995
0.288982
0.29070574
0.29175127
0.29196924
0.29066962
0.2865647
0.29256013
0.28476274
0.2877303
0.28530404
0.29119533
0.28970918
0.28243893
0.28670323
0.28618598
0.28861323
0.28345773
0.28638047
0.2893199
0.2837677
0.29099283
0.28639567
0.28234679
0.2881473
0.28548074
0.28537288
0.2902623
0.28615302
0.28084052
0.2859776
0.28983378
0.28867787
0.28482684
0.28647342
0.2938023
0.2912597
0.2872945
0.2893806
0.28430244
0.28468162
0.28385845
0.28846407
0.28019515
0.2884211
0.2890553
0.2837444
0.2846076
0.28218186
0.28396446
0.28837112
0.2869523
0.28201884
0.29147518
0.28437746
0.29191223
0.2848785
0.28632882
0.28565097
0.28899163
0.28876272
0.2860708
0.28294703
0.28007868
0.29074547
0.28616795
0.28523046
0.28554326
0.28728423
0.28585774
0.29307032
0.28982085
0.28881946
0.28545225
0.2825927
0.28215286
0.2901345
0.28859392
0.28693652
0.28710756
0.2866119
0.2865026
0.2860679
0.28708822
0.28719777
0.28527352
0.2873738
0.2898931
0.28528675
0.29392013
0.2910642
0.2930685
0.28673026
0.28889138
0.28636032
0.28849208
0.2895985
0.28323957
0.2836239
0.28443533
0.29136443
0.28779793
0.28656626
0.28466195
0.28830442
0.28903437
0.2884694
0.2822953
0.2860193
0.28302696
0.2853099
0.28241596
0.28304455
0.28734717
0.28208163
0.28214303
0.27897683
0.2865289
0.2799735
0.28297165
0.28365076
0.2859371
0.28649402
0.2821172
0.28900874
0.2840615
0.28710726
0.29015025
0.2902306
0.28246012
0.28493136
0.28417447
0.28551805
0.28564262
0.28350735
0.28878295
0.2906816
0.2874284
0.28859538
0.28626674
0.28378707
0.28332493
0.28534397
0.29040268
0.2822255
0.28722727
0.28752765
0.28652674
0.28788826
0.28287944
0.28598228
0.27815127
0.28172392
0.28128546
0.2825605
0.28324425
0.2794666
0.2822174
0.27932814
0.27849883
0.27476656
0.27740592
0.27934298
0.27522922
0.2773478
0.27846867
0.27875826
0.2747318
0.2763006
0.27728903
0.27725822
0.2752328
0.27184507
0.27769795
0.27531886
0.2733048
0.2728084
0.27542058
0.2746464
0.27497897
0.27077895
0.27585605
0.2752157
0.2745354
0.27162847
0.26957747
0.27478525
0.27358994
0.27505258
0.27174166
0.27194864
0.2721377
0.27583903
0.2706707
0.27049205
0.27227625
0.27058986
0.27201658
0.26786733
0.27107054
0.27185515
0.27689427
0.27375397
0.2724983
0.27161512
0.26936606
0.26919204
0.27079564
0.27046064
0.27122042
0.27043924
0.26776117
0.27347887
0.26735067
0.2701645
0.26739866
0.2754367
0.27187857
0.2715342
0.2721397
0.269418
0.27269468
0.26997402
0.2733179
0.27377853
0.26705867
0.26892263
0.26376563
0.26941982
0.26623064
0.2683481
0.27042896
0.26386932
0.26899913
0.27339077
0.2684028
0.26689997
0.2668244
0.2637982
0.26213735
0.26523444
0.2658595
0.2634927
0.26956877
0.26443994
0.26642853
0.26323563
0.26665786
0.25949687
0.26426294
0.26312524
0.26004833
0.25981885
0.26040065
0.2626141
0.26350728
0.26216775
0.26515263
0.2602826
0.262865
0.25888786
0.2597177
0.26258686
0.2575082
0.2619134
0.26154
0.2642908
0.26193735
0.2560088
0.2622278
0.2615612
0.2591421
0.25918758
0.2591138
0.25847915
0.25689316
0.2601542
0.26214358
0.26085567
0.2570847
0.26302576
0.25550187
0.25655097
0.25783518
0.26155257
0.25806612
0.25821808
0.2573191
0.25655115
0.25870374
0.25585213
0.2594435
0.25872865
0.2585724
0.2594604
0.2578077
0.25852692
0.25727713
0.25561523
0.25631133
0.25862968
0.26054677
0.25503325
0.25579906
0.26656556
0.25915003
0.2631651
0.25790784
0.26161864
0.2597214
0.25520194
0.2575658
0.25820175
0.26079795
0.26268187
0.25793064
0.25483668
0.2562481
0.2597527
0.25475842
0.26018077
0.25748274
0.25987437
0.25563654
0.2603716
0.2601384
0.25620756
0.259078
0.25623333
0.25940531
0.25849107
0.26128137
0.25962424
0.26201105
0.2660765
0.25827858
0.25837782
0.26005387
0.25965783
0.26050204
0.25788075
0.2641867
0.2602336
0.25715026
0.25695914
0.25931585
0.25966486
0.26110166
0.25868046
0.26228717
0.25891635
0.26125684
0.25741038
0.25995457
0.25913385
0.25890243
0.2633078
0.2560376
0.25897807
0.26020345
0.26333085
0.26091784
0.26902542
0.26578978
0.26127642
0.2595743
0.26419464
0.26433513
0.2656452
0.26003549
0.2630619
0.26428214
0.2665415
0.2624503
0.2593855
0.26166105
0.2664823
0.26282108
0.26984632
0.2599065
0.26239708
0.25998583
0.2576011
0.26413113
0.26432145
0.25704592
0.26168877
0.25843135
0.25736007
0.2570078
0.25897598
0.25841713
0.26229167
0.25586528
0.25651622
0.26186836
0.26248583
0.25686848
0.2637759
0.2609669
0.26409075
0.25889137
0.25780696
0.2615648
0.26325634
0.25905856
0.2544997
0.2607583
0.25773633
0.2596331
0.25597304
0.25716078
0.25699455
0.25836846
0.25935796
0.25745806
0.2609645
0.25649613
0.2509928
0.2577354
0.254372
0.25987348
0.25535253
0.25955552
0.26582986
0.25907862
0.25727218
0.25556934
0.26127818
0.25729543
0.26046172
0.26027778
0.2545191
0.25974074
0.25763845
0.2599938
0.25801
0.2603973
0.25799614
0.26247185
0.26124766
0.25307992
0.26016402
0.25767842
0.2583522
0.2568246
0.26837853
0.25942293
0.2559529
0.25808948
0.2592244
0.25697744
0.25579393
0.25905204
0.26084363
0.26099455
0.25940567
0.25799072
0.25454447
0.26440346
0.25397182
0.26290214
0.25945294
0.259934
0.25877756
0.26028445
0.25855583
0.2589579
0.25898767
0.25798944
0.25730336
0.25653782
0.25679538
0.2527078
0.24820365
0.2541213
0.25296924
0.2564113
0.2562849
0.25946254
0.25740042
0.25687197
0.2536077
0.25687438
0.25594813
0.25165537
0.24997254
0.2547525
0.25099233
0.25704882
0.24918409
0.2506213
0.2570269
0.25727573
0.2517019
0.25175893
0.25279263
0.2493556
0.2533308
0.25702882
0.25662073
0.2508416
0.2521295
0.25129598
0.25855628
0.25136507
0.25479728
0.25774354
0.2536555
0.25802037
0.25240397
0.25263026
0.2527467
0.25511688
0.25288314
0.25139764
0.25003803
0.25618294
0.25083175
0.25017425
0.2507824
0.25180686
0.2556549
0.25123936
0.24923399
0.24764758
0.24895495
0.24582899
0.24807104
0.24780339
0.24416146
0.24742691
0.24363756
0.24747665
0.24880767
0.24289119
0.24827777
0.24634556
0.24503987
0.24364722
0.24282928
0.24435352
0.24792884
0.24024232
0.2450677
0.24516077
0.2457054
0.24509732
0.24722074
0.24347165
0.24039921
0.23864616
0.24458453
0.23956071
0.23851219
0.23755121
0.24253762
0.24146643
0.2425171
0.23909076
0.24068007
0.24146079
0.24046227
0.2423002
0.23872778
0.23871662
0.24236046
0.24172026
0.23888472
0.23966986
0.23737103
0.24008214
0.23404509
0.23878042
0.24205402
0.23689027
0.23503356
0.24119939
0.23493373
0.24110204
0.2393075
0.2407426
0.24553251
0.23659858
0.2381307
0.23870492
0.2417626
0.23856996
0.24165082
0.24065313
0.24096252
0.24106945
0.24233496
0.2469849
0.24001044
0.24174413
0.23913775
0.23755103
0.24214742
0.23814292
0.23898676
0.2354443
0.23951578
0.24275431
0.23807715
0.24106912
0.24020834
0.24045579
0.24032275
0.24086607
0.2365578
0.23877537
0.2414136
0.2429755
0.23658974
0.23427427
0.23734154
0.23998947
0.23924097
0.23815134
0.23489262
0.23716716
0.23616855
0.23402275
0.23822895
0.23244822
0.23296951
0.23047033
0.23003784
0.2327113
0.23344333
0.23624384
0.2333542
0.23142086
0.23081364
0.22657706
0.22820792
0.22934575
0.226438
0.23083898
0.23095009
0.22549176
0.22866294
0.22691862
0.22703281
0.2250209
0.22750355
0.22869058
0.22443824
0.22569132
0.2232424
0.2254574
0.23093824
0.22219291
0.2336137
0.22766021
0.22806492
0.2293301
0.22495936
0.22692128
0.22715355
0.22740465
0.22583137
0.22684523
0.22896415
0.22878677
0.22679983
0.2263108
0.22834885
0.224128
0.22481509
0.22719865
0.2305706
0.22368148
0.22780088
0.2272039
0.233872
0.22128323
0.22189732
0.22471626
0.2265139
0.21825683
0.22284634
0.22488481
0.22224928
0.22068365
0.22955453
0.22246073
0.22002009
0.22400461
0.2256201
0.22649445
0.22105445
0.2160637
0.22301276
0.21924007
0.22056712
0.2237492
0.22039038
0.22238062
0.22203699
0.22612944
0.22624257
0.21660244
0.21997671
0.22534214
0.22318417
0.22828555
0.22410747
0.22472577
0.22703354
0.2226522
0.22236001
0.22249709
0.22185339
0.22557187
0.22213419
0.2193085
0.21871626
0.22611803
0.21872795
0.22453292
0.22067814
0.2187708
0.22315857
0.2229889
0.22056732
0.22379835
0.22031073
0.22362174
0.21572638
0.22212899
0.22231206
0.21922213
0.21802717
0.22533368
0.2241087
0.22385949
0.22049272
0.22000366
0.2232086
0.22122097
0.2277433
0.223119
0.22114126
0.22781685
0.22662035
0.22582492
0.22650555
0.21751986
0.22582573
0.22506656
0.22310154
0.22574224
0.22014497
0.21835662
0.22298303
0.22385886
0.22361012
0.22122078
0.21747877
0.22357294
0.22430651
0.22404724
0.22609285
0.22274137
0.22267744
0.22198494
0.22425681
0.21681584
0.21660437
0.21981403
0.22079165
0.22687596
0.22761841
0.22292143
0.22423856
0.22366053
0.21730517
0.22518712
0.21837278
0.2217202
0.22178122
0.22314948
0.21989876
0.2199023
0.22395317
0.22157808
0.22539465
0.21755624
0.22111231
0.22396566
0.2219639
0.21472707
0.22232275
0.22104128
0.21589443
0.21968292
0.21814255
0.21727717
0.21628298
0.21545085
0.21384971
0.22175522
0.21954866
0.22078146
0.22250982
0.21944436
0.21833672
0.21493644
0.21564156
0.21587911
0.21215479
0.2163286
0.21268925
0.21300742
0.22012599
0.21098912
0.21758962
0.2110825
0.20976429
0.2141771
0.20725207
0.21473819
0.21067448
0.21162358
0.20811279
0.21044195
0.20888378
0.20726922
0.20852832
0.20905189
0.20908967
0.20695905
0.21540238
0.20695432
0.21052743
0.21178849
0.20493118
0.20379816
0.20769607
0.20829584
0.20647404
0.20578717
0.21096165
0.20713653
0.20432444
0.21018428
0.20827486
0.20843661
0.20670372
0.201442
0.20454052
0.20606433
0.20498033
0.20289372
0.20778099
0.20314868
0.20312199
0.20276317
0.20113353
0.20453537
0.20158486
0.20599902
0.20121068
0.203181
0.20280707
0.20606019
0.20539933
0.20192215
0.20424937
0.21108
0.20316039
0.20693925
0.20059058
0.1973959
0.2007194
0.20885651
0.20211451
0.2055393
0.2038099
0.2071048
0.2032306
0.19912176
0.2057369
0.20222485
0.20109546
0.20444283
0.2017597
0.19956776
0.19881566
0.20325077
0.20493165
0.19902527
0.20553392
0.20519534
0.20445788
0.20226847
0.19908613
0.19718409
0.20149164
0.20394126
0.20530885
0.20258556
0.20338961
0.20729159
0.20551254
0.2079218
0.19923013
0.20036703
0.2047222
0.2101732
0.20037909
0.20332271
0.2022352
0.20604336
0.20483226
0.20699027
0.20535284
0.20773882
0.20734382
0.20698754
0.20687492
0.20589864
0.20425437
0.2055302
0.20726255
0.20484415
0.20213644
0.2038347
0.20853172
0.20397814
0.2015639
0.20770256
0.20480695
0.21066526
0.20909551
0.21077237
0.20429598
0.20531702
0.20671652
0.20771456
0.2081334
0.20377481
0.2126701
0.2098334
0.2080017
0.20790972
0.20718144
0.20678155
0.20370632
0.20955795
0.20214957
0.20402727
0.19962335
0.21212025
0.20276968
0.20495999
0.20132905
0.20031485
0.20594229
0.20220841
0.19677702
0.19584726
0.20279992
0.20163181
0.20242488
0.19939375
0.20526925
0.20352767
0.2017855
0.20236091
0.19985157
0.198585
0.19664824
0.19941485
0.20629708
0.20336579
0.2090632
0.20789228
0.19934964
0.20359059
0.2078563
0.19996154
0.19972338
0.20354466
0.19922659
0.20320328
0.20302297
0.20123117
0.20465362
0.20410296
0.19468684
0.20484443
0.19965726
0.19974944
0.19621044
0.20146593
0.20106734
0.20250945
0.1974316
0.19438803
0.19403629
0.19780102
0.19677763
0.19516316
0.20039673
0.19507617
0.19668077
0.19111295
0.19310817
0.18799363
0.19121616
0.19099581
0.19308232
0.19181459
0.19219261
0.18980251
0.19719917
0.19486737
0.19713119
0.19424815
0.19189048
0.19271922
0.19290423
0.19780554
0.19463338
0.1911693
0.19203515
0.19544734
0.1932317
0.18950014
0.1931148
0.19445668
0.19320907
0.19601014
0.19850105
0.1934753
0.19666454
0.19477335
0.19194637
0.19145736
0.19534694
0.19431087
0.19589257
0.19416995
0.19768964
0.1995428
0.19074771
0.19387248
0.19815719
0.20026237
0.19377695
0.2001484
0.19183336
0.19640756
0.1993368
0.19473226
0.196611
0.20161423
0.20274422
0.19647092
0.19723597
0.19469398
0.19160178
0.19308043
0.19214562
0.20153232
0.20155758
0.19590864
0.20030689
0.19742925
0.19815192
0.19592795
0.19482388
0.19998147
0.20162609
0.1927386
0.1949338
0.20125988
0.19950938
0.1988161
0.19944441
0.19496508
0.19635704
0.19838506
0.20215075
0.19772698
0.19645657
0.195924
0.19887987
0.20122929
0.19502586
0.19383869
0.1964918
0.19948146
0.19663098
0.19625218
0.20096354
0.19803706
0.19684847
0.1932359
0.1980726
0.1958311
0.19030331
0.19529814
0.19469985
0.19503346
0.19102998
0.20029677
0.1951241
0.19486608
0.19364534
0.1931344
0.19260357
0.19933268
0.19105239
0.19427802
0.1921282
0.19344816
0.19792935
0.1948111
0.19083658
0.19659263
0.19499154
0.19429398
0.19616671
0.19487067
0.19554897
0.1928402
0.19711758
0.19976574
0.19679052
0.201717
0.1886045
0.1941413
0.19482966
0.19648081
0.19441594
0.19788143
0.19394587
0.19199485
0.18769768
0.19436646
0.19297269
0.19380891
0.19309211
0.19276464
0.19395643
0.19492483
0.1921495
0.19413556
0.19100907
0.19309133
0.19072586
0.19501087
0.19210726
0.19375226
0.19561777
0.19468842
0.19739605
0.1927155
0.19705994
0.20285445
0.19846076
0.19830129
0.19506711
0.19135152
0.18957032
0.19040851
0.19204934
0.19567879
0.19502136
0.19661745
0.18902114
0.19439748
0.19847411
0.19477567
0.20059103
0.19568747
0.1927312
0.19181888
0.18894133
0.1890756
0.19343589
0.19246602
0.1933714
0.1886912
0.18388061
0.18872325
0.19023938
0.19222522
0.19099326
0.1860672
0.18853734
0.18516421
0.19073248
0.18811633
0.18477152
0.18595363
0.18503965
0.1862729
0.18853594
0.18483442
0.18693575
0.19214703
0.18603842
0.18481365
0.18116973
0.18601798
0.19098872
0.1822269
0.19280212
0.18836433
0.19141074
0.18694241
0.18453495
0.1853558
0.18763252
0.19538458
0.18908307
0.18602593
0.18914711
0.1933262
0.18350516
0.18437643
0.18851103
0.1873339
0.18848842
0.19077016
0.18541653
0.19219923
0.19130622
0.18871921
0.18955985
0.18563595
0.18764158
0.18654548
0.19433428
0.18497792
0.18856946
0.18361455
0.18579336
0.18720043
0.18461522
0.18013245
0.18220434
0.18537594
0.18351541
0.18381818
0.18394929
0.18409362
0.19428852
0.18300195
0.18667586
0.18435684
0.18351088
0.18728852
0.18793488
0.1852443
0.18533175
0.18954395
0.18795833
0.18575722
0.17803209
0.18615256
0.18177699
0.18435788
0.19078626
0.18037093
0.18293576
0.18705647
0.18266308
0.17801313
0.18162797
0.18861361
0.18098193
0.18741444
0.18437722
0.18322279
0.18542086
0.1830561
0.18432473
0.18568833
0.17911577
0.17682959
0.18178628
0.18483102
0.18371756
0.1861462
0.18555248
0.1847378
0.1842501
0.18509284
0.18573847
0.17992826
0.18714774
0.18301025
0.18358193
0.18383984
0.17932135
0.18342377
0.187334
0.18228579
0.1802165
0.17521967
0.1809918
0.18227056
0.17746167
0.18197347
0.17813092
0.17982176
0.18011022
0.18278217
0.18428014
0.18088569
0.17874886
0.18214321
0.18262224
0.18316516
0.17915463
0.18131103
0.1808333
0.18913405
0.18244708
0.18141332
0.17949352
0.18125868
0.18153048
0.18274775
0.18289968
0.17799836
0.18386494
0.17704184
0.18352759
0.18094009
0.18114257
0.18409836
0.17975558
0.18362133
0.18572095
0.18240221
0.1866082
0.180522
0.18138695
0.18655366
0.18119302
0.18566406
0.17979704
0.1800964
0.17922994
0.18252647
0.18338251
0.18150689
0.1828625
0.18171638
0.18586953
0.1870322
0.18016896
0.18018845
0.18575737
0.18133622
0.17806517
0.18127513
0.17875364
0.17460439
0.17795569
0.17927372
0.17938685
0.18316017
0.17818673
0.17625931
0.18751492
0.17921154
0.18136199
0.1779279
0.18076846
0.17258002
0.18093413
0.17542045
0.17663059
0.17729995
0.17686662
0.18335263
0.17553757
0.17972748
0.17410764
0.18021072
0.17058012
0.18433927
0.1692336
0.17361261
0.17631944
0.17376342
0.17837329
0.17856792
0.17793927
0.173422
0.17563893
0.1710308
0.17682633
0.17366825
0.17802218
0.17926785
0.17262915
0.17691448
0.1738987
0.16989854
0.17576952
0.17572159
0.17512035
0.16901107
0.17318867
0.17660823
0.17715214
0.1773566
0.17025693
0.17640562
0.17256565
0.17063807
0.17566563
0.17583041
0.17238873
0.17224854
0.17501807
0.1742173
0.17283851
0.17369959
0.17423928
0.17162533
0.1729304
0.17337576
0.17133315
0.17362295
0.16870344
0.17189257
0.17056927
0.1740572
0.17579082
0.17219035
0.17269507
0.16960643
0.1682109
0.17252792
0.17293966
0.16493918
0.16838165
0.16899946
0.16884747
0.17004654
0.17201503
0.17282438
0.1728658
0.1691064
0.17460224
0.16705002
0.16948847
0.17663406
0.16969824
0.16958274
0.17144153
0.17106572
0.1720802
0.16793787
0.17454764
0.16995771
0.16870056
0.16778724
0.17361236
0.16410626
0.16792226
0.16912483
0.17011714
0.16943683
0.16628264
0.16562198
0.16645186
0.16381523
0.16735052
0.16508977
0.16443625
0.16387096
0.16870366
0.16793513
0.16790263
0.16948833
0.16478585
0.16597003
0.16370748
0.16771404
0.16719018
0.16906968
0.16245405
0.16870113
0.1600699
0.16184743
0.16679661
0.16851719
0.15917288
0.16539471
0.16822988
0.1681023
0.16763735
0.16786946
0.16395466
0.16528386
0.1647619
0.16484518
0.16236791
0.16689473
0.1660239
0.16206785
0.16804375
0.16358604
0.16835445
0.16159028
0.16702022
0.16729015
0.16781753
0.1644524
0.16481052
0.1631512
0.1715851
0.16269052
0.1593153
0.16027698
0.16447015
0.16318917
0.16062225
0.16417524
0.16640143
0.16442053
0.16632424
0.16535896
0.16483594
0.16748603
0.16707557
0.16022627
0.16166271
0.1644349
0.15956154
0.16142465
0.16161586
0.16246197
0.16576868
0.16088673
0.1661196
0.16377
0.16245912
0.16829254
0.16493014
0.15947227
0.16128168
0.15826592
0.15894441
0.158821
0.1620464
0.16326386
0.1631237
0.16679533
0.16118436
0.16387612
0.1612936
0.16012008
0.16597673
0.16255017
0.15903719
0.15824933
0.1568559
0.15955873
0.16146974
0.16258673
0.1621978
0.15932721
0.15864351
0.15806215
0.1572786
0.15208077
0.15866743
0.15713592
0.15885973
0.15590872
0.16157044
0.15605763
0.15349971
0.16399254
0.15842848
0.15445924
0.15568896
0.15675543
0.15070182
0.15433708
0.15866153
0.15354468
0.15364459
0.15267988
0.1563556
0.15334746
0.1558173
0.15786381
0.15243766
0.1550918
0.15531713
0.14936815
0.15468933
0.15592532
0.15689613
0.15451184
0.15647693
0.15302522
0.15094543
0.152501
0.14921929
0.15387972
0.15453443
0.15229031
0.1550962
0.15701137
0.15015113
0.15575121
0.15141982
0.15248601
0.15198694
0.15503934
0.15351339
0.15325755
0.15852214
0.14846095
0.15465586
0.14770004
0.15251514
0.15527734
0.15134053
0.15972406
0.15136752
0.14961231
0.15066522
0.14868203
0.14956124
0.15422213
0.15316038
0.1539741
0.15119392
0.15317819
0.15140012
0.15910955
0.15216628
0.14736605
0.15218124
0.1486762
0.15420327
0.14649878
0.14497818
0.14889707
0.15189262
0.1523564
0.15301593
0.14963865
0.14694992
0.14483792
0.15004712
0.14984137
0.14949013
0.15328494
0.15842274
0.14839894
0.15030472
0.15383431
0.14636375
0.15414774
0.15224914
0.15315047
0.15189843
0.14584035
0.1480246
0.14848088
0.15102403
0.15263593
0.15234052
0.15425155
0.15483603
0.15862912
0.15391073
0.1484367
0.15393315
0.15386048
0.151143
0.15113722
0.15186441
0.14977528
0.15380564
0.1486537
0.14624807
0.1539742
0.15248112
0.1455018
0.15079157
0.14875773
0.15202282
0.14895876
0.14800027
0.1535936
0.14525858
0.1463688
0.1494362
0.1483875
0.15599436
0.1537411
0.14731297
0.15293954
0.14823073
0.14812279
0.14490223
0.14681526
0.14671649
0.15191041
0.1400356
0.14885354
0.14583673
0.14739136
0.14671725
0.14138739
0.14098893
0.14823845
0.14187032
0.14741862
0.14554708
0.14821307
0.14287241
0.14375553
0.14539519
0.14258008
0.14612165
0.13926257
0.1400784
0.1432946
0.14279628
0.14367275
0.1455638
0.1421513
0.1402122
0.1468224
0.1441974
0.14497311
0.14382288
0.14332034
0.14329322
0.13966347
0.14496323
0.14094666
0.14483789
0.13782144
0.14689004
0.13928692
0.13992617
0.13981366
0.13986214
0.14597465
0.14330545
0.14378777
0.14656259
0.13997869
0.13686165
0.13669398
0.13954449
0.14217503
0.13981453
0.13997881
0.13855286
0.14338475
0.13909605
0.1369353
0.14141949
0.14469302
0.13884398
0.13889572
0.14326325
0.14220193
0.13958101
0.14105083
0.13918361
0.1452657
0.13707472
0.14442426
0.14630571
0.1389716
0.14044856
0.14482506
0.14006102
0.13897888
0.13749951
0.13633743
0.14270087
0.14324589
0.13943341
0.13848218
0.13863406
0.14398175
0.13512221
0.14024222
0.14053145
0.14508684
0.13963278
0.13285618
0.1356514
0.14158888
0.13388741
0.13198334
0.13849689
0.13129684
0.1374328
0.1352723
0.13487223
0.13730848
0.13914141
0.13811624
0.13291079
0.13369471
0.13698743
0.13576655
0.13683715
0.13839597
0.13208131
0.13646644
0.13390185
0.13091585
0.13335551
0.13044707
0.1389008
0.12993465
0.1268322
0.12849268
0.13625336
0.12600765
0.13522945
0.13601395
0.13727772
0.13035445
0.12890147
0.12843229
0.13326891
0.13347307
0.13374224
0.13507758
0.13047744
0.13118145
0.12937874
0.1312526
0.13255727
0.12737851
0.13086314
0.1343691
0.13684316
0.1280407
0.1362356
0.13201495
0.1326025
0.12743773
0.12977415
0.13186929
0.12667711
0.13547051
0.13224351
0.13288389
0.13928904
0.1292044
0.13553718
0.13317744
0.13120894
0.12989596
0.13301541
0.13301545
0.13384183
0.13410781
0.13363816
0.13645415
0.134708
0.13522546
0.13389897
0.13690813
0.13413966
0.1339512
0.13462669
0.1310312
0.13073748
0.1407508
0.1290256
0.13126756
0.13379547
0.13358964
0.13128406
0.13171646
0.1324028
0.1346103
0.12902789
0.13202071
0.1297067
0.13481891
0.12500142
0.12780385
0.12548508
0.13223827
0.1290317
0.13335504
0.12166064
0.12668267
0.13533458
0.12586789
0.12601341
0.122908406
0.12230744
0.1218192
0.13443594
0.12484671
0.12647007
0.12817903
0.12645696
0.12952399
0.13012639
0.12935324
0.13090183
0.13158792
0.12313783
0.12828042
0.12753966
0.126471
0.1340095
0.12890516
0.13258138
0.13169828
0.13146888
0.13073133
0.12834586
0.12831344
0.13190567
0.12712732
0.13382931
0.1307132
0.12767069
0.1289282
0.12990667
0.12823518
0.12830962
0.12781148
0.1345505
0.12534204
0.13025267
0.13074079
0.12904641
0.12837152
0.12636468
0.1284403
0.12958404
0.13366668
0.12926443
0.12913102
0.13640147
0.13648349
0.13333431
0.1335218
0.1248392
0.13587761
0.12904996
0.12948366
0.13319448
0.12855974
0.13160823
0.12836589
0.13739716
0.13347821
0.12672973
0.12954895
0.13029425
0.13402763
0.1318856
0.12967303
0.12787221
0.13566107
0.12935221
0.13564542
0.12857541
0.12975892
0.13173144
0.12601489
0.13021778
0.13153633
0.1301909
0.13453832
0.121112674
0.12763168
0.12967847
0.1262218
0.12762061
0.1259362
0.124398395
0.1270112
0.12917039
0.1252008
0.12813292
0.12771899
0.12523249
0.12948895
0.1261603
0.12857464
0.12752342
0.12661977
0.13346799
0.13147806
0.12928364
0.1252658
0.12521562
0.12009852
0.12432653
0.13591075
0.13382895
0.1284722
0.13425715
0.12843218
0.12609261
0.12673032
0.12243603
0.12650293
0.1268039
0.123638466
0.12013204
0.12554713
0.12240214
0.12399324
0.12773617
0.12390557
0.12272055
0.1253436
0.12763713
0.1292215
0.12410855
0.123748444
0.12901509
0.12793197
0.1206255
0.12574044
0.124325
0.12878609
0.12558143
0.12593831
0.12538007
0.12518482
0.12287954
0.1294242
0.12434473
0.12640506
0.13022903
0.12537606
0.120690085
0.12386862
0.12714057
0.117558464
0.124579884
0.13302936
0.121973865
0.122636706
0.13032483
0.1259919
0.12453688
0.124981545
0.12666701
0.12693338
0.11864896
0.12111783
0.12745732
0.12330221
0.1269213
0.124243625
0.12144842
0.11966648
0.12682512
0.123607665
0.121700026
0.12210208
0.120983355
0.12088891
0.12488666
0.12118223
0.12028417
0.122341886
0.1200206
0.12532564
0.11846289
0.12959811
0.128369
0.12599836
0.12682052
0.12622815
0.1208898
0.12125861
0.123288006
0.12636022
0.12274393
0.117174454
0.12521414
0.1210808
0.123222165
0.12282357
0.12506025
0.11595706
0.12314911
0.12436592
0.1211837
0.121648945
0.1239648
0.12377286
0.12759013
0.12293676
0.12273823
0.11784086
0.12039683
0.12449851
0.12230116
0.12310133
0.123261824
0.12222782
0.12982026
0.12627913
0.11885375
0.12312718
0.12263797
0.11608953
0.117592126
0.11854742
0.121508546
0.123294726
0.12152466
0.12097469
0.12582329
0.12273746
0.11934443
0.12035232
0.11825584
0.12354077
0.12515864
0.11924871
0.12590009
0.12587486
0.124384776
0.1220925
0.12006715
0.12403989
0.12347797
0.119749226
0.12709184
0.12258462
0.12845035
0.123940155
0.12757671
0.12396225
0.121817715
0.120966874
0.123584755
0.115445025
0.1149477
0.121688575
0.11589369
0.119001
0.11712503
0.124429435
0.119681284
0.12348954
0.11963726
0.114369996
0.12458714
0.12526314
0.118050046
0.124792375
0.12308748
0.112206705
0.12293717
0.12582135
0.11934779
0.1163926
0.1216193
0.12091898
0.11656982
0.11088512
0.11823901
0.11352926
0.115093626
0.115681924
0.11827593
0.115281105
0.120615706
0.11781459
0.11478985
0.118334144
0.11638263
0.11389231
0.11839126
0.11609476
0.12137454
0.11543975
0.117853686
0.119300805
0.12068654
0.11536898
0.119665325
0.115472116
0.1223088
0.12312599
0.11276258
0.11522847
0.1110195
0.11338666
0.112464994
0.109163664
0.11595004
0.11145844
0.11523484
0.112624735
0.11216347
0.106723815
0.11208393
0.11183413
0.10753898
0.113980964
0.10817119
0.109272905
0.10859658
0.10607222
0.1122061
0.10299163
0.10233173
0.10497808
0.114370674
0.108840756
0.109872535
0.10828507
0.104105435
0.10940053
0.10846439
0.108485304
0.10779181
0.102159746
0.10383299
0.10185169
0.109703325
0.10649122
0.10772952
0.10735301
0.10982066
0.09994669
0.10187473
0.10208531
0.10362426
0.10515743
0.10908241
0.10697879
0.101464145
0.10469595
0.10875601
0.102089316
0.10277292
0.10384788
0.10396302
0.10390274
0.10463258
0.10847892
0.10895091
0.10250084
0.11257483
0.105487324
0.10743835
0.10275575
0.102865875
0.10464023
0.10876579
0.10407334
0.110254124
0.10715917
0.11145732
0.104633264
0.10019915
0.10528233
0.105019
0.10761156
0.10355926
0.10255564
0.1072397
0.10507212
0.10545201
0.10496264
0.10366356
0.10638895
0.10708664
0.1041848
0.101900056
0.10792214
0.09880213
0.10761064
0.09723281
0.104595326
0.105010025
0.09816413
0.1056072
0.10205847
0.102784894
0.106888354
0.10313856
0.0992385
0.104919076
0.105666265
0.10596303
0.10153285
0.10833162
0.10240878
0.10842887
0.099837236
0.100484475
0.104277834
0.101017185
0.1012434
0.10264407
0.10462785
0.105741456
0.10284468
0.10650289
0.096502595
0.10397751
0.1050018
0.10475243
0.101835445
0.100437514
0.10316689
0.102263756
0.10656483
0.09945345
0.10595996
0.10238837
0.10649024
0.102083065
0.10535989
0.098787986
0.10687312
0.10081825
0.10411931
0.10035554
0.10555518
0.110165074
0.10229736
0.10386251
0.10089091
0.105952665
0.10345839
0.11206512
0.10305288
0.104363956
0.11045435
0.10360242
0.10412363
0.11277661
0.11034798
0.114855714
0.10830887
0.104571916
0.10781439
0.10840753
0.11540483
0.11039344
0.10636193
0.106511414
0.106126726
0.10665069
0.10908846
0.1145541
0.10910205
0.10503057
0.1064755
0.10742186
0.10305858
0.11058674
0.112328656
0.10645496
0.10864906
0.1098837
0.10648426
0.110762574
0.11492939
0.10474804
0.10717669
0.10294144
0.10071214
0.11335783
0.107292674
0.10680129
0.1106045
0.110991195
0.10673032
0.10236141
0.10737405
0.1112706
0.10471433
0.11022789
0.109434776
0.101298705
0.109288044
0.10316489
0.10892557
0.1076129
0.10564834
0.10624355
0.103882946
0.10826186
0.10280968
0.11012358
0.1156827
0.11702238
0.11092892
0.109817766
0.1039963
0.11002503
0.106692754
0.1067882
0.104148604
0.10984359
0.113730796
0.10614086
0.10356129
0.1031046
0.104761004
0.10758692
0.109034896
0.110566564
0.10466806
0.10538404
0.101146206
0.11047745
0.108885
0.09964982
0.10780332
0.11111072
0.10459418
0.10727088
0.10699435
0.10522226
0.105394825
0.10124391
0.10936995
0.10319508
0.102037676
0.10552903
0.101737455
0.10038675
0.0983036
0.096882574
0.10389738
0.109675094
0.10119081
0.09921959
0.09854195
0.09958798
0.10021718
0.09885549
0.0946595
0.10329699
0.100682564
0.10175861
0.094501205
0.10004655
0.09819641
0.096941635
0.10062519
0.09403023
0.095389836
0.09964219
0.09727881
0.09703987
0.09999779
0.10014627
0.10057732
0.090843484
0.089532755
0.09518453
0.09906415
0.09780685
0.09618786
0.092316516
0.094757505
0.09260455
0.09830716
0.099533096
0.09664063
0.09461171
0.0997879
0.10179358
0.09881953
0.10098514
0.09492782
0.097117074
0.096069455
0.10111651
0.10055142
0.09633012
0.10057588
0.10101533
0.10548735
0.09874541
0.10086325
0.098869555
0.10062136
0.09770534
0.09544829
0.101073354
0.10046561
0.10201698
0.09673011
0.10592099
0.09869438
0.10060469
0.1074161
0.09775139
0.10297204
0.10051348
0.09832754
0.0987647
0.099306844
0.10077713
0.10424608
0.101268165
0.10076945
0.102142595
0.1053505
0.09881245
0.105911165
0.09885007
0.09772155
0.09649385
0.09927358
0.0997116
0.09866367
0.09560632
0.100522034
0.1026535
0.095902056
0.10337898
0.09690144
0.102849245
0.09935802
0.097568475
0.1001473
0.10616046
0.09943208
0.101963684
0.104960725
0.100372225
0.09611918
0.10048458
0.10329521
0.10375193
0.0943597
0.097822964
0.09865514
0.090733215
0.092682004
0.098057486
0.099736854
0.09472143
0.0965896
0.094032206
0.09607167
0.09857241
0.09186364
0.08925958
0.0964237
0.08823929
0.09157344
0.093679436
0.09755993
0.09613661
0.09129013
0.093699366
0.096327834
0.09788723
0.09689195
0.09525898
0.09544266
0.09213848
0.0936761
0.08913581
0.092752084
0.08938221
0.09671614
0.09371326
0.09156913
0.09674019
0.09953772
0.08988745
0.08724762
0.09514074
0.090800196
0.095443904
0.09721536
0.08826687
0.09381414
0.09334603
0.09447492
0.09256212
0.090130895
0.08948921
0.09429304
0.09703878
0.10182748
0.09395551
0.09471763
0.09150129
0.0932113
0.093737766
0.092581496
0.08904455
0.091510706
0.08952916
0.09774162
0.09469584
0.08547965
0.09480231
0.09237348
0.092796564
0.0974307
0.09885128
0.10028757
0.09237509
0.09024368
0.097555526
0.094980516
0.09726124
0.091974676
0.09405303
0.09305614
0.09507796
0.09525781
0.091355205
0.096333496
0.09725282
0.098118246
0.091244765
0.09837452
0.08710953
0.0905574
0.09237693
0.09906076
0.09861649
0.09681119
0.10258274
0.09003237
0.09383626
0.090824835
0.09307659
0.08866495
0.09028784
0.09705486
0.09441484
0.09061847
0.09027289
0.09032819
0.08927165
0.087028466
0.096106365
0.08801348
0.094804466
0.099491835
0.08971315
0.091858715
0.094308354
0.09019181
0.08962821
0.09107576
0.096587196
0.085314006
0.09211527
0.09471774
0.09461098
0.08941041
0.089079306
0.09459894
0.09898637
0.09032096
0.090483144
0.0928471
0.09419882
0.09882058
0.09100253
0.09119197
0.090552665
0.09767517
0.09428554
0.09890421
0.090281226
0.0898626
0.09203357
0.092702046
0.09298818
0.09010027
0.09221987
0.09229319
0.092116736
0.08806437
0.092238516
0.09291679
0.08799681
0.09567264
0.09423077
0.08853689
0.09383861
0.0900428
0.0930863
0.086380064
0.09575802
0.093178324
0.083921306
0.087985896
0.092101134
0.09343299
0.090418026
0.08823533
0.09069795
0.08615997
0.090302534
0.09065671
0.09270762
0.08979712
0.08836461
0.090672
0.09225606
0.089318015
0.09049571
0.08786039
0.09207346
0.09024559
0.08614281
0.08889191
0.08761241
0.09175618
0.09428117
0.088822946
0.09800366
0.096095
0.089650124
0.09506721
0.09005491
0.09656163
0.09888333
0.096793875
0.089736
0.091667846
0.086337216
0.08766915
0.09637792
0.09099444
0.086634
0.09761386
0.08631424
0.09632158
0.0956221
0.097998686
0.09119353
0.085689075
0.09062888
0.08663246
0.09367582
0.09561462
0.09276848
0.093123235
0.09191948
0.09060865
0.089996554
0.09033389
0.0974952
0.08689163
0.09273057
0.09111856
0.09147257
0.09472963
0.09171443
0.08775551
0.09032509
0.08661533
0.08638608
0.09042041
0.09442642
0.0946096
0.09112025
0.09339292
0.090460986
0.09526043
0.098414555
0.086827554
0.08821151
0.09213279
0.087521136
0.09073035
0.088576004
0.09581681
0.087671295
0.0835524
0.08908352
0.08517423
0.08477565
0.093684666
0.09126732
0.091829814
0.08812868
0.09210921
0.09251815
0.08813521
0.08525968
0.09210851
0.087913856
0.09462828
0.089700155
0.0988302
0.08082461
0.090312265
0.094600484
0.08821886
0.08840674
0.0842726
0.08416991
0.09298171
0.09120174
0.09334099
0.08664896
0.08816956
0.083707005
0.094253704
0.08362209
0.08621847
0.08628877
0.08798764
0.089588426
0.08604221
0.08496458
0.084688835
0.08743379
0.085457325
0.08002673
0.08325424
0.08673484
0.09723695
0.08395057
0.086767726
0.08612703
0.083562545
0.085842386
0.084091745
0.08383177
0.085597806
0.07928927
0.08141088
0.08369685
0.08036854
0.085491985
0.08475314
0.08712706
0.08307212
0.080452435
0.0786213
0.079701915
0.08520392
0.08756457
0.078481406
0.082576886
0.08589237
0.080578424
0.082801215
0.084344365
0.0754363
0.08410273
0.08210998
0.08772514
0.07820897
0.0863739
0.075673126
0.08704596
0.08101595
0.0813765
0.08146241
0.09009229
0.092522636
0.07601996
0.082733616
0.08555789
0.07564112
0.08184686
0.07370362
0.07753784
0.07732463
0.07733758
0.08554579
0.078917146
0.08011928
0.076940134
0.07992879
0.08160223
0.076723985
0.075733736
0.07625806
0.08084748
0.07999126
0.07637428
0.07782073
0.076411866
0.077266864
0.0785974
0.07541117
0.08111233
0.07931746
0.073020004
0.08201395
0.08041319
0.07791817
0.08132313
0.078628264
0.07686747
0.08163693
0.07809592
0.07783275
0.08157039
0.07906918
0.07265639
0.07597451
0.08055555
0.08634687
0.07816199
0.07075161
0.07600676
0.07436382
0.07346237
0.08422393
0.07409257
0.07597139
0.07038458
0.078326605
0.078384966
0.07360507
0.07432676
0.0758395
0.07108175
0.07092956
0.079706766
0.0808763
0.07274205
0.07338189
0.082738996
0.07717351
0.075138845
0.07222435
0.07848631
0.07347302
0.07768025
0.07190365
0.07757291
0.07752397
0.070875436
0.07420095
0.081488654
0.08555691
0.07788377
0.072894454
0.07808708
0.08129537
0.07935216
0.08307423
0.07571768
0.07777086
0.07412999
0.077261694
0.079892024
0.07967609
0.079171844
0.07903619
0.07679339
0.078331664
0.07635
0.07970256
0.079865284
0.07918846
0.077109315
0.075001515
0.07393657
0.08491012
0.07747533
0.073465265
0.080289036
0.0761203
0.081774786
0.08028139
0.07572214
0.07003259
0.07261689
0.07383724
0.07728717
0.07443544
0.07542785
0.08193229
0.079969294
0.078979425
0.07190126
0.07689527
0.071648
0.07369197
0.071094856
0.074235305
0.07301913
0.07676291
0.07083546
0.07144931
0.07064007
0.07386002
0.068309784
0.08204154
0.08214776
0.07043262
0.0736705
0.06919858
0.070812695
0.07743422
0.06683125
0.07739007
0.07215219
0.072824836
0.07350928
0.07275272
0.076024584
0.079551734
0.07490943
0.07843507
0.076958954
0.0770018
0.07811258
0.071671255
0.075550675
0.081482954
0.0795007
0.080595456
0.07727055
0.07434342
0.07804617
0.07584121
0.073005125
0.07478486
0.077128425
0.075655736
0.07291564
0.077808574
0.072987325
0.07382866
0.07352911
0.07428408
0.07313197
0.077304356
0.0828853
0.07636175
0.07627022
0.07640166
0.08224975
0.074476786
0.07698836
0.070324406
0.0782327
0.082429826
0.07245669
0.0767087
0.07220106
0.07345782
0.07918849
0.07642352
0.07455933
0.07519251
0.07033446
0.06439953
0.07582433
0.07312933
0.07067109
0.07203775
0.07120029
0.070008494
0.072819434
0.070639215
0.07352682
0.07452135
0.07746375
0.07164241
0.07432971
0.07715622
0.070729285
0.070278704
0.07581313
0.07840429
0.07289518
0.07561277
0.07199378
0.0715699
0.07903241
0.081710875
0.07565414
0.06967334
0.07419063
0.07704508
0.07012129
0.07619673
0.077229604
0.079368845
0.06950734
0.080678
0.073997095
0.07653826
0.07338948
0.07961724
0.07501782
0.07688537
0.0773361
0.07479466
0.078191675
0.07605234
0.07559791
0.08052533
0.07416604
0.080768704
0.0752053
0.07557531
0.0765791
0.07231491
0.08417747
0.07811379
0.0816511
0.07971431
0.07642204
0.07616665
0.08159886
0.074202225
0.07502608
0.07627367
0.07236862
0.07991352
0.07608901
0.07007287
0.07196157
0.07587805
0.07471613
0.07557253
0.07542198
0.07224033
0.074805334
0.071157135
0.08789032
0.079794616
0.0714598
0.074364394
0.08331825
0.07403701
0.07187506
0.07358454
0.07359525
0.07631228
0.08716487
0.06473835
0.07073227
0.09025498
0.077276565
0.08152382
0.06898243
0.07610091
0.0779373
0.073932685
0.07672456
0.07241602
0.08056361
0.075720645
0.073305964
0.07678943
0.073500045
0.07192822
0.0745498
0.0737249
0.06571706
0.06663666
0.077715196
0.066803664
0.07321346
0.0719087
0.07566917
0.07166833
0.0681145
0.0663343
0.06365555
0.07468264
0.06831333
0.0671607
0.07713826
0.0720377
0.06863856
0.07607538
0.07635506
0.07526487
0.075151
0.06989839
0.06550905
0.07540717
0.073483974
0.07085621
0.072423816
0.07464394
0.06862231
0.0740332
0.07602469
0.0726573
0.06481287
0.07641275
0.07003456
0.07503519
0.070333935
0.0645322
0.06610806
0.06691703
0.07038511
0.068368964
0.07370728
0.075723976
0.07372992
0.06688718
0.080005735
0.07138133
0.068416126
0.06629711
0.07860848
0.07187035
0.070497505
0.06824043
0.07008922
0.072716564
0.0684057
0.06929366
0.06697232
0.07321808
0.06426512
0.06830314
0.07617372
0.068369985
0.0669462
0.069703735
0.07379248
0.068975404
0.086917445
0.06377656
0.070264734
0.06842391
0.07138962
0.06669078
0.0647164
0.07415075
0.06596048
0.06493533
0.069136165
0.06485711
0.07504165
0.06489165
0.0674144
0.06693353
0.074824676
0.06395076
0.07138646
0.07320424
0.0659124
0.069937974
0.07208021
0.067637496
0.06800076
0.06500279
0.06456105
0.07228367
0.07171938
0.06802371
0.070366524
0.06703121
0.07062421
0.063468985
0.06260404
0.064435035
0.06854271
0.0627529
0.060441688
0.06209317
0.0653841
0.06321491
0.06380573
0.0671671
0.064819485
0.069405854
0.06541561
0.065961085
0.065587625
0.063352235
0.06226125
0.061311934
0.06027348
0.062095303
0.06779958
0.061382324
0.059934918
0.060850255
0.061973598
0.062917545
0.06631818
0.063306116
0.061507367
0.060474515
0.05970234
0.059170846
0.05935142
0.060928434
0.06264321
0.06307847
0.0621819
0.06157307
0.0595543
0.059071254
0.056886725
0.058678407
0.05863096
0.05995697
0.061188944
0.06272312
0.061139937
0.059736457
0.058626343
0.06046667
0.060485717
0.061160494
0.060731024
0.059919972
0.057874035
0.05958227
0.06034274
0.064152956
0.06309889
0.063490316
0.05887882
0.059178762
0.059304126
0.06259825
0.06299349
0.06283481
0.06230279
0.06349307
0.062376957
0.0645678
0.06529952
0.06939937
0.06605466
0.06541149
0.06418531
0.064694755
0.062084697
0.062085394
0.06252201
0.06415723
0.06485956
0.06542713
0.06552673
0.06375807
0.061913792
0.06030194
0.06292368
0.062099565
0.063432604
0.06179683
0.063536264
0.06258583
0.06426539
0.0651177
0.06613969
0.066553414
0.06383546
0.06339741
0.060761113
0.061916932
0.06057056
0.061451044
0.060909256
0.0628958
0.064286605
0.06543195
0.0661331
0.066690445
0.065969974
0.06486168
0.06596569
0.06919675
0.0696689
0.06614644
0.06397589
0.06443358
0.065526925
0.065329015
0.06498927
0.064768344
0.06900501
0.07777423
0.06815007
0.0646692
0.06912897
0.067642994
0.067161635
0.06266108
0.06306986
0.06295268
0.06539566
0.06397759
0.06200845
0.061067753
0.062497627
0.06331203
0.06379394
0.06352809
0.062188912
0.060145494
0.058745597
0.0612242
0.064305834
0.06639738
0.06817982
0.067354634
0.06762192
0.06449642
0.06327009
0.059862547
0.062239174
0.062195204
0.063931815
0.06415296
0.06574022
0.06623883
0.06439719
0.064362004
0.06630046
0.06746367
0.06703347
0.06783023
0.067240134
0.067452684
0.06755652
0.0683724
0.06878436
0.06649845
0.068075284
0.06853194
0.06998739
0.06920669
0.07058212
0.06821717
0.06647071
0.06387687
0.06880079
0.07042319
0.07267034
0.07020456
0.07503252
0.08447678
0.07481239
0.069327615
0.06832223
0.07002501
0.070554696
0.06923931
0.070418596
0.07226435
0.07474252
0.07385425
0.07547756
0.073670566
0.07306524
0.07030886
0.06942829
0.07379913
0.08125689
0.075757
0.075284496
0.078902274
0.08053275
0.07851893
0.07615819
0.071109354
0.07352789
0.073163874
0.08157562
0.091373496
0.07709693
0.06948749
0.069883406
0.07042511
0.07063521
0.07176025
0.07238982
0.07283977
0.071961895
0.070566036
0.07039841
0.06950313
0.06902252
0.07252416
0.07274182
0.07233562
0.07089291
0.07446521
0.07500048
0.073493585
0.071040414
0.07501725
0.076174304
0.07418265
0.073777206
0.072690345
0.07505416
0.07328046
0.073906675
0.07302229
0.0713738
0.07060413
0.07037237
0.0726938
0.07052588
0.0695156
0.06671637
0.06801186
0.068780206
0.06871344
0.06941693
0.070297115
0.07149855
0.07083888
0.07072121
0.0697198
0.06852473
0.067273565
0.06592409
0.06707551
0.066301525
0.07031312
0.066036664
0.067574166
0.06525547
0.06824577
0.066556275
0.06307977
0.06620022
0.0688877
0.07492596
0.07014524
0.06820372
0.0634583
0.06595005
0.065438025
0.06732607
0.068807505
0.072281145
0.073689006
0.0734468
0.07068389
0.07140225
0.07052416
0.07413815
0.073439494
0.07390692
0.07176663
0.07075339
0.071784995
0.06915933
0.06651064
0.064743005
0.06653949
0.06771528
0.07011461
0.070191
0.070729636
0.06699786
0.065510936
0.06497976
0.06858822
0.069109574
0.07084894
0.06706296
0.07031754
0.06903277
0.071657516
0.06948694
0.06946039
0.066589296
0.06509247
0.06251779
0.06830186
0.0699136
0.07276656
0.06761618
0.067903586
0.0692377
0.067608185
0.06777787
0.06474369
0.06437767
0.06333779
0.06271391
0.06262695
0.059958044
0.06111533
0.06681233
0.069618136
0.07246072
0.06881667
0.06761612
0.06500343
0.06524297
0.06417847
0.06194416
0.060088232
0.05813434
0.060865168
0.06221525
0.06722285
0.06774382
0.067523874
0.06690534
0.062045403
0.06346822
0.062488325
0.06395153
0.064584576
0.06470277
0.06647392
0.0745974
0.07295431
0.074981876
0.06633428
0.06681599
0.06601017
0.06574224
0.065492086
0.06484597
0.06265711
0.06386433
0.06438962
0.06528009
0.06205386
0.063899934
0.065931045
0.07045022
0.06782196
0.06370845
0.06365214
0.063881196
0.067117505
0.06506143
0.06372726
0.06445597
0.06558926
0.068497926
0.06648325
0.064529695
0.061228164
0.06281639
0.06544082
0.06734509
0.06496112
0.064408265
0.06302329
0.06485653
0.06637197
0.06705907
0.0650506
0.06216258
0.06457153
0.06531664
0.06456627
0.06045659
0.06387468
0.06464331
0.06333432
0.060583904
0.06435739
0.06679388
0.069834754
0.066826664
0.06547641
0.060803127
0.06127243
0.06286425
0.06486128
0.06076902
0.06312419
0.061885666
0.06478837
0.06252312
0.06448399
0.06462216
0.06778511
0.06823532
0.06843631
0.06594148
0.067404054
0.067879975
0.07156605
0.07003308
0.06923007
0.06903076
0.07243044
0.077550955
0.07401704
0.07048353
0.06524886
0.06552371
0.06746687
0.07159679
0.07059468
0.07113259
0.068502076
0.06749172
0.06407643
0.063015774
0.06600343
0.06908566
0.07076383
0.07125276
0.07032274
0.070100054
0.0709395
0.07021133
0.07101186
0.067971155
0.06463236
0.06359805
0.06529912
0.068762645
0.06812743
0.06966226
0.06898958
0.06903891
0.06663021
0.06494167
0.06418022
0.06790313
0.0681591
0.06975875
0.06353443
0.06530805
0.0625184
0.06737267
0.06589097
0.066040896
0.06184668
0.06307676
0.06445536
0.065939486
0.067017674
0.066668436
0.069014035
0.06989093
0.07425543
0.07490667
0.07266704
0.07199898
0.0684887
0.06921808
0.06686953
0.06574911
0.06546008
0.06797788
0.071681336
0.0702756
0.067009725
0.06621913
0.06310372
0.0653279
0.06282177
0.06622804
0.06387731
0.06566734
0.065397605
0.064793535
0.06346325
0.062489115
0.06134645
0.058962002
0.06294945
0.0638207
0.06694776
0.066432774
0.066337116
0.06709496
0.065500356
0.06328808
0.06291628
0.06319731
0.0648556
0.06186915
0.05979072
0.061319828
0.06601683
0.06593785
0.06889873
0.06459291
0.06346987
0.0599689
0.059245005
0.06238487
0.062459446
0.063340746
0.06114143
0.060845565
0.05886435
0.06068355
0.061124325
0.06382186
0.06270768
0.06256574
0.06354907
0.062659815
0.06179293
0.059707418
0.057930157
0.05523288
0.05634233
0.05775368
0.059965603
0.056971032
0.0545473
0.053005975
0.05513505
0.058777142
0.06406028
0.06587095
0.0646989
0.060353715
0.05969843
0.062995754
0.06389086
0.06386077
0.05682407
0.054412547
0.05181502
0.053193122
0.057617478
0.06352582
0.06429481
0.06184119
0.058021273
0.06119907
0.061455026
0.06426356
0.06567902
0.06268329
0.05949061
0.061415505
0.06517207
0.0691699
0.065257624
0.0673664
0.066185966
0.0656528
0.061599992
0.060453493
0.061425045
0.062557355
0.062586725
0.064007506
0.06859689
0.071340315
0.07265804
0.06962948
0.0676397
0.06471427
0.061993908
0.058798093
0.058999248
0.06464174
0.0685539
0.11084697
0.19062766
0.12416406
0.08228068
0.06312129
0.060399644
0.0637373
0.069009975
0.07350893
0.06834291
0.06414249
0.06508128
0.06557544
0.06477358
0.060555093
0.063347585
0.065120816
0.064677805
0.06124164
0.06429404
0.06823516
0.068564765
0.06489373
0.06339794
0.061940186
0.060624946
0.06002374
0.06021678
0.063637845
0.06230011
0.06228918
0.060175654
0.056227524
0.05992462
0.061567016
0.06757268
0.06501728
0.06429444
0.061342172
0.06155182
0.05845876
0.06168004
0.059583925
0.06214296
0.05555016
0.058299012
0.057644524
0.0623207
0.058152057
0.05630549
0.05456285
0.058815587
0.06031582
0.060099892
0.059300743
0.058446992
0.05917233
0.057632472
0.05908386
0.06202478
0.06607439
0.06565485
0.06335588
0.061641887
0.059692882
0.057787016
0.056537867
0.05654699
0.054984275
0.0584755
0.059537373
0.06185294
0.059468795
0.06517684
0.062641986
0.06202623
0.05782573
0.06009834
0.06191453
0.059345108
0.06352032
0.06140274
0.06637788
0.0635847
0.062208395
0.060808446
0.059696693
0.063336216
0.064067975
0.062196273
0.059618372
0.056771472
0.059802167
0.057715133
0.055276353
0.055560555
0.059364896
0.06261705
0.061350893
0.060933944
0.0602816
0.05952239
0.058444086
0.058982104
0.057320803
0.05435282
0.05395849
0.05701741
0.060613133
0.06009903
0.059224803
0.057666373
0.056838214
0.055726647
0.056206807
0.058819395
0.059831385
0.058825992
0.058974646
0.06022293
0.05882795
0.057425033
0.057301085
0.0596501
0.06318357
0.062147953
0.06944038
0.065459125
0.06320494
0.05576232
0.055579398
0.05589147
0.05669714
0.05724634
0.055246294
0.055512253
0.055103924
0.057647087
0.05995377
0.061902355
0.061989833
0.059809275
0.05618207
0.05202178
0.05006329
0.050187737
0.050146665
0.050490037
0.052222107
0.053122506
0.05159545
0.051036242
0.048582163
0.049662273
0.050968844
0.052723583
0.057428673
0.05895721
0.059988998
0.060159553
0.058013093
0.055966992
0.052273903
0.052868914
0.0526487
0.054044817
0.053085476
0.054067217
0.051837146
0.051269624
0.05125515
0.050559357
0.05171681
0.051194396
0.05404556
0.053833757
0.054021694
0.05278444
0.05547136
0.053390305
0.052841906
0.051119257
0.050057895
0.048887145
0.04822287
0.04940353
0.053972043
0.05405043
0.054748733
0.05461835
0.05565322
0.051733326
0.052700598
0.050199922
0.049368728
0.048397288
0.04857864
0.048331298
0.05034235
0.05384154
0.052483927
0.0530937
0.053630114
0.052522052
0.05045371
0.049924944
0.04944557
0.049064822
0.04929792
0.049861804
0.04923875
0.050128214
0.049115736
0.04958711
0.047121644
0.04646842
0.044930566
0.04450676
0.043191127
0.043669254
0.04429787
0.043367874
0.043913547
0.046263337
0.045912243
0.048577506
0.047799505
0.047687266
0.049319874
0.04773078
0.04495272
0.045961294
0.045896202
0.04032168
0.04234892
0.04244108
0.043189667
0.044257086
0.044787385
0.042975485
0.043349203
0.04386092
0.041631177
0.04245437
0.04369674
0.043514248
0.04379536
0.044658516
0.043818146
0.043486558
0.04395271
0.042206775
0.042617988
0.041948795
0.043340143
0.041769374
0.041773163
0.04167902
0.042674415
0.04220224
0.04359759
0.043797147
0.042970162
0.044398345
0.04699612
0.047080223
0.046775274
0.04698147
0.048806544
0.04574569
0.046323307
0.048563655
0.049435742
0.04969779
0.05299798
0.051497295
0.05232833
0.053543985
0.050263084
0.047552094
0.04912343
0.04630877
0.04584951
0.044422366
0.044741116
0.044478636
0.04576398
0.04318657
0.043986455
0.043115135
0.043479465
0.044188928
0.047755167
0.0500391
0.052663077
0.051884856
0.050202128
0.048594087
0.0479081
0.045296513
0.047120154
0.04709959
0.046932932
0.048764247
0.051422596
0.052029014
0.054851014
0.055252865
0.056102846
0.056403957
0.055029813
0.054705955
0.0555371
0.052020393
0.052984633
0.053948082
0.052626714
0.05156888
0.055359747
0.051046338
0.049188636
0.04925382
0.049461093
0.04836529
0.050823666
0.052948102
0.05413264
0.054204267
0.053356245
0.053439893
0.052326947
0.05207981
0.050445978
0.053519193
0.053978216
0.053483993
0.05364927
0.054299198
0.051104255
0.04999941
0.049467117
0.050237123
0.051778764
0.050934188
0.049954746
0.04844595
0.046251856
0.047198154
0.045421835
0.044794466
0.04636283
0.0456621
0.045398828
0.043570995
0.0447864
0.046487007
0.04930507
0.052282806
0.053027958
0.052970227
0.050872758
0.04703127
0.045649905
0.04663283
0.04565767
0.048072487
0.04943217
0.051522776
0.051110636
0.047568593
0.047707267
0.046357464
0.046268594
0.04831013
0.049061127
0.050833043
0.050721325
0.050098177
0.050557714
0.05316101
0.05290861
0.05211439
0.054475505
0.056221467
0.055450846
0.054754764
0.05358794
0.05643498
0.052630935
0.054275256
0.055121366
0.05804309
0.055550992
0.05615535
0.05386906
0.05296669
0.050022233
0.05116071
0.053081844
0.051362474
0.052386604
0.055190448
0.05667726
0.054192618
0.059720296
0.059210394
0.05958712
0.056139696
0.058035273
0.055339936
0.057692833
0.055512
0.056021877
0.057435658
0.059552744
0.05831435
0.06003384
0.06015035
0.05867876
0.05549965
0.05469278
0.054593757
0.056615368
0.05837465
0.057702824
0.058585238
0.056678466
0.0537207
0.05290179
0.05007754
0.051809426
0.052373707
0.055259924
0.059455596
0.060490813
0.06309025
0.06298677
0.06285548
0.062169317
0.063268185
0.06453545
0.06462383
0.06683146
0.06607678
0.06390726
0.06371628
0.06242116
0.06083632
0.0621767
0.06262535
0.060437713
0.06138496
0.060466185
0.05767395
0.05803425
0.058805317
0.05839226
0.058043852
0.061550077
0.062154125
0.06297715
0.06414488
0.0622141
0.059817012
0.061661884
0.06306898
0.06140055
0.06352194
0.06348856
0.060853925
0.06098244
0.063704975
0.064145856
0.065223955
0.06584334
0.06450803
0.06366297
0.06175018
0.06109854
0.06151434
0.061162855
0.061311014
0.06234577
0.061285116
0.062046967
0.061423622
0.05983265
0.05877932
0.060848307
0.059484586
0.059693336
0.05635803
0.055446893
0.054293472
0.051888477
0.050470017
0.050159637
0.05318035
0.053097624
0.05234053
0.0531274
0.053343676
0.05454985
0.054126777
0.05806657
0.061170857
0.05993308
0.060537554
0.0590991
0.054863587
0.054288894
0.048767824
0.049794596
0.04880021
0.047783893
0.048020348
0.048551984
0.051080123
0.051934615
0.051930126
0.05108167
0.052571617
0.053901795
0.05411154
0.05144817
0.04856423
0.04707172
0.047443274
0.047592364
0.046426564
0.04662613
0.048124466
0.049783185
0.05129456
0.050522543
0.04906179
0.051130496
0.049748134
0.04879166
0.049385585
0.048710335
0.04934924
0.04981627
0.051499367
0.05276534
0.052382454
0.05371993
0.05274606
0.052908514
0.056439124
0.053584784
0.05357074
0.053904954
0.05115668
0.051753547
0.05060261
0.045295887
0.04630418
0.046782393
0.04545211
0.04432732
0.046400245
0.04771943
0.048405323
0.04711569
0.04679966
0.045916475
0.0481986
0.04947606
0.046393532
0.049290188
0.049189247
0.049002737
0.047981497
0.047166266
0.049238414
0.050296802
0.05029884
0.05314804
0.05271978
0.053950273
0.053951763
0.05332327
0.05358648
0.051465265
0.048734464
0.050152265
0.048937336
0.04768756
0.046971925
0.046590347
0.046994943
0.048541084
0.048017874
0.048827343
0.050288025
0.054523014
0.05395563
0.05416299
0.052783098
0.055956833
0.055659637
0.053980432
0.053492334
0.05274312
0.05202298
0.054492358
0.05247118
0.052177772
0.05154722
0.05033642
0.050633345
0.05118208
0.049525857
0.04833772
0.04667282
0.0466105
0.04682305
0.048633434
0.04892155
0.05066821
0.05040634
0.04932238
0.05213608
0.052100338
0.051635165
0.04997567
0.0477864
0.047586884
0.049003534
0.049376298
0.048316516
0.050264623
0.052967623
0.054182183
0.05328119
0.054537106
0.052435387
0.052540604
0.054807905
0.052322365
0.052725386
0.053404253
0.051870856
0.051987328
0.05355173
0.052758455
0.053474385
0.053960215
0.054684274
0.05726617
0.056052703
0.056269147
0.055351023
0.05382968
0.05372875
0.054661006
0.054021448
0.055477556
0.054094654
0.05521041
0.05551055
0.05602375
0.057458136
0.055330742
0.053670425
0.05104283
0.051906135
0.051148828
0.050977767
0.051735688
0.04984905
0.05004428
0.050803524
0.050741334
0.054012097
0.05385091
0.056324128
0.054469813
0.054154135
0.05573023
0.056774132
0.05473568
0.05347004
0.052834958
0.05262072
0.054851737
0.054722324
0.05520053
0.053873897
0.054814983
0.05610698
0.057800688
0.05788521
0.05875529
0.059157506
0.059576854
0.05941634
0.06080008
0.06042648
0.060173552
0.05885592
0.057856224
0.056157544
0.056367174
0.056325562
0.055041883
0.052961744
0.05146897
0.051878333
0.05224736
0.05139779
0.05177766
0.04824554
0.04901121
0.048596445
0.0508371
0.051226854
0.05092542
0.050586563
0.048499234
0.045500435
0.045567427
0.045628067
0.044446327
0.043144163
0.04144214
0.04071664
0.039662257
0.04096613
0.0419019
0.042545736
0.044160675
0.042767357
0.043896966
0.044404488
0.045606323
0.045644213
0.0461591
0.04697789
0.044703126
0.0458044
0.04466748
0.04639759
0.04742707
0.046594217
0.046814803
0.047307506
0.047854856
0.047615703
0.04677737
0.04620401
0.044391233
0.045815095
0.044369306
0.04437005
0.04450528
0.04355372
0.04245551
0.041126326
0.040809337
0.04087919
0.040705968
0.040921528
0.041192807
0.040499523
0.039199613
0.038617503
0.037951186
0.038265888
0.03933015
0.039582904
0.039902832
0.03948579
0.038920727
0.03962192
0.039362278
0.039965414
0.04072096
0.041436132
0.041154124
0.04287365
0.043588266
0.043151587
0.043158196
0.044583417
0.04612296
0.047250215
0.04789103
0.04684643
0.048525997
0.047953036
0.049194973
0.04708073
0.046499923
0.046279486
0.04704355
0.046270754
0.043854147
0.042553585
0.04311978
0.044599243
0.043036155
0.04471704
0.04421637
0.045116976
0.044906173
0.045870446
0.0462004
0.04572069
0.048166998
0.049322415
0.050222233
0.04961283
0.049202133
0.04845716
0.047309283
0.04674623
0.046664465
0.048383787
0.050645012
0.051237818
0.052805457
0.051374286
0.052338284
0.05307233
0.05409993
0.054802764
0.05461864
0.055237133
0.05651113
0.054876167
0.052552298
0.052340098
0.053237483
0.052635312
0.0541239
0.055377718
0.05451742
0.055302396
0.054743692
0.052372757
0.052125253
0.052671812
0.05217803
0.05203544
0.0514431
0.050448988
0.049179163
0.04786602
0.050205093
0.05097187
0.051907383
0.05503008
0.055770393
0.05685163
0.059484057
0.058716267
0.058558956
0.05931874
0.05958497
0.06038682
0.058066193
0.057034206
0.05894171
0.057725914
0.05851066
0.056490205
0.054337636
0.056205172
0.057554178
0.05916064
0.058298167
0.059003815
0.060650457
0.0589384
0.057593398
0.058842048
0.05704236
0.059251174
0.060815852
0.06132428
0.06055464
0.06101392
0.0606004
0.062131044
0.06351498
0.0656464
0.06717727
0.0663147
0.06918143
0.0692156
0.0681518
0.07049497
0.07097137
0.07341672
0.0742697
0.073979065
0.07265458
0.07193833
0.07298442
0.06963762
0.06950268
0.06787736
0.06581111
0.06634616
0.06496812
0.06514809
0.06483059
0.06102062
0.06039384
0.058989905
0.057578452
0.05800518
0.058214452
0.05880525
0.057978366
0.05830913
0.056269147
0.05768885
0.056733884
0.05669231
0.058223315
0.058651663
0.05927815
0.06014522
0.06078516
0.06026836
0.060337547
0.05969658
0.05768425
0.058072396
0.0604611
0.061110955
0.06145909
0.060485102
0.06021096
0.061094113
0.060539167
0.060203034
0.059732944
0.060733132
0.06220431
0.063570306
0.06424705
0.062349595
0.06045536
0.05860921
0.059366975
0.059384935
0.060228024
0.060618658
0.06139326
0.061674915
0.06137936
0.060090758
0.059501637
0.061087105
0.060718536
0.060899552
0.05982811
0.05999678
0.061138436
0.059665054
0.059664324
0.05988991
0.059477456
0.0579195
0.0578903
0.058917504
0.05752631
0.056000244
0.056319576
0.056436
0.056396373
0.05608314
0.056740973
0.05682046
0.05803729
0.057825986
0.056083485
0.055221602
0.05401609
0.053399734
0.05310602
0.052110124
0.053083017
0.05415387
0.052744426
0.052894175
0.050922103
0.049316242
0.04922111
0.048647016
0.04740068
0.046450324
0.044779632
0.043733954
0.04475546
0.04441247
0.043413386
0.04426493
0.044793736
0.04404963
0.045572538
0.044568833
0.04353804
0.043070786
0.042826436
0.04299559
0.04314686
0.04336407
0.04367385
0.044658076
0.045494832
0.04508566
0.0460614
0.04808824
0.047612827
0.046893433
0.046678826
0.048281483
0.048026092
0.047811046
0.048293717
0.047031097
0.047947396
0.04929118
0.048844818
0.049778175
0.05141321
0.051561095
0.05071516
0.05009936
0.04838951
0.047054566
0.04758727
0.047711533
0.04739974
0.045971584
0.04524067
0.04379427
0.043667242
0.043570623
0.04202902
0.040777806
0.04043697
0.040048778
0.039936267
0.039601725
0.038678374
0.037935067
0.03836904
0.03854739
0.037226535
0.037636954
0.03776504
0.037705325
0.038736075
0.0395435
0.039398268
0.03846702
0.03934942
0.039882593
0.04012869
0.039779138
0.041314736
0.041568622
0.04146574
0.041296784
0.042192623
0.042289414
0.042238183
0.041418537
0.04197107
0.042163868
0.042752165
0.04168909
0.041652463
0.041397728
0.042592693
0.04231366
0.04221887
0.041774318
0.041420903
0.040293194
0.040012777
0.039491035
0.03964152
0.039910514
0.039539658
0.03896491
0.039156403
0.03897931
0.03827348
0.03797986
0.03812223
0.03875345
0.03817454
0.037430514
0.036635745
0.036746897
0.036065944
0.035776056
0.035692483
0.03574895
0.03554622
0.036327712
0.036709584
0.035959642
0.03627353
0.03572268
0.03548273
0.03571578
0.035786457
0.036513295
0.03621824
0.037363365
0.037510958
0.03698118
0.037408553
0.03702744
0.038008
0.0380892
0.03894019
0.040192053
0.039353337
0.03882898
0.038402233
0.038627073
0.038754903
0.04011483
0.0406702
0.041515842
0.04182017
0.041436203
0.040973473
0.040265903
0.04030555
0.041677937
0.04053841
0.039944284
0.04013747
0.039293982
0.039600007
0.040104665
0.040302165
0.039796513
0.039833132
0.03982326
0.040417064
0.039587222
0.04009368
0.039998993
0.04041025
0.040551387
0.04095942
0.041540522
0.04163801
0.041905183
0.042508557
0.041862678
0.04150476
0.040815674
0.04064401
0.04100399
0.041853942
0.042511344
0.04173295
0.041646283
0.04197915
0.0424212
0.04208521
0.041514315
0.041947946
0.042526577
0.04250024
0.043272376
0.043000907
0.042930655
0.043009594
0.043141183
0.041879106
0.040807884
0.041126918
0.040308457
0.03965812
0.039624907
0.039686266
0.039275933
0.03946115
0.040016454
0.039677996
0.039474607
0.039258964
0.03872524
0.038186632
0.03840009
0.03900784
0.038595468
0.039236333
0.03919773
0.03944448
0.03986673
0.040350333
0.039997157
0.040085137
0.040226653
0.04050123
0.04081686
0.04138245
0.04177339
0.04238969
0.041802287
0.04217584
0.041550376
0.041777194
0.041724358
0.042132962
0.04269805
0.04406679
0.044866487
0.04481478
0.04514591
0.045518372
0.046308395
0.04706341
0.047324125
0.047704004
0.048182487
0.047899038
0.047288965
0.046523187
0.04494158
0.044637803
0.04389148
0.043433636
0.04302852
0.043278366
0.042144977
0.041403547
0.0405485
0.04050504
0.040649567
0.039716616
0.039530337
0.039414853
0.03852615
0.038232185
0.037525903
0.037592705
0.03729689
0.036468763
0.036355335
0.035671066
0.035722584
0.03521189
0.034816615
0.03475841
0.03465426
0.03458676
0.034231987
0.033748552
0.033705994
0.033097986
0.033103447
0.032890525
0.032826204
0.032561287
0.03224175
0.031656813
0.031274546
0.030998066
0.030704327
0.03026731
0.029872857
0.029412117
0.028891684
0.028554738
0.02802775
0.027800905
0.027399136
0.026926737
0.026571067
0.026141772
0.025732756
0.025342766
0.02497066
0.024615387
0.024275977
0.023951542
0.023641255
0.023344358
0.023060147
0.02278797
0.02252722
0.022277337
0.022037795
0.02180811
0.021587826
0.02137652
0.021173798
0.020979287
0.020792644
0.020613546
0.020441687
0.020276785
0.020118572
0.019966798
0.019821228
0.019681642
0.019547831
0.019419603
0.01929677
0.019179164
0.01906662
0.018958986
0.018856118
0.018757882
0.01866415
0.0185748
0.018489726
0.018408816
0.018331977
0.01825911
0.018190132
0.018124962
0.018063521
0.01800574
0.017951552
0.017900897
0.017853715
0.017809955
0.017769571
0.017732514
0.017698748
0.017668232
0.017640937
0.01761683
0.017595889
0.017578088
0.01756341
0.017551841
0.017543366
0.017537978
0.017535668
0.017535668
0.017535668
0.017535668
0.017535668
0.017535668
0.017535668
0.017535668
0.017535668
0.017535668
0.017535668
0.017535668
0.017535668
0.017535668
0.017535668
0.017535668
0.017535668
0.017535668
0.017535668
0.017535668
0.017535668
0.017535668
0.017535668
0.017535668
0.017535668
0.017535668
0.017535668
0.017535668
0.017535668
0.017535668
0.017535668
0.017535668
0.017535668
0.017535668
0.017535668
0.017535668
0.017535668
0.017535668
0.017535668
0.017535668
0.017535668
0.017535668
0.017535668
0.017535668
0.017535668
0.017535668
0.017535668
0.017535668
0.017535668
0.017535668
0.017535668
0.017535668
0.017535668
0.017535668
0.017535668
0.017535668
0.017535668
0.017535668
0.017535668
0.017535668
0.017535668
0.017535668
0.017535668
0.017535668
0.017535668
0.017535668
0.017535668
0.017535668
0.017535668
0.017535668
0.017535668
0.017535668
0.017535668
0.017535668
0.017535668
0.017535668
0.017535668
0.017535668
0.017535668
0.017535668
0.017535668
0.017535668
0.017535668
0.017535668
0.017535668
0.017535668
0.017535668
0.017535668
0.017535668
0.017535668
0.017535668
0.017535668
0.017535668
0.017535668
0.017535668
0.017535668
0.017535668
0.017535668
0.017535668
0.017535668
0.017535668
0.017535668
0.017535668
0.017535668
0.017535668
0.017535668
0.017535668
