2095.1338
708.50745
327.31653
232.16959
182.93546
151.78719
129.83018
113.00626
100.004944
89.52488
80.916374
73.65925
67.69653
62.277157
57.636955
53.738926
50.206924
46.820263
43.958374
41.36767
39.149227
36.915485
35.022617
33.210045
31.534346
30.087784
28.883211
27.429926
26.555964
25.56274
24.25157
23.364285
22.519453
21.451115
20.682505
19.89082
19.172947
18.528639
18.127918
17.390097
16.678722
16.277498
15.672691
15.249012
14.759065
14.340425
14.091903
13.638154
13.137725
12.737643
12.413375
12.092448
11.777077
11.629504
11.347991
10.868904
10.567057
10.362692
10.138084
9.917309
9.674682
9.607123
9.297522
9.015821
8.825002
8.624963
8.457047
8.366823
8.157428
7.984588
7.7769613
7.6995573
7.526551
7.3240433
7.1779156
7.071295
6.947617
6.857236
6.6955585
6.5629106
6.474384
6.3277273
6.18891
6.097083
6.01402
5.927188
5.8294663
5.7569
5.643458
5.652605
5.5006385
5.371213
5.2967024
5.242829
5.183654
5.080576
4.9860954
4.946317
4.8753853
4.803862
4.7265196
4.685641
4.6076136
4.561258
4.5093575
4.5014253
4.416706
4.328337
4.278036
4.2165136
4.188697
4.132862
4.1289124
4.018757
4.005336
3.9676538
3.9006653
3.825226
3.8197465
3.7606196
3.6921327
3.699875
3.6049836
3.6032038
3.641377
3.5138087
3.4712465
3.466294
3.431953
3.3817575
3.3397753
3.3446372
3.2878156
3.265538
3.240691
3.20525
3.1855285
3.154535
3.1422472
3.1121938
3.0640748
3.014153
2.9986753
2.9872236
2.9561772
2.9173937
2.9009752
2.8727052
2.854594
2.8365588
2.816776
2.7783759
2.770416
2.7399223
2.7206752
2.7088437
2.684621
2.6543605
2.6420026
2.6280675
2.595971
2.5969815
2.549366
2.536873
2.576057
2.5201705
2.514784
2.4912643
2.4953456
2.463167
2.431037
2.4099996
2.387194
2.3985608
2.3905647
2.3666055
2.3800137
2.3336198
2.396522
2.369986
2.2908983
2.281776
2.2782722
2.2558868
2.2616959
2.2258787
2.1985474
2.1998668
2.1919777
2.1721914
2.1562352
2.1415484
2.1182058
2.1012032
2.0851896
2.0899043
2.0670152
2.0544896
2.0408385
2.0337806
2.022016
2.0074303
1.9906706
1.9930649
1.9738529
1.9710832
1.9565979
1.9381973
1.934019
1.9374237
1.9112933
1.9021066
1.8913414
1.8937315
1.8856293
1.8685352
1.856843
1.859014
1.854473
1.8492072
1.8254737
1.8225986
1.824682
1.8054484
1.792196
1.7873241
1.7839013
1.7706188
1.7784289
1.7983625
1.7661287
1.7469033
1.7437879
1.733895
1.7301931
1.7179579
1.7272218
1.7079083
1.7082082
1.6975503
1.6925665
1.6941862
1.6874466
1.6832894
1.6789304
1.6596875
1.6661279
1.6673536
1.6653949
1.6313522
1.6381061
1.6357017
1.6218079
1.6184744
1.6144869
1.6070163
1.605829
1.6070529
1.595768
1.5902882
1.595521
1.5847396
1.572376
1.5773247
1.5711467
1.5911505
1.562904
1.5580802
1.5475264
1.5548892
1.5470918
1.5487165
1.5552222
1.5325081
1.5363518
1.527571
1.5382165
1.5247638
1.5334765
1.5312865
1.5465404
1.5093248
1.5148466
1.5259844
1.5123787
1.5229287
1.512181
1.517807
1.5085726
1.5070169
1.494604
1.5009489
1.4896193
1.4836522
1.4900662
1.4739789
1.4766973
1.4780939
1.4777349
1.4605715
1.4776143
1.4515238
1.4587291
1.4496262
1.4599093
1.446279
1.4325918
1.4307766
1.4265909
1.4239442
1.4374098
1.4176307
1.4132392
1.4127125
1.4132314
1.4141017
1.4165124
1.4075258
1.4104159
1.4177997
1.398263
1.3992234
1.4018129
1.4039888
1.3959684
1.3831233
1.3921838
1.3969172
1.3844866
1.3928832
1.3870338
1.3811412
1.3762273
1.3625088
1.3589301
1.3591043
1.358286
1.3542306
1.3625673
1.3611015
1.3492616
1.3453729
1.3569508
1.3523215
1.3459903
1.3593127
1.3471432
1.343444
1.3407649
1.3364894
1.3326305
1.3334811
1.3219677
1.3329381
1.3241373
1.3303235
1.32035
1.3238071
1.3053532
1.3047339
1.3174365
1.3035424
1.2969701
1.3064251
1.3003987
1.2990648
1.2898923
1.2990233
1.3011125
1.2867817
1.2914767
1.2848274
1.2823336
1.2748151
1.266621
1.2753373
1.2730316
1.2806479
1.2674874
1.2689455
1.2723638
1.2705516
1.2602866
1.2636087
1.2744006
1.2623467
1.2681822
1.2681642
1.2635316
1.2654086
1.2535697
1.2498503
1.2588615
1.2481005
1.246437
1.2510368
1.2380543
1.2502955
1.2282814
1.2365532
1.2308161
1.2347611
1.2362196
1.226843
1.2196852
1.2278447
1.2203758
1.2226022
1.2153244
1.2208935
1.2229812
1.2072822
1.204471
1.2114573
1.1946496
1.2054658
1.2109835
1.2009825
1.2054627
1.194417
1.191906
1.1903087
1.1871135
1.1887748
1.1776496
1.1808736
1.186787
1.1929339
1.1757275
1.1799089
1.1705514
1.1736833
1.1759796
1.1630995
1.1575452
1.1614468
1.1600266
1.1515895
1.1609832
1.1543989
1.1634029
1.1538302
1.1570352
1.1557046
1.1522663
1.1484631
1.1436825
1.1424882
1.1474205
1.1483761
1.1313033
1.1404414
1.1399796
1.1345052
1.1224505
1.1358501
1.1318607
1.1314297
1.126136
1.1241356
1.1308749
1.1258179
1.1128345
1.1268682
1.1188731
1.1136168
1.1173458
1.109717
1.1157236
1.1154195
1.1087536
1.1190265
1.1106975
1.100019
1.1053998
1.1036633
1.1014872
1.1025107
1.0930398
1.0961801
1.1029426
1.1076001
1.1133177
1.1233602
1.1050246
1.0965985
1.1014711
1.1020086
1.0999583
1.1005429
1.110897
1.0928792
1.0900996
1.0901369
1.0972489
1.0999957
1.085113
1.0977396
1.0957355
1.0946176
1.0858792
1.089125
1.0965959
1.0914243
1.099885
1.0978177
1.097383
1.0812341
1.089055
1.0860621
1.0773193
1.0823021
1.0838611
1.1327919
1.0897665
1.0928683
1.0850301
1.084522
1.090673
1.0894806
1.0884349
1.0833428
1.084185
1.0873842
1.0813023
1.0713518
1.1035569
1.0768836
1.0756054
1.0662986
1.0783894
1.0681428
1.0796837
1.0603688
1.0732753
1.0716573
1.0750111
1.0660093
1.0649372
1.0666788
1.0708557
1.0620723
1.0647876
1.0588154
1.065192
1.0589206
1.0687302
1.0710263
1.0705181
1.0586292
1.0568045
1.0713415
1.054092
1.0577857
1.0614109
1.06658
1.0627295
1.0711552
1.0644275
1.0606059
1.0658482
1.0690231
1.0671325
1.0598599
1.0605922
1.0657399
1.0691872
1.069744
1.0694809
1.0731795
1.0632764
1.0614706
1.0601301
1.0701146
1.0638139
1.0653262
1.0680996
1.0649183
1.0720948
1.0612668
1.0657693
1.0683637
1.0586957
1.0535609
1.0616554
1.0679289
1.0595608
1.0683404
1.0538836
1.0590781
1.0461248
1.0571995
1.0510786
1.0561552
1.0507501
1.0545475
1.0569313
1.057632
1.0445337
1.045712
1.0515611
1.0509001
1.0576744
1.0514532
1.0519445
1.0562664
1.0426692
1.0452744
1.0504644
1.0461944
1.0506804
1.0456275
1.0370452
1.0423312
1.0379262
1.0459024
1.026929
1.0362918
1.043034
1.0367728
1.0423126
1.0286012
1.0322865
1.053364
1.0339166
1.0300926
1.0434433
1.0453342
1.0242188
1.0273408
1.0250773
1.0350397
1.029683
1.0280846
1.0256943
1.0223575
1.0283824
1.0209907
1.019353
1.0308881
1.0249039
1.0135416
1.0165023
1.0130341
1.0076462
1.0167587
1.0106987
1.0078802
1.0108101
1.0160841
1.0124955
1.0165664
1.02157
1.0068895
1.0133867
1.0187751
1.0074961
1.0145664
1.0072519
1.0060695
1.0084624
1.0114805
1.0112346
1.0072287
1.0052205
1.0105155
1.0145768
1.0160748
1.0060041
1.0082793
1.0087743
1.0101118
1.0094396
1.01507
1.0004191
1.0197395
1.0067091
1.0102179
1.0063607
1.0082608
1.0052431
1.0051042
1.0030752
0.99987906
1.0159614
1.0019745
1.0042063
1.0102767
1.0025142
1.0071295
1.0022584
1.0077502
1.0096257
0.9943298
0.9926338
1.0044626
1.0008903
0.99798465
0.9983552
1.0006386
1.0020871
1.0093507
1.0020771
0.9966084
0.9955482
0.99140286
0.994619
1.0054877
1.0084298
1.0031604
0.99974734
1.0100268
1.0074658
1.0007478
0.9928076
0.98837
0.99455416
0.999621
0.9898785
0.9951604
0.9953051
1.0029832
0.9768828
0.9935371
0.97962505
0.99409854
0.98580015
0.9889969
0.9868094
0.987709
0.9890949
0.9775163
0.9791696
0.9859566
0.9920486
0.9776397
0.98320633
0.9845024
0.98222923
0.97740674
0.97540563
0.97372025
0.9776617
0.97394943
0.97735465
0.97123957
0.9841223
0.9732333
0.97428745
0.97154284
0.9718012
0.9690712
0.9706981
0.96394366
0.96797794
0.96472806
0.95515597
0.95792073
0.9660216
0.9648091
0.95831454
0.9579935
0.96548194
0.965903
0.9668153
0.9604214
0.9494037
0.95872784
0.95811576
0.95519036
0.9514024
0.9581996
0.9520735
0.9521193
0.95175916
0.9561611
0.9410855
0.95126086
0.9548531
0.94627374
0.9355746
0.95054126
0.9532737
0.9473241
0.9438518
0.9503628
0.9492694
0.9480149
0.95832413
0.95387983
0.9440782
0.95795804
0.9531004
0.9510036
0.9457628
0.94090575
0.9461227
0.9453045
0.94604915
0.94981116
0.94087166
0.9392779
0.9466952
0.9435237
0.9401624
0.9448687
0.9479516
0.943056
0.94595736
0.94382906
0.95107967
0.9470563
0.9430216
0.9412546
0.93919843
0.9489167
0.943535
0.9385781
0.94027054
0.94029504
0.94430774
0.9517375
0.94176066
0.9515822
0.941186
0.943338
0.95038134
0.94025457
0.9458987
0.9381604
0.93147147
0.9412894
0.9376185
0.93379956
0.93772787
0.9374057
0.92955744
0.9350168
0.94089586
0.9354316
0.93821007
0.9330847
0.930855
0.9280593
0.9284607
0.92581654
0.9377181
0.93351954
0.92103344
0.92373365
0.91779906
0.92205316
0.91841745
0.92213714
0.9220029
0.91714597
0.91871226
0.9198069
0.919002
0.92034334
0.9120029
0.9121045
0.9164288
0.91496587
0.9160639
0.9078451
0.9141526
0.9174519
0.9018815
0.9137667
0.91447973
0.9173167
0.911634
0.89977974
0.89929247
0.90658796
0.902219
0.8987424
0.90200657
0.90951335
0.8964221
0.8926623
0.8932141
0.90349334
0.89764726
0.90625393
0.88736963
0.8921952
0.8933518
0.8965417
0.8919267
0.88289917
0.88961893
0.89158195
0.8940158
0.8849245
0.8853981
0.879239
0.8832969
0.8834049
0.8918984
0.8864985
0.8903962
0.8785739
0.87441945
0.8885096
0.8740605
0.8831684
0.88780546
0.89212906
0.87984055
0.8810856
0.880666
0.8809581
0.88227797
0.88368577
0.87063223
0.870716
0.87798303
0.87476075
0.8813969
0.87527066
0.8733695
0.87697095
0.8777801
0.87501895
0.86983365
0.8826438
0.88117343
0.872901
0.87386477
0.8705849
0.8784776
0.86592036
0.87457675
0.8731206
0.86206275
0.87199754
0.87306714
0.8656042
0.8778762
0.8735498
0.86230624
0.86513156
0.8614668
0.87096924
0.866476
0.871741
0.87200516
0.8571334
0.86576545
0.8606513
0.8552234
0.85803384
0.86172533
0.8652907
0.8591348
0.8681472
0.8648962
0.859379
0.8504557
0.8596284
0.84248614
0.85608345
0.8474489
0.84396106
0.8441076
0.8558131
0.8503346
0.8459009
0.8423158
0.8479643
0.85172725
0.8500157
0.85118186
0.8479969
0.84635943
0.8574628
0.8425003
0.86203575
0.8550911
0.84437335
0.84513664
0.85133237
0.85215855
0.85403925
0.861583
0.851289
0.8493944
0.84210205
0.8528905
0.85489476
0.8532005
0.8420016
0.8498931
0.85509217
0.84872794
0.85814404
0.85335314
0.8399537
0.84534824
0.8498572
0.8451473
0.84386474
0.84840125
0.847288
0.84670985
0.84727347
0.84645134
0.8551315
0.8498418
0.8571916
0.8414613
0.84959644
0.8442253
0.8529953
0.84583277
0.84978664
0.85208994
0.8509906
0.846903
0.84800065
0.8521904
0.8503838
0.8414764
0.84580874
0.83372986
0.845122
0.855121
0.84109265
0.84569824
0.8472594
0.845828
0.8447997
0.8424194
0.8496746
0.84520966
0.8448428
0.8502296
0.84640634
0.85151917
0.8474052
0.84615254
0.84798926
0.8411453
0.82793945
0.84837294
0.8265431
0.84118396
0.8391084
0.8382884
0.8385972
0.8451613
0.8476206
0.83097637
0.8372943
0.8340929
0.8282029
0.834603
0.8323866
0.8310821
0.83429456
0.8358867
0.8306348
0.83169925
0.8284802
0.8282895
0.83483434
0.8337911
0.8289176
0.8286994
0.828064
0.8235128
0.8260929
0.8279508
0.8112427
0.81463915
0.8336047
0.81393456
0.81427693
0.81779265
0.81290215
0.8116099
0.82210726
0.81134975
0.8225039
0.8143963
0.8126795
0.8111551
0.81858003
0.8109521
0.8148343
0.81139827
0.8209062
0.80993843
0.81902146
0.8183555
0.8197761
0.8144194
0.8160433
0.8130654
0.81196505
0.81196547
0.81310207
0.8245736
0.81586456
0.8082497
0.8181671
0.815867
0.8174233
0.8118322
0.81235033
0.81210667
0.81082714
0.8122328
0.8146732
0.8189977
0.8113025
0.80884707
0.8144652
0.8104453
0.80801916
0.81325793
0.8081124
0.8042716
0.8046971
0.81567574
0.8093545
0.8112996
0.80950624
0.7994543
0.808773
0.809483
0.8107386
0.7974393
0.79976386
0.8039042
0.8109886
0.81555533
0.82016915
0.8105293
0.807218
0.7939441
0.8020318
0.8137407
0.8000949
0.8038369
0.79782134
0.8125111
0.8023091
0.8082651
0.8044912
0.8041413
0.808604
0.81207305
0.80602676
0.80538535
0.8165995
0.80969346
0.80769324
0.8095185
0.8048376
0.81167847
0.81572026
0.80726445
0.8087935
0.8048663
0.801008
0.8040965
0.8058331
0.8081859
0.79777133
0.80519587
0.7977796
0.8026124
0.8088985
0.7958781
0.78998816
0.7882183
0.79625356
0.7997123
0.7935399
0.7871767
0.7819397
0.78655064
0.7882875
0.7928121
0.784417
0.778638
0.7823795
0.7916607
0.78199595
0.7816325
0.78624785
0.78253245
0.78261596
0.7774333
0.786685
0.77745426
0.77979887
0.77910554
0.77955824
0.77932537
0.7767493
0.7663324
0.77379435
0.77918524
0.77338964
0.7703239
0.7758936
0.77531755
0.765186
0.76668626
0.76707757
0.7661277
0.773918
0.78324926
0.76915365
0.7654561
0.7661943
0.7658837
0.76228505
0.7645409
0.7646089
0.75399053
0.7529546
0.75489026
0.7590753
0.76079434
0.75415766
0.75550354
0.7493409
0.7478987
0.7477582
0.7492121
0.74807906
0.745966
0.74533033
0.7530298
0.74653256
0.75005925
0.7501485
0.7439533
0.74605507
0.743471
0.74238646
0.74690855
0.7436748
0.7428851
0.74869615
0.7392979
0.7441075
0.7372665
0.74468285
0.7480391
0.74713904
0.75176805
0.7441595
0.7356346
0.7496022
0.74426806
0.7420792
0.7524858
0.7417761
0.74002284
0.743706
0.739607
0.73409945
0.7351875
0.74748445
0.74952275
0.7422788
0.7458464
0.74856925
0.73478526
0.7413387
0.7414497
0.7458985
0.7471938
0.74556625
0.7426587
0.7524325
0.74677455
0.74484897
0.7473028
0.7428667
0.74650556
0.74289906
0.74146837
0.75738734
0.7514394
0.76430637
0.7593729
0.74633837
0.744841
0.74695086
0.75220424
0.7455492
0.74132097
0.7503246
0.7525845
0.7447656
0.74528193
0.74115705
0.75230384
0.7482248
0.74947655
0.7434528
0.75200486
0.7564643
0.74841815
0.75130683
0.74436563
0.7512431
0.7379773
0.74549
0.7402666
0.7509405
0.74205524
0.7383731
0.7417023
0.73615503
0.73990345
0.7452965
0.7415622
0.74405086
0.73957986
0.7327427
0.7441081
0.74525076
0.7437798
0.7413718
0.7420893
0.74612194
0.73775107
0.7329148
0.73545367
0.73283523
0.73262966
0.7397043
0.73401093
0.73409647
0.7369191
0.7307153
0.73359627
0.73551923
0.73039186
0.73125
0.7308093
0.73693943
0.7328759
0.73077005
0.73625153
0.72146666
0.7258105
0.7315631
0.72539973
0.72683066
0.7335933
0.729742
0.73191214
0.72468364
0.7348672
0.7258469
0.7282013
0.7297582
0.7269299
0.73051864
0.72347134
0.7288767
0.7258074
0.7222392
0.7223268
0.7305758
0.7257234
0.7347501
0.7218678
0.726516
0.72809017
0.7255894
0.71585035
0.7181039
0.72066927
0.72618455
0.7144523
0.7200546
0.72657645
0.72233695
0.72797096
0.7239291
0.73090947
0.7212204
0.7161153
0.7214422
0.7359775
0.7130721
0.7235116
0.7186589
0.7255883
0.71907943
0.71825266
0.71864474
0.72670734
0.7274749
0.71807003
0.7055176
0.7265577
0.72355986
0.72707343
0.7302264
0.71968853
0.72576416
0.72498685
0.7144018
0.7266312
0.73208356
0.72059983
0.7219183
0.71880543
0.7241987
0.72538006
0.7244806
0.73078084
0.7204372
0.7219354
0.7249504
0.7245136
0.7178106
0.7237659
0.71796983
0.7296291
0.7210828
0.7182907
0.71559304
0.72179013
0.72583586
0.7099208
0.717333
0.72206616
0.7268386
0.7214736
0.7267574
0.7203483
0.7195122
0.7214205
0.7153544
0.7192154
0.71715903
0.720984
0.71610266
0.7175434
0.7142286
0.71206987
0.71545416
0.7082301
0.7064193
0.7142345
0.7161149
0.71114784
0.704245
0.70615536
0.71413475
0.70713824
0.71659136
0.70843506
0.7028132
0.7031842
0.71273786
0.70040846
0.70773363
0.7010631
0.69878
0.718451
0.70929474
0.6985616
0.7005725
0.6931975
0.6990638
0.6873718
0.6930271
0.6940304
0.6963797
0.69720584
0.6861465
0.6953352
0.69065833
0.6868671
0.6854521
0.6896939
0.68338734
0.684156
0.68507934
0.68776965
0.67886275
0.68508285
0.6841492
0.6866398
0.6799709
0.68412393
0.6798378
0.6824688
0.67864776
0.6813415
0.6781899
0.67429215
0.6716063
0.67936015
0.68323934
0.68048126
0.6701392
0.67596585
0.66957015
0.6823976
0.6710457
0.67028
0.6718552
0.6793356
0.6748288
0.66696393
0.6719099
0.66728
0.66084164
0.6678109
0.6614464
0.66403174
0.66631025
0.6665586
0.66595614
0.66712344
0.66454613
0.667622
0.66503173
0.66643304
0.65870863
0.656617
0.6615707
0.6612394
0.6615813
0.6670312
0.66589797
0.66671544
0.66512454
0.6642994
0.6583774
0.6666431
0.66210455
0.65821373
0.66474676
0.65571505
0.64869803
0.657146
0.6557177
0.65985364
0.6617888
0.6594937
0.6577045
0.6543298
0.65614206
0.65438014
0.65363383
0.65335214
0.6540853
0.64449286
0.6557989
0.6476588
0.6552466
0.64923227
0.6517137
0.64757764
0.66485876
0.65489703
0.6522353
0.65109944
0.6502913
0.6448956
0.65143377
0.65160394
0.6637775
0.64909506
0.65135026
0.6529246
0.65298945
0.65572333
0.6568931
0.6501122
0.65968394
0.65049845
0.65224
0.655776
0.6547249
0.66203
0.6572259
0.6576829
0.6544512
0.6513264
0.644674
0.65991795
0.6566749
0.6576504
0.66103005
0.6605113
0.6548252
0.6517559
0.65432817
0.657534
0.6627359
0.657722
0.65971154
0.66290766
0.65672725
0.65814835
0.66093487
0.6558851
0.6649912
0.65279835
0.65810233
0.6488165
0.64894325
0.6594616
0.6438723
0.6628824
0.66075957
0.6541507
0.6498835
0.6610005
0.65359485
0.65415245
0.6516038
0.6526036
0.6483807
0.6502456
0.6554212
0.6469734
0.6340876
0.6450801
0.6505439
0.64551127
0.64472556
0.6377772
0.6472069
0.6481624
0.6449867
0.64273417
0.6418616
0.640416
0.6386337
0.6405092
0.64436895
0.6465716
0.6470898
0.6468432
0.6374708
0.6434265
0.639267
0.6437105
0.6393084
0.6487069
0.63915133
0.63296384
0.63573396
0.6335008
0.63024205
0.63689005
0.6366934
0.6287023
0.62955666
0.63737404
0.6333163
0.6195269
0.62913597
0.62081987
0.6263114
0.62367404
0.63532615
0.6295896
0.6350366
0.6193406
0.62871844
0.63223624
0.6297035
0.6289682
0.6195986
0.62777126
0.6260594
0.6225618
0.6309954
0.6181548
0.6252427
0.62078345
0.62318677
0.63127875
0.62096274
0.62757856
0.6222996
0.62590826
0.62311864
0.62298614
0.6268357
0.6343261
0.62420166
0.62750554
0.61287946
0.61621386
0.61234474
0.62423104
0.6201643
0.6128007
0.63119054
0.6218576
0.62262034
0.61619645
0.6212939
0.61542803
0.6256586
0.6209582
0.62195784
0.62025374
0.62434167
0.6109957
0.61564016
0.61018044
0.61532104
0.61029804
0.61738104
0.62394387
0.61997086
0.618472
0.6197698
0.61309445
0.6220574
0.6157268
0.6111273
0.60813653
0.6221361
0.6178291
0.6081251
0.61380607
0.6142886
0.61268955
0.6145528
0.60396695
0.61930716
0.6049397
0.60104084
0.61885184
0.61705744
0.6177324
0.616954
0.6076958
0.6037723
0.61670023
0.6144637
0.60905325
0.59949267
0.6078546
0.609823
0.6063971
0.6066632
0.6026247
0.6025017
0.60106695
0.6103788
0.60690445
0.5939403
0.609182
0.6074719
0.60204387
0.60945475
0.60628873
0.5994439
0.6101636
0.6005396
0.6051621
0.6061389
0.6069371
0.60608965
0.609227
0.6057992
0.5985234
0.6081264
0.60885364
0.6057348
0.6105897
0.60466164
0.6049031
0.6049116
0.60891974
0.6111769
0.6103236
0.6124451
0.6011472
0.6088045
0.6139867
0.61067414
0.6047632
0.60248715
0.6107147
0.6082317
0.60580844
0.5992894
0.6016734
0.59166324
0.59910226
0.6110901
0.59995985
0.59872586
0.5929882
0.5972065
0.5973251
0.6027318
0.59498453
0.6020387
0.59797585
0.5984003
0.59708893
0.605504
0.58796537
0.5971605
0.5872024
0.5979201
0.59486425
0.5927323
0.58476263
0.59813553
0.5919956
0.59523386
0.597821
0.58748204
0.5919831
0.5934763
0.5976436
0.5944464
0.60307
0.59142286
0.5927972
0.59345084
0.6002533
0.59469736
0.5909335
0.5878981
0.58594173
0.5850129
0.59334296
0.5955881
0.5951389
0.59147334
0.58565027
0.58285487
0.5949749
0.5874765
0.5947349
0.58867633
0.5871377
0.58886886
0.58986735
0.591001
0.58754253
0.58971614
0.58973527
0.5909499
0.5856779
0.59210324
0.58907986
0.58786815
0.58292735
0.58498704
0.5851476
0.5865734
0.5819415
0.585703
0.58597356
0.59075373
0.5883966
0.58058167
0.5881228
0.58066
0.5835628
0.5885868
0.57815945
0.5847659
0.5851521
0.5890847
0.5889946
0.58217067
0.5819985
0.58055985
0.58839303
0.58752906
0.5842974
0.5783229
0.58122367
0.5819739
0.5858197
0.58892304
0.58046645
0.58837825
0.58153105
0.588428
0.579456
0.5741535
0.5818788
0.57376915
0.5845233
0.57269204
0.5765584
0.57271767
0.58256036
0.57987756
0.5695837
0.5770159
0.5714316
0.5754905
0.58033895
0.5725119
0.5800363
0.5693911
0.57172424
0.5740817
0.57271975
0.5778491
0.5732604
0.58663267
0.578327
0.5787654
0.57406425
0.5704101
0.57613564
0.57563764
0.5699118
0.58150107
0.58037263
0.57775205
0.57657874
0.5849541
0.5782194
0.58130383
0.5672152
0.57659054
0.57747847
0.5723027
0.5752726
0.5743233
0.57467735
0.5828408
0.5795952
0.58014715
0.5835709
0.5781366
0.5738992
0.5714277
0.5753741
0.5721344
0.58173543
0.584575
0.5738324
0.56692326
0.5698931
0.5641725
0.57092446
0.56670034
0.5712289
0.57414514
0.5722743
0.56754625
0.56774104
0.5737118
0.57453173
0.576671
0.57151616
0.5668991
0.56321675
0.56830484
0.56145096
0.56413263
0.5639723
0.5669165
0.5639641
0.5634905
0.569073
0.5655268
0.562974
0.57031417
0.56364435
0.57266843
0.5613002
0.56654143
0.56133527
0.5671669
0.57265675
0.5651222
0.56014884
0.56176645
0.56323564
0.5651151
0.56677276
0.57002765
0.5573105
0.56487125
0.56023854
0.5582988
0.5669241
0.56110317
0.5600911
0.55272555
0.5610088
0.5549737
0.5545004
0.55082434
0.55245745
0.55557257
0.5525835
0.5469278
0.5520456
0.55503863
0.55281985
0.552038
0.5473738
0.5545775
0.54987055
0.5396958
0.5531958
0.5427857
0.5409062
0.54992396
0.5532026
0.5586639
0.5519237
0.5425168
0.5496003
0.5443219
0.55326563
0.5513875
0.5454384
0.5534246
0.5397487
0.5471396
0.5508078
0.55237466
0.5536687
0.5460897
0.55931365
0.54975706
0.54187536
0.5475109
0.5494342
0.5472225
0.5472331
0.5485884
0.54492176
0.5440666
0.5431392
0.54686594
0.55149883
0.54116446
0.5392146
0.5370713
0.5491576
0.543347
0.5439044
0.54093957
0.5394031
0.53455555
0.5526057
0.5419147
0.5504718
0.54193133
0.54727143
0.53965455
0.5482135
0.55546874
0.53854877
0.5502729
0.5484314
0.54633355
0.5409909
0.5446519
0.5475773
0.5488774
0.54591304
0.55059963
0.55011714
0.55027956
0.54504615
0.5453368
0.54080564
0.5442434
0.54067194
0.5400154
0.5383749
0.5435687
0.5406226
0.54133207
0.5427606
0.53094494
0.54598147
0.53811294
0.5317754
0.54492426
0.5275744
0.5384135
0.53775203
0.5364227
0.5414646
0.53493905
0.5338623
0.53968686
0.5358064
0.5355651
0.53546107
0.53355575
0.53840953
0.5341906
0.54008526
0.5340112
0.5277434
0.5332955
0.5362928
0.53965235
0.53142524
0.54109704
0.53143525
0.53533393
0.533982
0.5278109
0.53729206
0.5292064
0.5320976
0.53503263
0.53352004
0.5299897
0.53467935
0.53336525
0.5316323
0.5342411
0.52760726
0.53333384
0.52765507
0.5338048
0.5326161
0.527827
0.5265214
0.5273056
0.5326182
0.5244736
0.527378
0.5257484
0.5305359
0.52121514
0.5270469
0.52812326
0.52933115
0.51766336
0.5288256
0.52298343
0.5213324
0.52333355
0.5295381
0.5217429
0.5201133
0.51951146
0.51480323
0.5191485
0.52663535
0.52700627
0.5242919
0.5172444
0.522575
0.53665566
0.52228934
0.5216753
0.52756727
0.5229506
0.5246546
0.52530265
0.52619684
0.51867974
0.52527964
0.51428384
0.51866454
0.5207944
0.514922
0.5225097
0.51216435
0.51031166
0.5124492
0.5206903
0.51217014
0.51832503
0.5132815
0.5157927
0.51520723
0.5106671
0.51480985
0.50859904
0.51350826
0.51843816
0.51633203
0.51880676
0.5157076
0.5144752
0.507789
0.51856244
0.50635254
0.51486164
0.508956
0.519964
0.51634485
0.50565624
0.5167204
0.51499134
0.5137278
0.5229154
0.52475095
0.5207743
0.52311647
0.5129003
0.51594406
0.51233315
0.5169355
0.5168557
0.5193566
0.51948667
0.5187561
0.51507956
0.5205261
0.50889075
0.5115326
0.5101815
0.5087227
0.5137373
0.5133287
0.50900674
0.51068985
0.5163613
0.5065529
0.51862997
0.5110292
0.511103
0.51325804
0.51600033
0.5085265
0.5177715
0.5097048
0.5051644
0.50598353
0.5043246
0.5093251
0.5113715
0.5058746
0.5150409
0.50557
0.5030562
0.49579474
0.5033445
0.4993407
0.49685037
0.49445093
0.5038925
0.50086975
0.50116795
0.49774376
0.5001865
0.49959004
0.4904445
0.49306515
0.48890248
0.49179587
0.49748203
0.49836868
0.49783623
0.49055254
0.49510297
0.48913047
0.49302444
0.4880814
0.49165526
0.49543998
0.48689657
0.49062347
0.48031107
0.48746946
0.48436
0.4862247
0.48862812
0.5001309
0.48395243
0.49193445
0.49338984
0.48482475
0.48590052
0.4894037
0.49127293
0.48209786
0.4915111
0.48479074
0.48386526
0.49234134
0.48851204
0.48057875
0.4826927
0.4803716
0.4892436
0.48345473
0.4836763
0.49230886
0.48337126
0.48928902
0.48018295
0.48343363
0.47966012
0.47935027
0.48356873
0.48688406
0.48136064
0.47732508
0.4765593
0.4783526
0.48129413
0.47795597
0.48114145
0.48310298
0.4815492
0.48022246
0.48931932
0.47982797
0.4876202
0.48724732
0.477951
0.47876447
0.47785234
0.48873475
0.48177254
0.48308304
0.4811818
0.4768701
0.4826707
0.48162112
0.4777013
0.48694676
0.4848587
0.4854948
0.48832166
0.48216492
0.47863713
0.48400882
0.47326672
0.47754285
0.47248703
0.47962168
0.47956184
0.48322785
0.48504362
0.48750815
0.47435352
0.47468764
0.47977072
0.4817494
0.48264068
0.47933972
0.48189902
0.4881111
0.47562355
0.48479632
0.4771543
0.48799586
0.479433
0.48257712
0.48496515
0.48310032
0.48754877
0.4822724
0.47591633
0.4944216
0.48861918
0.4838501
0.4918122
0.48969772
0.48174727
0.4787908
0.48385605
0.48775655
0.4767563
0.48531112
0.49027348
0.49030423
0.48435748
0.47592905
0.48455137
0.47671756
0.48553967
0.48011735
0.49335054
0.48782176
0.48024446
0.48682755
0.48337182
0.4838393
0.47703832
0.48961085
0.47538897
0.48006403
0.48129866
0.48705003
0.48486528
0.48063585
0.483786
0.48628074
0.48168707
0.4859296
0.48074308
0.48131686
0.47498852
0.4815857
0.48008034
0.47483718
0.47703615
0.47812292
0.48620534
0.47817802
0.48123586
0.48189706
0.47756666
0.47866148
0.47378758
0.4801349
0.47798085
0.4763541
0.47672406
0.46924222
0.47976694
0.4756467
0.47327963
0.4735336
0.474756
0.47645515
0.47633502
0.48219997
0.4731296
0.47718096
0.47889316
0.4779403
0.474986
0.46833515
0.47531155
0.47389537
0.47648224
0.47345838
0.4718889
0.48095527
0.48447725
0.48042414
0.47934046
0.4747547
0.4714634
0.47059157
0.4805317
0.47175595
0.47481567
0.47738317
0.4745809
0.4778965
0.4805889
0.4658378
0.47422776
0.47634786
0.47692573
0.4780131
0.47572118
0.47466257
0.47797337
0.47037894
0.4732303
0.46875674
0.4746678
0.47424027
0.4779899
0.47456133
0.46812415
0.46461207
0.4705021
0.46678475
0.46962646
0.4696242
0.4665922
0.46394864
0.46791214
0.4630781
0.46059498
0.4633424
0.46500877
0.4653562
0.4632848
0.45674217
0.46629804
0.45387012
0.45859995
0.45473284
0.4641227
0.46175402
0.4501663
0.45696294
0.45613855
0.46000722
0.45179012
0.45644853
0.46113354
0.45228416
0.46379992
0.45647275
0.45001942
0.4592646
0.45501447
0.4548426
0.4626356
0.456086
0.4476187
0.45580643
0.4619526
0.46011025
0.4539723
0.45659667
0.4682778
0.46422535
0.45790535
0.4612303
0.45313647
0.4537408
0.4524288
0.45976952
0.44659
0.459701
0.46071184
0.45224702
0.45362282
0.4497566
0.45259774
0.4596213
0.4573599
0.44949675
0.46456876
0.45325604
0.46526533
0.4540546
0.4563662
0.45528582
0.46061036
0.4602455
0.45595497
0.45097616
0.4464044
0.46340573
0.4561098
0.45461556
0.45511413
0.457889
0.45561537
0.46711117
0.46193197
0.46033594
0.4549691
0.4504114
0.44971034
0.4624319
0.45997646
0.4573348
0.4576074
0.45681742
0.4566432
0.45595035
0.45757657
0.4577512
0.45468423
0.45803177
0.46204713
0.45470533
0.46846563
0.4639137
0.46710828
0.45700604
0.46045053
0.45641643
0.45981413
0.4615776
0.45144242
0.452055
0.45334825
0.46439224
0.45870778
0.45674464
0.45370945
0.45951504
0.46067846
0.45977798
0.44993734
0.45587286
0.45110354
0.45474222
0.45012966
0.45113155
0.4579893
0.44959682
0.44969466
0.4446482
0.45668507
0.4462368
0.45101538
0.45209777
0.45574185
0.45662948
0.4496535
0.4606376
0.45275244
0.45760694
0.46245703
0.4625851
0.45020008
0.45413885
0.45293248
0.45507398
0.45527253
0.4518692
0.46027774
0.46330392
0.45811877
0.45997876
0.4562673
0.45231506
0.45157847
0.4547965
0.46285936
0.4498261
0.4577982
0.45827696
0.45668167
0.45885175
0.45086843
0.4558139
0.44333243
0.44902667
0.44832784
0.45036006
0.45144984
0.44542885
0.44981325
0.44520816
0.44388634
0.43793765
0.4421444
0.44523183
0.43867508
0.44205177
0.44383827
0.44429985
0.43788227
0.44038272
0.4419581
0.44190902
0.4386808
0.43328124
0.44260988
0.43881795
0.43560782
0.43481663
0.43898007
0.43774617
0.43827623
0.431582
0.43967414
0.4386535
0.43756923
0.432936
0.429667
0.43796742
0.4360623
0.43839356
0.4331164
0.43344632
0.43374762
0.43964702
0.4314095
0.43112472
0.43396845
0.43128064
0.4335546
0.4269413
0.43204677
0.4332973
0.44132894
0.43632373
0.43432242
0.43291473
0.42933005
0.42905268
0.4316086
0.43107465
0.4322856
0.43104053
0.4267721
0.43588528
0.42611784
0.43060264
0.42619428
0.4390058
0.43333465
0.43278575
0.43375084
0.42941284
0.4346354
0.43029907
0.4356287
0.4363629
0.42565244
0.42862326
0.4204038
0.42941576
0.42433268
0.42770755
0.43102416
0.42056906
0.4287452
0.43574485
0.42779478
0.4253995
0.42527902
0.4204557
0.41780856
0.42274487
0.42374113
0.41996878
0.42965314
0.42147854
0.42464808
0.41955906
0.4250136
0.4136
0.42119643
0.41938308
0.414479
0.41411322
0.4150405
0.41856843
0.41999203
0.417857
0.42261446
0.41485238
0.41896832
0.41262934
0.413952
0.418525
0.41043037
0.41745156
0.41685647
0.42124084
0.4174898
0.40804052
0.41795272
0.41689023
0.41303453
0.41310704
0.41298944
0.4119779
0.40945005
0.41464767
0.41781846
0.41576573
0.40975538
0.41922456
0.40723255
0.40890467
0.41095152
0.41687652
0.4113196
0.41156182
0.41012895
0.40890494
0.41233587
0.40779084
0.4135149
0.41237557
0.41212654
0.41354188
0.41090772
0.41205403
0.41006207
0.40741324
0.40852273
0.41221783
0.41527343
0.40648568
0.40770623
0.42486647
0.4130472
0.41944662
0.41106734
0.4169818
0.4139579
0.40675452
0.41052216
0.41153577
0.41567376
0.41867644
0.41110364
0.40617236
0.4084219
0.41400778
0.4060476
0.41469008
0.41038975
0.4142017
0.40744722
0.4149942
0.41462252
0.40835735
0.41293237
0.40839842
0.41345406
0.4119969
0.41644424
0.413803
0.41760728
0.42408696
0.41165823
0.41181645
0.41448778
0.41385657
0.4152021
0.41102415
0.42107493
0.41477427
0.40985987
0.40955526
0.41331148
0.41386777
0.4161578
0.41229877
0.41804734
0.41267473
0.41640517
0.41027448
0.41432953
0.41302142
0.41265258
0.4196741
0.40808645
0.41277313
0.4147262
0.41971081
0.41586483
0.42878714
0.42363
0.41643637
0.41372344
0.42108756
0.42131147
0.42339957
0.41445848
0.41928217
0.421227
0.42482814
0.41830736
0.4134225
0.41704938
0.42473376
0.4188983
0.4300955
0.4142529
0.41822255
0.41437936
0.41057846
0.42098635
0.42128965
0.40969357
0.41709358
0.41190174
0.41019428
0.40963283
0.4127698
0.41187906
0.4180545
0.4078118
0.40884927
0.41737983
0.41836396
0.40941074
0.42042014
0.41594303
0.420922
0.41263494
0.41090652
0.416896
0.41959205
0.41290143
0.40563527
0.41561055
0.410794
0.41381714
0.40798354
0.40987664
0.40961167
0.4118015
0.41337863
0.41035047
0.4159392
0.4088173
0.40004578
0.4107925
0.40543172
0.41420028
0.40699452
0.4136935
0.4236939
0.41293338
0.4100542
0.40734008
0.41643918
0.41009125
0.41513786
0.41484466
0.4056662
0.4139887
0.41063797
0.41439202
0.41123018
0.41503513
0.4112081
0.41834173
0.41639054
0.40337232
0.41466334
0.4107017
0.41177556
0.40934083
0.42775607
0.41348216
0.4079514
0.41135687
0.41316575
0.40958443
0.40769807
0.412891
0.41574657
0.4159871
0.41345465
0.41119942
0.40570658
0.4214204
0.4047939
0.41902754
0.41353
0.41429678
0.4124535
0.4148553
0.41210014
0.41274098
0.41278842
0.4111974
0.4101039
0.40888372
0.40929425
0.40277922
0.3956003
0.40503213
0.40319595
0.4086821
0.40848055
0.41354528
0.41025856
0.40941632
0.40421355
0.40942016
0.40794381
0.4011018
0.39841962
0.40603817
0.400045
0.4096982
0.39716294
0.3994536
0.40966323
0.41005984
0.40117598
0.40126687
0.40291443
0.39743632
0.40377218
0.40966633
0.4090159
0.39980477
0.4018575
0.40052903
0.41210085
0.40063912
0.40610957
0.41080543
0.4042897
0.4112467
0.40229496
0.40265563
0.4028412
0.40661895
0.40305868
0.40069103
0.39852402
0.4083181
0.39978907
0.3987411
0.39971042
0.4013433
0.40747645
0.40043873
0.3972425
0.394714
0.39679775
0.39181542
0.39538893
0.3949623
0.3891576
0.39436227
0.3883226
0.39444155
0.396563
0.387133
0.3957184
0.39263874
0.39055765
0.388338
0.38703433
0.38946372
0.39516228
0.38291106
0.39060202
0.39075038
0.39161843
0.39064923
0.39403367
0.38805816
0.38316113
0.38036704
0.38983193
0.3818247
0.3801535
0.37862185
0.38656947
0.38486212
0.38653675
0.38107565
0.3836088
0.38485315
0.38326165
0.38619104
0.38049713
0.38047934
0.3862871
0.3852667
0.38074726
0.38199866
0.37833467
0.38265577
0.37303358
0.38058102
0.38579866
0.37756842
0.37460908
0.38443652
0.37444997
0.38428137
0.38142112
0.38370845
0.39134288
0.3771035
0.37954545
0.38046068
0.38533416
0.3802456
0.38515604
0.38356584
0.38405898
0.3842294
0.38624644
0.39365774
0.38254148
0.38530475
0.38115057
0.37862158
0.38594753
0.37956497
0.3809099
0.37526375
0.3817531
0.38691482
0.37946013
0.3842289
0.38285694
0.3832513
0.38303927
0.38390526
0.37703848
0.38057297
0.3847779
0.38726735
0.3770894
0.37339887
0.37828767
0.38250807
0.38131508
0.37957835
0.37438443
0.37800974
0.37641808
0.372998
0.37970206
0.37048844
0.37131926
0.36733598
0.36664662
0.37090772
0.37207448
0.3765381
0.37193242
0.36885098
0.36788315
0.36113065
0.36373
0.36554354
0.36090901
0.36792356
0.3681006
0.35940084
0.36445525
0.36167505
0.36185706
0.35865036
0.36260736
0.3644993
0.3577217
0.3597189
0.3558157
0.3593461
0.36808175
0.354143
0.37234604
0.36285704
0.3635021
0.3655186
0.35855228
0.3616793
0.3620495
0.36244974
0.35994214
0.36155808
0.36493534
0.3646526
0.36148572
0.36070627
0.36395463
0.3572272
0.35832232
0.36212137
0.36749578
0.35651553
0.36308125
0.36212975
0.3727577
0.35269305
0.35367185
0.35816482
0.36102998
0.34786943
0.35518444
0.35843346
0.35423282
0.3517374
0.36587632
0.35456982
0.35067979
0.35703057
0.35960543
0.360999
0.35232842
0.3443739
0.3554497
0.34943655
0.3515517
0.35662347
0.35127
0.35444215
0.35389444
0.36041722
0.36059755
0.34523258
0.35061064
0.35916236
0.3557229
0.36385375
0.35719448
0.35818
0.36185822
0.354875
0.3544093
0.3546278
0.3536018
0.35952854
0.35404935
0.34954563
0.3486017
0.36039904
0.34862033
0.3578726
0.35172862
0.34868863
0.35568208
0.35541165
0.351552
0.35670182
0.35114303
0.3564203
0.34383625
0.35404107
0.3543329
0.34940797
0.3475034
0.3591489
0.35719645
0.35679924
0.35143313
0.35065365
0.35576183
0.35259384
0.3629895
0.355619
0.3524668
0.3631067
0.36119965
0.35993186
0.3610167
0.3466948
0.35993314
0.35872313
0.3555912
0.35980007
0.35087886
0.34802848
0.3554023
0.35679826
0.35640177
0.35259354
0.34662932
0.35634252
0.35751173
0.3570985
0.3603589
0.35501713
0.35491523
0.3538115
0.3574325
0.3455727
0.34523565
0.35035136
0.35190958
0.36160707
0.36279044
0.35530412
0.35740343
0.35648212
0.34635264
0.3589153
0.34805423
0.35338953
0.3534868
0.3556676
0.35048643
0.3504921
0.35694855
0.353163
0.35924608
0.3467528
0.35242063
0.35696846
0.35377797
0.34224352
0.3543499
0.3523074
0.3441041
0.35014242
0.34768727
0.346308
0.3447234
0.3433971
0.3408451
0.35344535
0.3499284
0.35189334
0.35464808
0.34976217
0.34799674
0.3425772
0.34370106
0.3440797
0.33814368
0.34479612
0.33899552
0.33950263
0.3508486
0.33628574
0.346806
0.3364346
0.33433357
0.34136695
0.33032945
0.34226122
0.33578426
0.337297
0.3317013
0.33541366
0.33293018
0.33035678
0.3323636
0.3331981
0.33325833
0.32986242
0.34331986
0.32985488
0.3355499
0.33755985
0.32663032
0.32482442
0.3310371
0.33199307
0.32908937
0.3279946
0.336242
0.3301453
0.32566324
0.33500296
0.33195964
0.33221743
0.32945547
0.32106906
0.32600766
0.32843637
0.3267086
0.32338288
0.33117247
0.32378924
0.3237467
0.3231748
0.3205774
0.3259994
0.32129675
0.32833228
0.32070038
0.32384077
0.32324478
0.32842976
0.32737646
0.32183436
0.32554358
0.3364306
0.3238079
0.32983088
0.319712
0.31462017
0.31991732
0.3328867
0.32214093
0.32759956
0.32484314
0.33009472
0.32391983
0.31737092
0.3279145
0.3223168
0.32051674
0.32585192
0.32157543
0.3180818
0.31688306
0.32395196
0.32663104
0.31721714
0.32759097
0.3270513
0.32587594
0.32238632
0.31731415
0.31428257
0.3211482
0.3250525
0.32723224
0.32289174
0.32417327
0.33039245
0.3275569
0.3313969
0.31754366
0.31935573
0.3262972
0.33498532
0.31937492
0.32406664
0.3223333
0.32840294
0.3264726
0.3299122
0.32730237
0.33110526
0.3304757
0.32990783
0.32972834
0.3281723
0.32555157
0.32758504
0.33034614
0.32649156
0.3221759
0.32488266
0.33236903
0.32511127
0.32126334
0.33104748
0.32643232
0.33576956
0.33326763
0.33594027
0.32561788
0.32724527
0.32947588
0.33106658
0.33173415
0.3247872
0.338965
0.33444372
0.33152425
0.33137766
0.33021688
0.3295795
0.32467803
0.3340047
0.3221968
0.3251896
0.31817037
0.33808863
0.32318518
0.32667622
0.32088903
0.31927255
0.32824185
0.32229063
0.31363374
0.31215185
0.3232334
0.3213716
0.32263562
0.31780443
0.32716912
0.3243933
0.32161653
0.32253367
0.31853414
0.31651542
0.3134285
0.31783807
0.32880735
0.32413527
0.33321613
0.33134985
0.31773412
0.3244936
0.3312925
0.3187094
0.3183298
0.3244204
0.317538
0.32387626
0.3235889
0.320733
0.3261879
0.32531023
0.31030232
0.326492
0.31822446
0.31837136
0.3127307
0.3211072
0.3204719
0.3227704
0.31467706
0.30982608
0.30926543
0.31526586
0.31363472
0.3110615
0.31940305
0.31092283
0.31348035
0.30460608
0.30778614
0.29963434
0.30477056
0.30441934
0.30774495
0.30572435
0.30632687
0.3025174
0.31430662
0.31059006
0.31419826
0.3096031
0.30584532
0.30716622
0.30746108
0.31527308
0.3102171
0.30469587
0.3060759
0.31151447
0.30798304
0.30203548
0.30779672
0.30993548
0.30794695
0.3124115
0.3163816
0.3083713
0.31345448
0.31044018
0.30593443
0.30515498
0.3113544
0.30970308
0.31222406
0.30947846
0.31508833
0.318042
0.30402392
0.30900437
0.31583357
0.3191889
0.30885208
0.31900725
0.3057543
0.31304488
0.31771365
0.3103747
0.31336915
0.32134357
0.32314458
0.31314588
0.31436527
0.3103137
0.30538517
0.30774194
0.30625197
0.321213
0.32125324
0.3122497
0.31925985
0.31467333
0.31582513
0.31228048
0.31052074
0.31874117
0.32136247
0.3071971
0.31069595
0.3207788
0.31798875
0.31688377
0.3178852
0.3107458
0.31296438
0.31619674
0.3221987
0.31514785
0.313123
0.31227416
0.31698537
0.32073003
0.31084266
0.30895048
0.31317914
0.31794423
0.31340098
0.31279725
0.32030645
0.3156421
0.31374764
0.30798975
0.3156987
0.31212613
0.3033156
0.31127664
0.31032306
0.3108548
0.30447382
0.31924373
0.31099927
0.310588
0.30864233
0.30782795
0.3069819
0.31770712
0.30450955
0.30965072
0.3062242
0.30832803
0.3154704
0.31050038
0.30416557
0.31333986
0.31078798
0.30967614
0.31266102
0.3105953
0.3116764
0.30735904
0.31417656
0.31839734
0.3136553
0.32150736
0.30060795
0.3094328
0.31052995
0.31316164
0.30987054
0.315394
0.3091213
0.30601168
0.29916263
0.30979165
0.3075702
0.30890304
0.30776054
0.3072386
0.30913815
0.31068164
0.30625817
0.30942366
0.3044405
0.3077593
0.3039891
0.3108188
0.30619085
0.30881274
0.3117861
0.31030485
0.3146204
0.3071603
0.3140847
0.3233203
0.3163174
0.31606323
0.3109084
0.3049863
0.30214733
0.3034833
0.30609852
0.31188333
0.31083548
0.31337944
0.30127203
0.30984113
0.31633866
0.31044388
0.31971273
0.31189716
0.30718532
0.3057312
0.3011448
0.30135882
0.30830848
0.30676267
0.3082057
0.30074614
0.29307878
0.30079722
0.30321372
0.30637887
0.30441532
0.29656386
0.30050093
0.29512465
0.30399963
0.29982987
0.29449874
0.29638284
0.29492614
0.29689172
0.3004987
0.294599
0.29794824
0.30625424
0.296518
0.2945659
0.28875804
0.29648542
0.30440804
0.29044297
0.30729836
0.30022517
0.30508068
0.29795885
0.29412168
0.29543
0.29905877
0.31141442
0.30137074
0.29649812
0.3014728
0.30813366
0.29248035
0.29386905
0.300459
0.2985828
0.30042294
0.3040597
0.2955268
0.30633745
0.3049141
0.3007908
0.30213064
0.29587653
0.2990732
0.29732618
0.3097404
0.29482773
0.3005521
0.2926547
0.2961274
0.29837006
0.29424965
0.28710476
0.29040703
0.2954621
0.29249668
0.29297924
0.29318824
0.2934183
0.30966744
0.2916783
0.297534
0.29383782
0.29248947
0.2985105
0.29954067
0.2952523
0.29539168
0.30210528
0.29957807
0.2960698
0.28375706
0.2966999
0.2897259
0.29383948
0.30408537
0.28748482
0.2915728
0.29814062
0.2911382
0.28372687
0.2894884
0.3006225
0.2884587
0.29871118
0.2938703
0.29203027
0.29553372
0.29176462
0.29378662
0.29596
0.2854843
0.28184047
0.2897407
0.2945936
0.2928189
0.29668978
0.2957435
0.294445
0.29366767
0.29501086
0.29603994
0.2867793
0.29828608
0.29169154
0.29260272
0.29301378
0.285812
0.29235062
0.29858297
0.29053685
0.28723872
0.2792745
0.2884744
0.2905126
0.2828479
0.29003906
0.28391463
0.28660956
0.28706932
0.291328
0.29371557
0.2883053
0.2848995
0.2903096
0.2910731
0.29193845
0.28554627
0.28898323
0.28822178
0.30145198
0.29079393
0.28914627
0.28608638
0.2888998
0.289333
0.29127315
0.29151532
0.28370333
0.2930538
0.28217876
0.2925161
0.288392
0.28871474
0.29342586
0.28650406
0.29266554
0.296012
0.2907224
0.29742613
0.28772563
0.28910425
0.2973392
0.28879514
0.29592133
0.28657016
0.2870473
0.2856663
0.29092047
0.29228488
0.2892954
0.29145604
0.2896293
0.2962488
0.29810193
0.28716293
0.28719398
0.29607004
0.2890234
0.2838098
0.288926
0.28490713
0.27829382
0.2836353
0.28573605
0.2859164
0.2919305
0.28400356
0.28093153
0.2988713
0.28563696
0.28906447
0.283591
0.28811845
0.2750673
0.2883825
0.2795945
0.2815233
0.28259015
0.2818995
0.29223725
0.2797812
0.2864593
0.2775021
0.2872295
0.27187973
0.2938098
0.26973358
0.27671307
0.28102735
0.27695346
0.2843009
0.2846111
0.28360915
0.27640927
0.27994272
0.27259806
0.2818353
0.27680176
0.28374127
0.2857267
0.2751456
0.28197578
0.27716905
0.2707934
0.2801509
0.28007448
0.27911618
0.2693789
0.2760374
0.28148767
0.28235456
0.28268045
0.2713646
0.28116474
0.27504438
0.2719721
0.2799853
0.28024793
0.2747624
0.27453896
0.2789532
0.27767685
0.27547926
0.2768517
0.2777119
0.27354565
0.27562574
0.27633557
0.27307996
0.27672955
0.2688886
0.2739716
0.27186245
0.27742168
0.28018484
0.27444622
0.27525064
0.2703278
0.2681035
0.27498427
0.2756405
0.2628889
0.26837566
0.26936042
0.26911813
0.27102926
0.27416676
0.27545676
0.27552274
0.26953083
0.2782904
0.26625326
0.2701398
0.28152883
0.27047414
0.27029005
0.2732527
0.2726537
0.27427065
0.2676684
0.2782034
0.2708877
0.268884
0.26742828
0.2767127
0.26156136
0.26764348
0.26956022
0.2711418
0.2700575
0.26503018
0.26397717
0.2652999
0.2610975
0.26673222
0.2631289
0.26208732
0.2611863
0.26888892
0.26766402
0.26761222
0.27013958
0.26264453
0.2645319
0.26092574
0.26731163
0.26647666
0.2694723
0.25892797
0.2688849
0.255128
0.2579611
0.26584935
0.26859173
0.25369826
0.26361495
0.2681338
0.26793045
0.26718938
0.26755935
0.26131973
0.26343828
0.26260632
0.2627391
0.25879067
0.26600575
0.26461777
0.2583124
0.26783714
0.2607322
0.26833236
0.25755125
0.2662058
0.26663598
0.26747656
0.26211303
0.26268384
0.26003915
0.27348152
0.25930485
0.25392526
0.25545806
0.26214135
0.26009965
0.25600836
0.2616713
0.2652195
0.26206225
0.2650965
0.26355797
0.26272437
0.2669482
0.266294
0.2553772
0.2576667
0.26208514
0.25431773
0.25728726
0.25759202
0.2589406
0.264211
0.2564299
0.26477033
0.2610254
0.25893605
0.26823366
0.26287448
0.25417545
0.25705937
0.2522527
0.2533341
0.2531374
0.25827825
0.26021868
0.25999528
0.26584733
0.25690424
0.26119456
0.25707838
0.25520796
0.2645426
0.25908116
0.25348198
0.25222626
0.25000533
0.25431326
0.25735912
0.25913945
0.25851953
0.25394425
0.25285456
0.2519279
0.25067905
0.24239448
0.25289264
0.25045162
0.25319916
0.24849568
0.25751963
0.24873301
0.24465604
0.2613801
0.2525118
0.2461854
0.2481454
0.2498452
0.24019663
0.24599071
0.25288323
0.24472773
0.24488698
0.24334936
0.24920793
0.24441339
0.24834996
0.2516118
0.24296331
0.24719363
0.24755277
0.23807096
0.24655212
0.24852212
0.25006944
0.24626924
0.24940132
0.24389979
0.2405849
0.24306427
0.23783368
0.24526173
0.24630526
0.24272846
0.24720064
0.25025314
0.23931892
0.24824461
0.24134102
0.24304037
0.24224493
0.24711002
0.24467786
0.2442701
0.25266108
0.23662503
0.2464988
0.23541223
0.2430868
0.24748935
0.24121465
0.25457677
0.24125767
0.23846012
0.24013829
0.23697738
0.23837872
0.2458075
0.24411522
0.24541217
0.24098095
0.2441436
0.24130963
0.25359732
0.24253075
0.2348799
0.2425546
0.2369681
0.24577743
0.2334976
0.23107399
0.23732013
0.24209459
0.2428338
0.24388498
0.2385021
0.23421665
0.23085043
0.23915313
0.2388252
0.23826537
0.24431375
0.25250265
0.23652619
0.23956372
0.24518938
0.23328237
0.24568893
0.24266283
0.24409942
0.24210384
0.23244815
0.23592955
0.23665677
0.24071018
0.24327932
0.24280849
0.2458544
0.24678595
0.25283158
0.24531117
0.23658636
0.2453469
0.24523109
0.24089982
0.24089059
0.24204962
0.23871988
0.24514368
0.23693223
0.23309802
0.24541235
0.24303259
0.23190856
0.24033968
0.23709804
0.24230212
0.23741844
0.23589075
0.2448057
0.23152089
0.23329043
0.23817945
0.23650795
0.24863216
0.24504082
0.2347953
0.24376324
0.23625807
0.23608603
0.23095293
0.23400202
0.2338446
0.24212296
0.22319622
0.23725075
0.2324424
0.23492026
0.23384582
0.22535078
0.22471571
0.2362704
0.2261205
0.23496369
0.23198074
0.23622993
0.2277177
0.22912526
0.23173864
0.22725175
0.2328965
0.22196415
0.22326446
0.2283906
0.22759637
0.22899333
0.23200738
0.22656836
0.22347769
0.2340134
0.22982955
0.23106591
0.22923261
0.22843163
0.2283884
0.22260311
0.23105016
0.22464834
0.23085037
0.2196672
0.23412122
0.22200295
0.22302182
0.2228425
0.22291976
0.23266223
0.2284079
0.22917666
0.2335993
0.22310553
0.21813744
0.21787019
0.22241348
0.22660618
0.22284387
0.22310571
0.22083296
0.2285343
0.22169873
0.2182548
0.22540195
0.23061949
0.22129698
0.22137944
0.22834064
0.22664905
0.2224717
0.22481437
0.22183831
0.23153226
0.21847706
0.23019113
0.23318987
0.22150037
0.22385444
0.23082994
0.22323675
0.22151199
0.21915409
0.21730189
0.22744429
0.22831298
0.22223644
0.22072032
0.22096238
0.22948582
0.21536501
0.22352555
0.22398655
0.23124719
0.2225542
0.2117533
0.21620846
0.22567195
0.21339694
0.21036212
0.22074376
0.20926794
0.21904776
0.21560423
0.2149666
0.2188496
0.22177105
0.22013706
0.21184033
0.21308978
0.21833791
0.21639201
0.2180984
0.2205829
0.21051829
0.21750753
0.21341994
0.2086607
0.21254916
0.20791353
0.22138754
0.2070968
0.20215197
0.20479852
0.21716791
0.20083773
0.21553594
0.21678632
0.21880059
0.2077659
0.20545007
0.20470227
0.21241112
0.21273652
0.21316555
0.21529388
0.20796193
0.20908403
0.20621076
0.20919742
0.21127689
0.20302269
0.20857668
0.21416467
0.21810795
0.20407814
0.21713959
0.2104125
0.21134898
0.20311707
0.206841
0.21018033
0.20190476
0.21592017
0.2107768
0.21179746
0.22200632
0.2059329
0.21602641
0.21226534
0.20912784
0.20703512
0.21200709
0.21200715
0.21332426
0.21374822
0.21299966
0.21748795
0.21470484
0.21552958
0.21341535
0.2182115
0.21379897
0.2134986
0.21457523
0.20884456
0.20837641
0.22433616
0.2056479
0.20922129
0.21325038
0.21292232
0.20924757
0.20993674
0.21103066
0.21454911
0.20565155
0.2104217
0.20673348
0.21488161
0.19923395
0.2037006
0.20000483
0.21076843
0.20565765
0.21254839
0.19390926
0.20191363
0.21570352
0.20061497
0.20084694
0.195898
0.19494016
0.19416197
0.2142712
0.19898738
0.20157479
0.2042986
0.20155388
0.20644228
0.20740241
0.20617013
0.20863834
0.20973189
0.19626367
0.2044602
0.20327955
0.20157625
0.2135915
0.20545596
0.21131532
0.20990777
0.20954214
0.20836659
0.20456451
0.20451283
0.21023834
0.20262232
0.21330433
0.20833768
0.2034884
0.20549268
0.2070522
0.20438811
0.20450675
0.20371278
0.2144538
0.19977686
0.20760368
0.20838167
0.20568107
0.2046054
0.20140679
0.20471504
0.20653798
0.21304512
0.20602858
0.20581593
0.21740398
0.21753469
0.21251535
0.2128142
0.19897541
0.21656902
0.20568673
0.20637798
0.21229249
0.20490539
0.20976424
0.20459643
0.21899095
0.21274473
0.20198864
0.20648207
0.20766994
0.21362041
0.21020634
0.20667982
0.20380957
0.21622387
0.20616849
0.21619894
0.20493038
0.20681673
0.20996062
0.2008493
0.20754807
0.20964967
0.20750523
0.21443439
0.19303587
0.20342621
0.20668851
0.20117907
0.20340857
0.20072386
0.19827284
0.20243725
0.20587867
0.19955172
0.20422512
0.20356536
0.19960225
0.20638642
0.20108104
0.20492914
0.20325366
0.20181337
0.21272843
0.20955677
0.20605919
0.19965535
0.19957536
0.19141945
0.19815828
0.21662185
0.21330376
0.20476587
0.21398625
0.20470211
0.20097317
0.20198956
0.19514512
0.20162715
0.20210686
0.19706161
0.19147287
0.20010374
0.19509108
0.19762707
0.20359275
0.19748734
0.19559859
0.19977935
0.20343491
0.20596014
0.19781086
0.1972369
0.20563115
0.20390482
0.1922594
0.20041186
0.19815585
0.20526618
0.2001584
0.20072724
0.19983746
0.19952627
0.195852
0.20628323
0.19818729
0.20147116
0.20756601
0.19983107
0.19236232
0.19742845
0.20264344
0.18737099
0.19856209
0.21202931
0.19440849
0.19546495
0.20771869
0.20081262
0.19849356
0.19920228
0.20188867
0.20231323
0.18910907
0.1930441
0.20314832
0.19652566
0.20229396
0.19802615
0.193571
0.19073084
0.20214069
0.19701253
0.19397202
0.19461283
0.19282976
0.19267923
0.19905105
0.19314674
0.19171536
0.19499506
0.19129527
0.1997507
0.18881251
0.20656042
0.2046014
0.20082295
0.20213333
0.20118919
0.19268064
0.19326848
0.19650303
0.2013997
0.19563584
0.18675892
0.19957301
0.19298507
0.19639808
0.1957628
0.19932772
0.18481857
0.19628166
0.19822106
0.19314907
0.1938906
0.19758174
0.19727582
0.20336
0.1959432
0.19562675
0.18782108
0.19189492
0.1984324
0.19493014
0.1962055
0.19646129
0.19481324
0.20691447
0.20127045
0.18943547
0.1962467
0.19546697
0.18502972
0.18742463
0.18894722
0.19366683
0.19651374
0.19369252
0.19281594
0.2005439
0.19562554
0.19021754
0.19182397
0.1884825
0.1969059
0.19948453
0.19006498
0.20066631
0.2006261
0.19825111
0.19459756
0.19136944
0.19770142
0.1968058
0.19086273
0.20256577
0.19538192
0.20473105
0.19754246
0.2033386
0.19757769
0.1941596
0.19280349
0.196976
0.18400247
0.1832098
0.19395377
0.18471758
0.18967018
0.18668014
0.19832231
0.19075444
0.19682424
0.19068427
0.18228903
0.19857366
0.1996511
0.18815449
0.19890077
0.19618341
0.17884105
0.19594385
0.20054081
0.1902229
0.18551275
0.19384335
0.19272715
0.18579522
0.17673466
0.18845566
0.18094902
0.18344238
0.18438005
0.18851452
0.18374121
0.19224377
0.1877792
0.18295822
0.18860729
0.18549687
0.18152767
0.18869834
0.18503805
0.19345324
0.18399407
0.18784152
0.19014803
0.19235668
0.18388125
0.190729
0.18404564
0.19494231
0.1962448
0.17972703
0.1836573
0.17694883
0.18072173
0.17925274
0.17399089
0.18480738
0.17764844
0.18366747
0.17950733
0.17877215
0.17010213
0.17864537
0.17824723
0.1714014
0.18166897
0.17240903
0.17416501
0.17308705
0.16906358
0.1788401
0.16415358
0.16310179
0.16731969
0.1822901
0.17347622
0.17512073
0.17259054
0.16592881
0.17436843
0.17287636
0.17290969
0.17180435
0.16282767
0.16549459
0.16233668
0.17485105
0.16973142
0.17170508
0.17110498
0.17503805
0.1593004
0.16237341
0.16270903
0.16516191
0.16760553
0.17386138
0.17050852
0.161719
0.16687001
0.17334116
0.16271542
0.163805
0.16551833
0.16570184
0.16560575
0.16676901
0.17289951
0.1736518
0.16337132
0.17942779
0.16813135
0.17124099
0.16377762
0.16395314
0.1667812
0.17335674
0.16587766
0.17572893
0.17079602
0.17764664
0.1667701
0.15970276
0.16780461
0.16738491
0.17151707
0.1650583
0.16345868
0.17092438
0.16746956
0.16807507
0.16729508
0.16522452
0.1695684
0.17068042
0.16605532
0.16241378
0.17201208
0.15747613
0.17151561
0.15497486
0.16670963
0.1673706
0.15645924
0.16832241
0.16266626
0.16382408
0.17036438
0.16438776
0.15817164
0.16722564
0.16841656
0.16888955
0.16182849
0.17266475
0.16322461
0.17281975
0.15912594
0.16015753
0.1662036
0.1610066
0.16136716
0.16359961
0.16676146
0.1685364
0.16391936
0.16975002
0.15381101
0.16572493
0.16735749
0.16696003
0.1623108
0.16008268
0.16443293
0.16299345
0.16984874
0.15851425
0.16888465
0.16319206
0.16972984
0.16270545
0.16792823
0.1574536
0.1703401
0.16068952
0.16595094
0.15995204
0.16823949
0.175587
0.16304702
0.16554163
0.16080534
0.16887303
0.16489752
0.17861539
0.1642512
0.16634087
0.17604807
0.16512708
0.16595781
0.1797494
0.17587852
0.18306318
0.17262848
0.16667232
0.17184034
0.17278573
0.1839384
0.17595099
0.16952534
0.1697636
0.16915046
0.16998558
0.17387103
0.18258245
0.17389269
0.16740334
0.16970636
0.17121471
0.16426027
0.17625907
0.17903543
0.16967362
0.17317069
0.17513853
0.1697203
0.17653932
0.18318062
0.16695304
0.17082396
0.16407359
0.1605204
0.18067579
0.17100883
0.17022562
0.17628738
0.17690371
0.1701125
0.1631491
0.17113851
0.17734905
0.16689931
0.17568712
0.17442301
0.1614553
0.17418914
0.16442972
0.17361142
0.1715192
0.16838798
0.16933666
0.1655742
0.17255355
0.16386358
0.17552087
0.18438129
0.18651654
0.17680447
0.17503344
0.16575487
0.1753638
0.17005262
0.17020476
0.16599762
0.17507459
0.18127023
0.16917299
0.16506153
0.16433363
0.16697371
0.1714778
0.17378566
0.17622691
0.16682556
0.16796672
0.16121225
0.17608488
0.17354675
0.15882722
0.17182271
0.17709422
0.1667078
0.17097408
0.17053333
0.16770889
0.16798392
0.16136797
0.17431968
0.16447785
0.1626331
0.16819783
0.16215461
0.16000178
0.15668154
0.15441664
0.16559722
0.17480604
0.16128334
0.15814151
0.15706144
0.15872866
0.1597315
0.15756117
0.15087338
0.16464028
0.16047327
0.16218832
0.15062109
0.15945956
0.1565107
0.15451078
0.16038181
0.14987043
0.15203743
0.15881506
0.15504819
0.15466735
0.15938184
0.1596185
0.16030551
0.14479122
0.1427021
0.15171021
0.15789375
0.1558898
0.15330936
0.14713901
0.15102959
0.14759809
0.15668723
0.15864119
0.15403102
0.1507972
0.1590473
0.16224407
0.15750386
0.16095553
0.15130104
0.1547904
0.15312065
0.16116491
0.16026424
0.15353611
0.16030322
0.16100365
0.16813138
0.15738572
0.16076125
0.1575836
0.1603757
0.15572801
0.1521306
0.16109613
0.16012748
0.16260013
0.15417363
0.16882256
0.15730439
0.16034915
0.17120554
0.1558014
0.16412236
0.16020377
0.1567197
0.15741646
0.15828057
0.16062398
0.16615298
0.16140664
0.16061175
0.16280034
0.16791327
0.15749258
0.1688069
0.15755254
0.15575384
0.15379706
0.15822755
0.15892568
0.15725544
0.15238248
0.1602174
0.16361466
0.15285383
0.16477095
0.1544467
0.16392663
0.15836214
0.15550986
0.15962014
0.16920422
0.15848017
0.16251518
0.16729203
0.15997863
0.1531999
0.16015771
0.16463743
0.16536538
0.15039556
0.15591548
0.15724185
0.14461546
0.14772154
0.15628926
0.15896595
0.1509721
0.15394968
0.14987357
0.15312417
0.15710999
0.14641719
0.1422667
0.15368526
0.14064051
0.14595465
0.1493113
0.15549624
0.15322767
0.14550309
0.14934306
0.15353246
0.15601791
0.15443158
0.15182887
0.15212162
0.14685524
0.14930598
0.14206943
0.14783324
0.14246216
0.15415138
0.14936522
0.14594778
0.1541897
0.15864855
0.14326742
0.13905992
0.15164042
0.14472222
0.1521236
0.15494704
0.14068447
0.149526
0.14877991
0.15057918
0.14753045
0.14365545
0.1426327
0.1502893
0.1546656
0.1622981
0.14975134
0.15096603
0.14583966
0.14856516
0.14940427
0.14756136
0.14192396
0.14585467
0.14269637
0.15578583
0.1509313
0.13624205
0.15110101
0.1472298
0.14790414
0.15529028
0.15755446
0.1598437
0.14723237
0.14383522
0.15548922
0.15138504
0.15502018
0.14659417
0.14990675
0.14831787
0.15154034
0.15182701
0.14560682
0.15354149
0.15500677
0.15638612
0.14543079
0.15679458
0.13883984
0.14433523
0.1472353
0.15788834
0.15718025
0.15430287
0.16350186
0.1434984
0.14956127
0.14476149
0.14835045
0.14131895
0.14390561
0.15469123
0.15048343
0.14443257
0.14388177
0.14396991
0.14228594
0.13871063
0.15317947
0.1402806
0.15110444
0.15857542
0.14298962
0.14640935
0.1503137
0.14375255
0.14285424
0.14516144
0.15394585
0.13597803
0.14681825
0.1509662
0.15079606
0.1425071
0.14197937
0.15077686
0.15776978
0.14395837
0.14421688
0.14798468
0.15013912
0.15750554
0.14504471
0.14534666
0.14432769
0.15567991
0.15027735
0.15763883
0.14389506
0.14322783
0.14668803
0.14775349
0.14820954
0.14360665
0.14698496
0.14710182
0.14682059
0.14036171
0.14701469
0.14809576
0.14025404
0.15248817
0.15019004
0.14111483
0.14956501
0.14351504
0.14836593
0.13767718
0.15262426
0.1485126
0.13375828
0.14023663
0.14679572
0.14891851
0.1441131
0.1406342
0.14455925
0.13732637
0.14392902
0.14449352
0.14776237
0.14312345
0.14084025
0.14451788
0.14704266
0.14235984
0.14423692
0.1400366
0.14675163
0.14383826
0.13729902
0.14168069
0.13964136
0.14624591
0.15027037
0.14157078
0.1562035
0.15316136
0.14288917
0.15152322
0.14353433
0.15390511
0.15760554
0.15427525
0.14302604
0.14610513
0.13760889
0.1397318
0.15361229
0.14503181
0.13808191
0.1555822
0.13757226
0.1535225
0.15240763
0.15619555
0.14534913
0.13657583
0.14444916
0.13807945
0.14930555
0.15239571
0.14785938
0.1484248
0.14650619
0.14441691
0.14344133
0.14397898
0.15539306
0.13849254
0.14779894
0.14522965
0.14579388
0.15098517
0.14617936
0.13986942
0.14396496
0.13805215
0.13768676
0.1441169
0.15050189
0.15079385
0.14523233
0.14885464
0.14418156
0.15183116
0.1568584
0.1383904
0.14059623
0.14684618
0.13949588
0.14461088
0.14117718
0.15271798
0.1397352
0.13317029
0.14198609
0.13575526
0.13511997
0.14931963
0.14546674
0.14636329
0.1404642
0.1468086
0.14746039
0.14047462
0.13589145
0.14680748
0.14012182
0.15082362
0.14296891
0.15752088
0.12882261
0.14394453
0.15077932
0.14060794
0.1409074
0.13431817
0.13415451
0.14819923
0.14536221
0.14877187
0.13810575
0.14052936
0.1334167
0.15022661
0.13328137
0.13741961
0.13753167
0.1402394
0.14279082
0.1371387
0.1354211
0.1349816
0.13935666
0.13620646
0.12755089
0.13269506
0.13824263
0.15498146
0.13380492
0.13829505
0.13727388
0.13318646
0.1368202
0.13402992
0.13361557
0.13643037
0.1263755
0.12975702
0.13340051
0.12809569
0.1362617
0.1350841
0.13886778
0.13240479
0.1282294
0.12531084
0.12703319
0.13580258
0.13956511
0.12508787
0.13161546
0.13689986
0.1284302
0.13197301
0.13443257
0.12023442
0.13404743
0.1308713
0.13982104
0.124653645
0.13766736
0.120611876
0.13873851
0.12912756
0.12970223
0.12983915
0.1435939
0.14746754
0.12116468
0.13186526
0.13636675
0.12056087
0.13045192
0.117472775
0.123583965
0.12324414
0.12326478
0.13634747
0.12578239
0.12769839
0.122631304
0.12739478
0.130062
0.1222868
0.12070849
0.12154419
0.12885904
0.12749435
0.12172941
0.12403485
0.12178933
0.12315207
0.12527274
0.12019436
0.12928118
0.12642041
0.116383195
0.13071822
0.12816685
0.12419015
0.12961715
0.12532194
0.12251549
0.13011731
0.12447347
0.124054015
0.13001126
0.1260247
0.11580365
0.12109224
0.12839375
0.13762426
0.124578774
0.1127677
0.12114365
0.11852504
0.11708826
0.13424061
0.11809269
0.12108727
0.11218271
0.124841146
0.12493416
0.1173157
0.11846597
0.12087705
0.11329391
0.11305133
0.12704091
0.12890497
0.115940176
0.11696
0.13187385
0.123003274
0.11976031
0.11511503
0.12509568
0.11710523
0.12381094
0.11460389
0.12363987
0.12356186
0.11296506
0.11826544
0.12988098
0.13636518
0.12413533
0.11618308
0.12445937
0.12957291
0.12647574
0.13240814
0.120682895
0.12395536
0.11815235
0.12314383
0.12733619
0.12699203
0.12618832
0.1259721
0.12239741
0.1248492
0.12169073
0.12703422
0.12729357
0.1262148
0.122900955
0.11954144
0.11784406
0.13533428
0.123484336
0.11709288
0.12796897
0.12132462
0.13033704
0.12795678
0.12069001
0.11162169
0.115740694
0.11768575
0.12318443
0.1186392
0.12022096
0.13058808
0.12745935
0.12588164
0.114600085
0.12255979
0.11419643
0.117454216
0.113314785
0.11832021
0.11638181
0.12234883
0.11290136
0.11387974
0.11258993
0.11772206
0.108875796
0.1307622
0.1309315
0.11225928
0.117419995
0.110292405
0.11286507
0.12341881
0.10651923
0.12334844
0.11500003
0.11607213
0.11716303
0.11595719
0.12117206
0.12679382
0.11939467
0.12501402
0.1226613
0.1227296
0.124500014
0.11423349
0.12041671
0.1298719
0.12671247
0.12845735
0.12315795
0.11849253
0.12439417
0.12087978
0.11635948
0.11919611
0.12293141
0.12058416
0.11621686
0.12401547
0.11633111
0.11767207
0.11719464
0.11839794
0.11656166
0.12321182
0.13210703
0.12170946
0.12156356
0.12177306
0.13109407
0.11870509
0.12270818
0.11208681
0.12469147
0.13138106
0.115485355
0.12226243
0.11507791
0.11708101
0.12621485
0.1218079
0.118836656
0.11984585
0.11210282
0.10264343
0.12085287
0.11655746
0.11263936
0.11481763
0.11348283
0.11158329
0.11606351
0.11258857
0.11719099
0.11877612
0.12346587
0.11418751
0.118470676
0.122975715
0.11273212
0.112013966
0.12083502
0.12496496
0.116184235
0.12051568
0.11474755
0.11407194
0.1259661
0.13023517
0.12058162
0.11104909
0.118249
0.122798584
0.11176307
0.12144643
0.12309269
0.12650232
0.11078452
0.12858891
0.11794054
0.12199077
0.11697208
0.12689823
0.11956742
0.12254403
0.12326243
0.11921173
0.12462608
0.12121629
0.120492
0.12834558
0.1182098
0.12873349
0.11986624
0.12045597
0.12205587
0.11525939
0.13416655
0.124501936
0.1301399
0.12705295
0.12180554
0.121398486
0.13005663
0.118267484
0.11958058
0.12156907
0.11534499
0.12737045
0.12127475
0.11168589
0.1146962
0.120938495
0.11908656
0.12045155
0.120211594
0.115140505
0.11922874
0.11341406
0.1400843
0.12718093
0.11389645
0.11852595
0.13279709
0.11800415
0.11455832
0.11728299
0.11730004
0.1216306
0.13892804
0.10318345
0.11273689
0.14385322
0.12316753
0.12993704
0.10994789
0.1212937
0.12422064
0.117837876
0.12228772
0.11542054
0.1284066
0.12068763
0.11683898
0.122391105
0.1171483
0.114643045
0.118821464
0.117506705
0.10474336
0.10620908
0.12386664
0.10647526
0.11669153
0.11461194
0.12060557
0.114228815
0.10856454
0.10572716
0.10145762
0.11903319
0.108881444
0.107044324
0.1229471
0.11481754
0.109399825
0.12125302
0.12169878
0.11996119
0.11977968
0.1114078
0.10441184
0.12018799
0.117122695
0.112934425
0.115432955
0.11897152
0.10937393
0.117998086
0.12117222
0.115805104
0.10330222
0.12179073
0.111624844
0.11959511
0.112101994
0.10285487
0.10536657
0.106655955
0.11218356
0.10897012
0.11747862
0.12069293
0.11751469
0.10660837
0.12751743
0.113771394
0.10904528
0.10566788
0.12529041
0.11455081
0.112362705
0.10876525
0.11171196
0.11589955
0.10902868
0.11044395
0.10674408
0.11669889
0.10242918
0.1088652
0.12140976
0.108971745
0.10670245
0.11109755
0.11761441
0.10993669
0.13853368
0.10165049
0.1119917
0.109057695
0.113784604
0.10629535
0.10314846
0.11818544
0.10513134
0.1034974
0.110192925
0.10337274
0.11960541
0.10342779
0.10744869
0.10668225
0.11925957
0.10192815
0.11377957
0.116676845
0.10505472
0.11147089
0.11488529
0.10780426
0.10838327
0.103604935
0.102900855
0.115209594
0.11431019
0.108419836
0.11215394
0.10683793
0.11256465
0.10116027
0.09978168
0.10270002
0.109247044
0.10001894
0.0963352
0.09896742
0.10421268
0.10075532
0.10169699
0.107054524
0.103312775
0.11062276
0.10426291
0.105132304
0.10453707
0.10097419
0.09923531
0.09772225
0.0960671
0.09897082
0.10806261
0.09783444
0.095527485
0.0969864
0.09877684
0.10028136
0.10570147
0.10090067
0.09803374
0.09638752
0.09515679
0.094309665
0.094597474
0.097111
0.099844106
0.100537844
0.099108845
0.09813846
0.09492084
0.09415092
0.09066911
0.093524784
0.09344916
0.09556263
0.097526215
0.09997148
0.0974481
0.09521116
0.09344181
0.09637502
0.09640538
0.09748087
0.09679636
0.095503666
0.09224274
0.09496541
0.09617749
0.10225042
0.1005704
0.10119427
0.09384422
0.09432228
0.094522096
0.09977244
0.1004024
0.100149475
0.099301524
0.10119866
0.099419735
0.102911614
0.104077876
0.11061244
0.10528146
0.10425634
0.10230198
0.103113964
0.09895392
0.09895503
0.099650934
0.10225724
0.10337664
0.10428126
0.10444001
0.10162103
0.098681524
0.09611246
0.100291125
0.09897761
0.10110228
0.098495096
0.1012675
0.09975265
0.10242963
0.10378808
0.10541698
0.1060764
0.10174437
0.10104618
0.096844316
0.098686524
0.09654061
0.09794397
0.09708043
0.10024669
0.10246344
0.10428896
0.10540648
0.10629481
0.105146475
0.10338001
0.10513965
0.11028949
0.111042015
0.10542774
0.101968214
0.1026977
0.10444032
0.10412489
0.10358337
0.10323126
0.10998389
0.12396073
0.10862124
0.10307323
0.11018145
0.10781303
0.10704581
0.09987259
0.10052411
0.10033736
0.10423111
0.10197091
0.0988324
0.09733305
0.099612065
0.10091011
0.10167821
0.10125448
0.09912002
0.09586311
0.09363188
0.09758241
0.10249409
0.1058277
0.108668655
0.10735343
0.10777943
0.10279786
0.10084326
0.095412135
0.09920013
0.09913005
0.101897955
0.10225043
0.10478029
0.105574995
0.10263969
0.10258361
0.105673224
0.10752721
0.106841534
0.108111456
0.107170925
0.1075097
0.1076752
0.1089756
0.1096322
0.10598879
0.10850203
0.10922988
0.11154965
0.11030534
0.11249756
0.10872819
0.10594459
0.10181038
0.10965839
0.112244256
0.115825884
0.1118958
0.11959085
0.13464361
0.11923999
0.11049807
0.10889562
0.111609615
0.112453856
0.11035732
0.11223693
0.115178786
0.11912863
0.11771287
0.12030018
0.1174201
0.1164553
0.11206202
0.11065853
0.117625006
0.12951158
0.120745555
0.119992465
0.12575866
0.12835741
0.12514767
0.12138499
0.1133379
0.11719268
0.116612494
0.13001959
0.14563598
0.12288122
0.11075288
0.111383915
0.11224731
0.11258218
0.11437534
0.115378775
0.11609592
0.114696726
0.11247193
0.11220476
0.11077781
0.11001179
0.11559289
0.11593981
0.11529239
0.11299291
0.118686646
0.11953978
0.11713801
0.11322802
0.119566515
0.12141068
0.11823629
0.11759006
0.115857765
0.119625345
0.11679833
0.11779642
0.11638684
0.11375938
0.112532645
0.11216325
0.11586328
0.112407915
0.11079769
0.10633613
0.10840094
0.10962558
0.10951917
0.11064043
0.112043306
0.11395822
0.11290681
0.11271925
0.11112315
0.10921839
0.1072242
0.105073355
0.10690855
0.10567492
0.11206881
0.10525278
0.10770333
0.10400767
0.10877376
0.106080964
0.100539915
0.10551345
0.109796904
0.11942101
0.111801244
0.108706735
0.10114324
0.10511473
0.10429863
0.1073079
0.10966909
0.11520556
0.11744949
0.11706345
0.11265977
0.11380473
0.11240519
0.11816535
0.117051795
0.11779681
0.1143855
0.112770535
0.11441477
0.11022984
0.10600822
0.10319086
0.1060542
0.10792824
0.11175242
0.111874186
0.112732686
0.10678479
0.10441484
0.10356822
0.109319575
0.110150546
0.11292284
0.10688853
0.11207585
0.11002814
0.11421158
0.110752
0.1107097
0.10613359
0.10374786
0.0996442
0.10886316
0.111432046
0.11597923
0.107770294
0.10822838
0.110354766
0.107757546
0.108028
0.10319196
0.102608584
0.10095116
0.09995679
0.099818185
0.09556434
0.09740888
0.10648906
0.11096112
0.11549178
0.1096837
0.10777019
0.10360595
0.10398773
0.10229107
0.09872992
0.09577184
0.092657626
0.097010165
0.099162
0.10714337
0.10797373
0.10762317
0.106637314
0.09889129
0.10115904
0.09959724
0.10192938
0.102938354
0.10312674
0.1059497
0.118897334
0.1162785
0.11951014
0.10572713
0.1064949
0.10521054
0.1047835
0.104384795
0.10335498
0.09986626
0.10179038
0.102627635
0.104046896
0.098904766
0.10184714
0.105084434
0.11228733
0.10809827
0.10154194
0.1014522
0.10181727
0.10697547
0.10369839
0.10157192
0.10273337
0.10453968
0.10917566
0.105964564
0.102850884
0.097588725
0.10012013
0.104303084
0.10733821
0.103538506
0.10265735
0.100449905
0.103371814
0.1057872
0.106882334
0.10368113
0.09907805
0.10291756
0.10410515
0.10290918
0.09635895
0.10180689
0.10303196
0.10094563
0.09656187
0.102576256
0.10645967
0.11130637
0.10651192
0.104359806
0.09691128
0.09765928
0.10019641
0.10337938
0.09685692
0.10061071
0.098636694
0.103263184
0.09965269
0.10277804
0.10299826
0.108039536
0.10875711
0.10907745
0.10510107
0.10743219
0.108190745
0.1140658
0.111622475
0.1103426
0.11002492
0.11544352
0.123604864
0.11797233
0.11234042
0.103997126
0.1044352
0.107532315
0.1141148
0.11251759
0.11337494
0.10918228
0.10757192
0.102128446
0.10043792
0.10519979
0.11011242
0.11278718
0.11356647
0.11208414
0.11172923
0.11306719
0.11190657
0.113182515
0.10833607
0.10301452
0.101365976
0.104077235
0.109597586
0.10858516
0.11103144
0.10995929
0.110037915
0.106198795
0.10350751
0.10229387
0.10822765
0.108635634
0.11118523
0.10126459
0.104091465
0.09964518
0.10738218
0.10502055
0.105259515
0.09857455
0.10053512
0.102732405
0.10509788
0.10681637
0.10625973
0.10999827
0.11139591
0.11835228
0.11939026
0.115820624
0.11475584
0.10916096
0.11032348
0.106580235
0.10479445
0.10433377
0.10834679
0.11424955
0.11200902
0.106803685
0.10554359
0.100578085
0.10412311
0.100128695
0.10555779
0.101811066
0.104664125
0.1042342
0.1032714
0.10115112
0.0995985
0.097777255
0.093976796
0.10033221
0.10172085
0.10670492
0.10588412
0.105731644
0.10693954
0.10439798
0.10087193
0.10027933
0.10072725
0.103370324
0.098610364
0.09529765
0.097734824
0.10522116
0.10509527
0.10981449
0.102951646
0.10116168
0.09558165
0.09442786
0.09943235
0.099551216
0.100955874
0.09745049
0.096978925
0.09382116
0.096720695
0.097423226
0.1017227
0.099946864
0.09972063
0.10128792
0.09987057
0.09848888
0.09516488
0.09233219
0.088033125
0.08980142
0.09205091
0.09557639
0.09080348
0.08694041
0.084483765
0.08787719
0.093682155
0.1021027
0.10498864
0.103120565
0.09619498
0.09515055
0.10040601
0.10183267
0.10178471
0.09056924
0.08672563
0.08258556
0.08478205
0.09183383
0.10125085
0.10247651
0.0985658
0.09247741
0.09754236
0.09795031
0.1024267
0.10468274
0.09990799
0.09481932
0.09788732
0.103874736
0.110246696
0.104011096
0.10737217
0.10549074
0.10464095
0.09818137
0.096354015
0.09790253
0.09970726
0.09975408
0.10201859
0.109333396
0.11370602
0.11580628
0.1109792
0.10780778
0.10314506
0.09880921
0.09371555
0.09403616
0.10302946
0.10926487
0.17667384
0.3038326
0.19789933
0.13114336
0.10060609
0.09626819
0.10158794
0.1099918
0.11716247
0.10892859
0.10223373
0.10373004
0.10451765
0.10323961
0.096515946
0.10096678
0.10379304
0.103086956
0.097610205
0.102475286
0.10875685
0.109282196
0.103431106
0.101047024
0.09872358
0.09662729
0.09566905
0.09597673
0.10142941
0.09929725
0.09927983
0.095911175
0.08961844
0.09551107
0.09812881
0.10770096
0.10362803
0.102475934
0.097770445
0.09810459
0.0931747
0.09830896
0.09496805
0.09904678
0.088538826
0.09292009
0.09187693
0.099330075
0.09268586
0.089742705
0.086965196
0.093743436
0.09613459
0.09579042
0.0945167
0.09315594
0.09431203
0.09185772
0.094171025
0.098858416
0.105312906
0.10464422
0.10097999
0.09824815
0.09514171
0.09210404
0.09011308
0.090127625
0.08763689
0.093201384
0.09489386
0.098584525
0.09478455
0.103882335
0.099842146
0.098860726
0.092165746
0.09578795
0.098682694
0.094587415
0.10124209
0.097866975
0.10579662
0.101344705
0.099151075
0.09691976
0.09514779
0.10094866
0.10211497
0.099131756
0.095022954
0.09048541
0.095315896
0.09198947
0.08810241
0.08855539
0.094618954
0.099802405
0.09778434
0.097119786
0.09608004
0.09486997
0.093151316
0.09400884
0.09136097
0.086630434
0.08600193
0.0908774
0.09660846
0.09578906
0.09439566
0.091911756
0.09059179
0.088820115
0.08958542
0.0937495
0.09536247
0.09376001
0.09399695
0.09598653
0.093763135
0.09152709
0.09132954
0.09507353
0.10070535
0.09905474
0.1106778
0.10433227
0.10073941
0.08887697
0.08858542
0.08908282
0.090366945
0.091242276
0.0880545
0.0884784
0.087827586
0.091881014
0.09555753
0.098663285
0.098802716
0.09532723
0.089545995
0.0829151
0.07979355
0.0799919
0.079926446
0.08047372
0.08323439
0.0846695
0.08223559
0.0813443
0.07743285
0.07915439
0.08123688
0.08403367
0.0915329
0.09396916
0.09561368
0.09588552
0.09246437
0.08920319
0.083316945
0.08426531
0.08391432
0.08613953
0.08461048
0.086175226
0.08262082
0.08171628
0.08169321
0.08058421
0.08242902
0.081596375
0.086140715
0.08580312
0.08610267
0.08413067
0.08841322
0.08509633
0.08422226
0.08147661
0.07978495
0.07791895
0.07686019
0.07874199
0.08602353
0.08614847
0.08726146
0.08705366
0.08870308
0.082455344
0.08399703
0.08001132
0.07868652
0.07713819
0.07742724
0.07703301
0.080238335
0.08581553
0.0836517
0.08462359
0.08547855
0.08371246
0.08041583
0.07957305
0.078809
0.07820214
0.078573674
0.079472415
0.07847936
0.07989703
0.078283295
0.07903459
0.075105004
0.07406386
0.071612746
0.07093725
0.06884033
0.06960239
0.070604324
0.06912204
0.06999177
0.07373699
0.0731774
0.07742543
0.07618541
0.076006524
0.078608654
0.076075874
0.071648054
0.073255576
0.07315183
0.06426685
0.06749798
0.06764487
0.06883801
0.07053932
0.071384534
0.06849663
0.06909228
0.06990788
0.06635401
0.067666054
0.0696462
0.06935534
0.069803394
0.07117914
0.06983971
0.06931121
0.07005418
0.06727142
0.06792683
0.066860236
0.06907784
0.06657427
0.06658031
0.066430256
0.06801677
0.06726419
0.069488175
0.06980624
0.06848814
0.07076446
0.07490493
0.075038984
0.07455294
0.07488158
0.077790484
0.07291193
0.07383257
0.07740336
0.07879334
0.079211
0.08447102
0.08207915
0.0834037
0.085341275
0.080111995
0.075791076
0.07829555
0.0738094
0.0730774
0.07080275
0.07131079
0.07089244
0.07294108
0.06883307
0.07010797
0.06871921
0.0692999
0.07043068
0.076114744
0.079755
0.083937235
0.08269686
0.08001484
0.07745186
0.076358505
0.07219601
0.07510263
0.07506985
0.074804224
0.07772307
0.08196009
0.08292663
0.08742449
0.088064976
0.08941972
0.089899644
0.087709464
0.08719328
0.08851801
0.08291289
0.084449746
0.08598534
0.08387928
0.08219325
0.08823533
0.081360385
0.07839949
0.07850338
0.07883374
0.077087194
0.081005484
0.08439152
0.086279504
0.08639367
0.08504204
0.085175365
0.083401494
0.0830076
0.0804035
0.08530176
0.086033374
0.085245654
0.085509084
0.08654497
0.0814527
0.07969173
0.07884334
0.080070615
0.08252777
0.08118164
0.07962055
0.07721575
0.07371869
0.07522695
0.07239576
0.07139582
0.07389556
0.07277871
0.072359085
0.06944579
0.07138297
0.07409348
0.078585066
0.08333114
0.0845188
0.08442678
0.08108372
0.074960954
0.07275926
0.074325904
0.07277164
0.076620504
0.07878764
0.08211976
0.081462875
0.07581737
0.0760384
0.073887005
0.07374536
0.07699927
0.07819625
0.08102043
0.08084237
0.07984916
0.08058159
0.08473087
0.08432858
0.08306271
0.086825974
0.08960879
0.08838052
0.08727108
0.08541133
0.0899491
0.083886005
0.08650681
0.087855384
0.09251218
0.088540144
0.08950341
0.085859396
0.08442115
0.07972811
0.081542686
0.08460469
0.08186427
0.08349657
0.08796549
0.09033526
0.086375095
0.09518541
0.0943727
0.09497315
0.089478455
0.092499726
0.08820376
0.09195393
0.088478
0.08929067
0.091544025
0.094918355
0.09294453
0.09568515
0.09587085
0.09352535
0.088458315
0.08717228
0.08701445
0.090236604
0.093040645
0.091969855
0.093376294
0.09033717
0.08562294
0.08431771
0.07981627
0.08257664
0.08347602
0.08807623
0.09476352
0.0964135
0.10055662
0.100391686
0.10018244
0.09908879
0.100840226
0.102860056
0.10300093
0.10651956
0.105316706
0.10185881
0.101554416
0.099490196
0.09696418
0.09910056
0.09981564
0.09632886
0.09783864
0.09637424
0.09192383
0.092498094
0.09372706
0.09306872
0.092513405
0.09810181
0.09906457
0.10037635
0.102237545
0.099160165
0.09533956
0.09828001
0.10052271
0.09786349
0.10124467
0.10119147
0.09699225
0.09719708
0.10153641
0.1022391
0.10395743
0.10494464
0.10281635
0.10146945
0.09842075
0.09738213
0.09804485
0.09748463
0.09772078
0.099370025
0.097679496
0.098893784
0.09790026
0.09536448
0.093685634
0.09698329
0.094809726
0.09514244
0.08982644
0.08837423
0.08653585
0.08270264
0.08044182
0.079947114
0.084761694
0.08462983
0.083423145
0.0846773
0.08502201
0.086944476
0.08627016
0.09254961
0.09749739
0.09552456
0.096488
0.094195314
0.08744452
0.08652855
0.07772877
0.07936529
0.07778039
0.07616053
0.0765374
0.077384755
0.08141424
0.082776174
0.08276902
0.081416704
0.08379146
0.08591157
0.08624587
0.08200085
0.07740427
0.07502543
0.075617634
0.07585526
0.07399715
0.07431522
0.07670335
0.07934711
0.08175602
0.08052553
0.07819731
0.081494525
0.07929124
0.07776676
0.07871339
0.077637136
0.07865547
0.07939984
0.08208245
0.084100224
0.08348996
0.0856217
0.0840695
0.08432842
0.089955695
0.0854063
0.085383914
0.0859166
0.081536256
0.082487576
0.08065315
0.072195016
0.073802084
0.074564286
0.07244401
0.070651256
0.07395519
0.076057784
0.077151
0.07509551
0.07459181
0.07318413
0.07682151
0.0788576
0.073944494
0.07856134
0.07840046
0.078103185
0.07647548
0.07517612
0.07847882
0.08016574
0.080168985
0.084710196
0.0840276
0.085988835
0.085991204
0.08498948
0.085409
0.0820281
0.0776756
0.079935364
0.07799894
0.076006986
0.07486637
0.074258186
0.074903056
0.07736738
0.07653347
0.07782363
0.080151744
0.0869017
0.08599737
0.08632787
0.08412853
0.089186996
0.08871331
0.086036906
0.085258946
0.084064804
0.08291701
0.08685284
0.083631374
0.08316373
0.08215872
0.08022889
0.08070214
0.081576735
0.078936964
0.07704325
0.074389644
0.07429031
0.07462908
0.077514574
0.07797379
0.08075771
0.080340326
0.078612655
0.08309727
0.08304031
0.08229889
0.079653904
0.07616452
0.07584652
0.07810446
0.07869859
0.07700945
0.08011445
0.08442263
0.086358465
0.08492242
0.086924165
0.08357433
0.08374203
0.08735578
0.083394185
0.084036544
0.08511856
0.08267455
0.08286019
0.08535361
0.08408925
0.08523034
0.08600468
0.087158725
0.09127389
0.0893398
0.089684784
0.08822143
0.08579663
0.08563577
0.08712164
0.08610228
0.0884231
0.08621896
0.08799731
0.08847569
0.08929366
0.091579854
0.088189095
0.0855428
0.0813548
0.08273078
0.08152374
0.0812511
0.082459114
0.07945208
0.079763256
0.08097338
0.08087426
0.086087376
0.085830465
0.08977241
0.08681691
0.08631376
0.08882583
0.090489656
0.08724066
0.08522342
0.084211186
0.08386972
0.08742564
0.08721937
0.08798156
0.08586711
0.08736706
0.08942631
0.09212583
0.09226055
0.09364733
0.0942884
0.09495678
0.09470094
0.09690642
0.09631096
0.09590783
0.09380772
0.09221435
0.0895069
0.08984102
0.0897747
0.0877287
0.08441326
0.082034
0.08268646
0.08327464
0.08192055
0.082526006
0.07689633
0.0781167
0.07745562
0.0810269
0.081648104
0.08116766
0.080627576
0.077300675
0.07252103
0.072627805
0.072724454
0.07084093
0.06876548
0.066052705
0.06489636
0.06321583
0.06529401
0.06678549
0.06781167
0.07038565
0.06816491
0.06996534
0.07077425
0.0726898
0.072750196
0.07357085
0.07487588
0.07125024
0.073005505
0.07119342
0.07395096
0.0755918
0.07426436
0.07461594
0.07540123
0.076273635
0.075892456
0.07455628
0.073642425
0.07075313
0.07302255
0.07071818
0.07071937
0.0709349
0.06941826
0.067667864
0.065549344
0.065044105
0.06515545
0.06487935
0.06522293
0.065655306
0.06455031
0.062478445
0.061550643
0.06048863
0.06099022
0.0626865
0.063089356
0.063599266
0.06293457
0.06203394
0.06315154
0.06273771
0.06369902
0.064903244
0.06604312
0.06559365
0.06833432
0.06947331
0.068777315
0.06878784
0.07105944
0.07351325
0.075309925
0.07633129
0.07466635
0.07734333
0.07643011
0.07840958
0.07503979
0.07411407
0.07376272
0.074980535
0.073748805
0.06989709
0.067824185
0.068726614
0.07108466
0.06859333
0.07127242
0.070474416
0.07190985
0.07157386
0.073110774
0.07363667
0.07287208
0.07677115
0.07861271
0.080046885
0.07907559
0.07842099
0.07723362
0.07540407
0.07450665
0.07437633
0.07711667
0.08072073
0.081665576
0.084164165
0.08188309
0.08341956
0.084589526
0.086227365
0.08734758
0.08705412
0.088039905
0.09007046
0.08746457
0.083760664
0.08342245
0.084852755
0.08389298
0.08626557
0.08826397
0.08689278
0.08814392
0.08725343
0.0834745
0.08308002
0.08395115
0.08316414
0.08293687
0.08199277
0.080408305
0.078384385
0.07629143
0.08001956
0.0812417
0.08273277
0.087709896
0.088889845
0.09061317
0.09480888
0.09358513
0.0933344
0.09454539
0.09496972
0.096247755
0.09254901
0.09090417
0.09394445
0.09200665
0.09325743
0.090037115
0.086606234
0.089582816
0.091732934
0.09429339
0.09291874
0.09404344
0.096667945
0.09393918
0.091795444
0.09378561
0.09091717
0.094437696
0.09693157
0.097741924
0.09651523
0.09724726
0.096588165
0.09902778
0.10123358
0.10463075
0.10707073
0.10569591
0.11026507
0.11031953
0.10862399
0.11235866
0.11311797
0.1170155
0.118375026
0.11791179
0.11580077
0.11465915
0.11632647
0.11099216
0.110777095
0.10818657
0.104893275
0.10574607
0.10354967
0.103836514
0.10333046
0.097257935
0.09625894
0.09402127
0.09177162
0.092451766
0.092785314
0.093726955
0.09240902
0.09293622
0.08968478
0.091947585
0.0904255
0.09035924
0.09279944
0.09348217
0.09448069
0.09586268
0.09688265
0.09605894
0.09616922
0.09514761
0.091940254
0.0925589
0.09636614
0.09740191
0.09795679
0.096404396
0.09596746
0.097375065
0.09649057
0.09595482
0.09520557
0.09679972
0.09914456
0.10132176
0.102400385
0.09937612
0.096356995
0.0934145
0.09462226
0.094650894
0.09599465
0.09661727
0.09785187
0.098300785
0.09782971
0.09577587
0.0948369
0.097363904
0.096776456
0.09706497
0.09535725
0.09562608
0.09744571
0.095097356
0.0950962
0.09545574
0.09479836
0.0923152
0.09226866
0.09390587
0.091688514
0.08925619
0.08976516
0.08995072
0.08988756
0.08938831
0.0904368
0.09056349
0.09250294
0.092166156
0.08938886
0.08801515
0.08609374
0.08511136
0.08464322
0.083055906
0.08460656
0.086313345
0.08406689
0.08430557
0.08116237
0.078602865
0.07845124
0.07753622
0.07554974
0.07403502
0.07137218
0.069705516
0.07133365
0.070786975
0.06919458
0.07055182
0.07139466
0.07020866
0.072635956
0.0710362
0.06939326
0.068648525
0.06825907
0.068528675
0.068769775
0.06911598
0.069609724
0.07117844
0.0725121
0.07185994
0.07341513
0.07664561
0.075887874
0.07474127
0.07439922
0.07695361
0.07654656
0.07620381
0.07697312
0.074960686
0.076421134
0.07856292
0.07785149
0.07933912
0.08194512
0.082180835
0.08083254
0.079851046
0.077125795
0.07499809
0.07584714
0.07604519
0.07554825
0.073271975
0.072107
0.06980166
0.06959919
0.06944519
0.0669881
0.06499385
0.06445061
0.06383189
0.06365256
0.06311935
0.06164766
0.06046294
0.061154634
0.061438892
0.059333645
0.059987795
0.060191948
0.060096763
0.061739635
0.06302655
0.062795065
0.061310798
0.06271722
0.06356701
0.063959256
0.06340212
0.06584964
0.066254295
0.066090316
0.06582102
0.067248866
0.06740313
0.06732148
0.06601508
0.06689574
0.06720303
0.06814069
0.066446304
0.06638793
0.06598192
0.06788652
0.067441784
0.0672907
0.06658214
0.06601886
0.06422145
0.06377451
0.06294293
0.06318278
0.063611515
0.06302042
0.06210436
0.062409576
0.062127315
0.06100232
0.060534332
0.060761254
0.061767325
0.06084463
0.05965876
0.05839201
0.058569174
0.057483833
0.057021797
0.05688859
0.05697859
0.05665547
0.057901055
0.0585097
0.057314403
0.0578147
0.056936722
0.056554276
0.05692573
0.05703837
0.058196846
0.05772657
0.059551734
0.059786975
0.05894259
0.059623756
0.059016317
0.06057919
0.06070861
0.062064964
0.06406024
0.06272346
0.06188771
0.061207537
0.0615659
0.061769642
0.06393717
0.064822346
0.06617018
0.066655226
0.06604324
0.06530572
0.06417795
0.06424115
0.06642853
0.06461229
0.063665345
0.06397325
0.06262885
0.06311661
0.06392096
0.064235754
0.06342981
0.06348818
0.06347244
0.06441888
0.06309623
0.06390346
0.06375254
0.06440802
0.064632975
0.06528332
0.06620951
0.06636489
0.06679073
0.06775241
0.06672298
0.06615251
0.06505421
0.0647806
0.065354355
0.06670906
0.067756854
0.066516206
0.06637808
0.06690862
0.06761318
0.06707767
0.06616774
0.06685888
0.067781135
0.06773916
0.06896983
0.06853715
0.06842518
0.068551
0.06876073
0.06674916
0.065041795
0.06555028
0.06424578
0.063209236
0.0631563
0.063254096
0.06260008
0.0628953
0.06378037
0.063240916
0.06291674
0.06257304
0.06172236
0.0608639
0.061204124
0.06217278
0.061515525
0.06253697
0.062475447
0.06286873
0.06354173
0.06431252
0.06374961
0.06388984
0.0641154
0.06455303
0.0650561
0.06595757
0.06658067
0.06756296
0.06662673
0.06722211
0.066225216
0.066586725
0.06650252
0.067153774
0.068054445
0.07023601
0.07151061
0.0714282
0.07195597
0.07254962
0.073808804
0.075012185
0.075427726
0.0760332
0.07679583
0.07634405
0.07537169
0.07415115
0.0716303
0.07114612
0.06995659
0.06922686
0.06858116
0.06897938
0.06717292
0.06599119
0.06462837
0.0645591
0.06478945
0.06330247
0.06300557
0.06282151
0.061405044
0.060936507
0.05981079
0.059917267
0.059445783
0.05812587
0.057945084
0.056854457
0.056936566
0.0561226
0.055492587
0.055399816
0.055233818
0.05512623
0.054560773
0.053790253
0.05372242
0.052753344
0.05276205
0.05242268
0.05232016
0.051897924
0.051388625
0.050456326
0.049847048
0.04940638
0.0489382
0.04824166
0.04761296
0.04687861
0.046049114
0.04551207
0.04467213
0.04431057
0.04367021
0.042917278
0.04235039
0.041666158
0.041014243
0.04039266
0.039799575
0.039233323
0.038692355
0.03817525
0.0376807
0.037207488
0.0367545
0.036320686
0.03590509
0.03550681
0.035125017
0.034758933
0.03440783
0.034071043
0.033747934
0.03343791
0.033140432
0.032854974
0.032581054
0.032318223
0.03206606
0.031824153
0.031592134
0.031369656
0.031156382
0.030952003
0.030756228
0.030568779
0.0303894
0.030217847
0.030053891
0.029897315
0.02974792
0.029605513
0.029469915
0.029340958
0.029218486
0.02910235
0.028992409
0.028888537
0.028790608
0.028698513
0.028612146
0.028531408
0.028456207
0.028386462
0.028322093
0.028263032
0.028209211
0.028160576
0.02811707
0.02807865
0.02804527
0.028016899
0.027993506
0.027975064
0.027961556
0.027952967
0.027949288
0.027949288
0.027949288
0.027949288
0.027949288
0.027949288
0.027949288
0.027949288
0.027949288
0.027949288
0.027949288
0.027949288
0.027949288
0.027949288
0.027949288
0.027949288
0.027949288
0.027949288
0.027949288
0.027949288
0.027949288
0.027949288
0.027949288
0.027949288
0.027949288
0.027949288
0.027949288
0.027949288
0.027949288
0.027949288
0.027949288
0.027949288
0.027949288
0.027949288
0.027949288
0.027949288
0.027949288
0.027949288
0.027949288
0.027949288
0.027949288
0.027949288
0.027949288
0.027949288
0.027949288
0.027949288
0.027949288
0.027949288
0.027949288
0.027949288
0.027949288
0.027949288
0.027949288
0.027949288
0.027949288
0.027949288
0.027949288
0.027949288
0.027949288
0.027949288
0.027949288
0.027949288
0.027949288
0.027949288
0.027949288
0.027949288
0.027949288
0.027949288
0.027949288
0.027949288
0.027949288
0.027949288
0.027949288
0.027949288
0.027949288
0.027949288
0.027949288
0.027949288
0.027949288
0.027949288
0.027949288
0.027949288
0.027949288
0.027949288
0.027949288
0.027949288
0.027949288
0.027949288
0.027949288
0.027949288
0.027949288
0.027949288
0.027949288
0.027949288
0.027949288
0.027949288
0.027949288
0.027949288
0.027949288
0.027949288
0.027949288
0.027949288
0.027949288
0.027949288
0.027949288
0.027949288
0.027949288
