1487.7917
503.12375
232.43329
164.86775
129.90572
107.78678
92.194725
80.247765
71.01529
63.573208
57.46016
52.306744
48.072514
44.224117
40.929028
38.16097
35.65283
33.247902
31.215622
29.375917
27.800562
26.214342
24.870184
23.583044
22.3931
21.365871
20.51048
19.47848
18.857862
18.152557
17.221472
16.591394
15.991464
15.232819
14.687015
14.1248255
13.615051
13.157516
12.872957
12.349017
11.843857
11.558941
11.129457
10.828594
10.480675
10.183391
10.006911
9.684696
9.329332
9.045227
8.814959
8.587063
8.3631115
8.258318
8.058411
7.718202
7.5038548
7.3587317
7.199234
7.0424576
6.8701634
6.8221893
6.6023355
6.4022956
6.266791
6.1247396
6.0055
5.94143
5.7927346
5.669998
5.5225587
5.4675927
5.3447375
5.2009335
5.0971656
5.0214524
4.933626
4.8694453
4.7546353
4.6604395
4.597575
4.4934316
4.394855
4.329647
4.270663
4.2090015
4.139608
4.088077
4.0075197
4.0140157
3.9061012
3.8141937
3.7612827
3.7230263
3.681005
3.6078074
3.5407152
3.5124679
3.4620976
3.411308
3.3563857
3.3273568
3.2719486
3.2390304
3.202175
3.196542
3.1363816
3.0736291
3.0379095
2.9942214
2.974468
2.9348187
2.9320142
2.8537908
2.8442602
2.8175015
2.7699318
2.716361
2.71247
2.6704829
2.621849
2.6273472
2.559963
2.5586991
2.5858066
2.495218
2.464994
2.461477
2.4370909
2.401446
2.371634
2.3750865
2.3347363
2.3189168
2.3012722
2.2761052
2.2621005
2.2400913
2.2313657
2.2100244
2.175854
2.1404037
2.1294127
2.1212807
2.099234
2.0716932
2.060034
2.0399592
2.027098
2.0142908
2.0002427
1.9729742
1.9673216
1.9456676
1.9319999
1.9235982
1.9063973
1.8849087
1.8761331
1.8662374
1.8434454
1.8441628
1.8103502
1.8014786
1.829304
1.7896179
1.785793
1.7690912
1.7719893
1.7491386
1.7263227
1.7113836
1.6951888
1.7032608
1.6975826
1.6805686
1.6900901
1.6571449
1.7018129
1.6829693
1.6268077
1.6203296
1.6178416
1.6019454
1.6060705
1.5806361
1.5612276
1.5621647
1.5565623
1.5425118
1.5311811
1.5207516
1.5041757
1.4921018
1.4807303
1.4840783
1.4678242
1.4589295
1.4492357
1.4442238
1.4358697
1.425512
1.4136106
1.4153109
1.4016681
1.3997012
1.389415
1.3763484
1.3733813
1.3757991
1.3572434
1.3507197
1.3430752
1.3447723
1.339019
1.3268801
1.3185773
1.3201189
1.3168943
1.3131549
1.2963014
1.2942597
1.2957392
1.282081
1.2726703
1.2692107
1.2667801
1.257348
1.262894
1.2770492
1.2541595
1.2405071
1.2382948
1.2312696
1.2286409
1.2199525
1.226531
1.212816
1.213029
1.2054607
1.2019216
1.2030718
1.1982859
1.1953337
1.1922383
1.1785736
1.1831471
1.1840175
1.1826266
1.1584522
1.1632483
1.1615409
1.1516746
1.1493075
1.1464759
1.1411709
1.1403277
1.1411968
1.1331832
1.1292919
1.1330079
1.1253518
1.1165723
1.1200864
1.1156992
1.1299043
1.109846
1.1064205
1.0989261
1.1041545
1.0986174
1.0997711
1.1043909
1.0882612
1.0909908
1.0847553
1.092315
1.0827619
1.088949
1.0873938
1.0982258
1.0717983
1.0757195
1.0836288
1.0739671
1.0814588
1.0738267
1.0778217
1.0712641
1.0701596
1.061345
1.0658505
1.0578052
1.0535679
1.0581225
1.0466987
1.048629
1.0496207
1.0493659
1.0371778
1.0492802
1.0307529
1.0358695
1.0294054
1.0367075
1.0270284
1.017309
1.0160199
1.0130476
1.0111681
1.0207303
1.0066848
1.0035663
1.0031923
1.0035608
1.0041788
1.0058906
0.9995091
1.0015614
1.0068048
0.9929314
0.9936135
0.99545234
0.9969975
0.991302
0.9821804
0.9886145
0.9919758
0.9831485
0.9891111
0.9849574
0.9807729
0.9772835
0.9675417
0.96500045
0.96512413
0.96454304
0.96166325
0.96758336
0.96654236
0.9581347
0.9553732
0.9635949
0.96030754
0.9558117
0.96527207
0.95663035
0.9540035
0.95210105
0.9490649
0.94632465
0.9469287
0.9387528
0.9465431
0.94029355
0.94468635
0.93760407
0.94005895
0.9269545
0.92651474
0.935535
0.9256686
0.9210016
0.9277157
0.9234363
0.922489
0.9159755
0.92245954
0.92394316
0.91376656
0.9171006
0.9123788
0.91060793
0.9052689
0.8994501
0.90563977
0.9040024
0.9094109
0.90006536
0.90110075
0.90352815
0.90224123
0.89495194
0.897311
0.9049745
0.89641494
0.9005587
0.90054595
0.89725626
0.8985892
0.8901822
0.88754094
0.89394
0.88629836
0.88511705
0.88838345
0.8791644
0.8878571
0.87222445
0.8780985
0.87402445
0.87682587
0.8778616
0.871203
0.86612016
0.8719143
0.8666105
0.8681916
0.86302346
0.86697817
0.8684607
0.85731256
0.8553163
0.86027735
0.84834194
0.8560227
0.85994095
0.852839
0.8560205
0.8481768
0.84639364
0.8452594
0.8429904
0.84417015
0.8362699
0.8385593
0.8427586
0.8471236
0.83490497
0.8378743
0.8312294
0.83345336
0.8350841
0.8259377
0.82199347
0.824764
0.8237555
0.8177642
0.8244348
0.81975925
0.8261531
0.81935537
0.8216313
0.82068646
0.8182448
0.81554407
0.81214935
0.81130123
0.8148037
0.8154824
0.80335855
0.8098477
0.8095198
0.8056323
0.797072
0.8065874
0.80375445
0.8034484
0.7996892
0.79826874
0.8030544
0.79946333
0.79024357
0.80020916
0.79453176
0.79079914
0.7934472
0.7880298
0.79229516
0.7920792
0.78734565
0.79464066
0.7887261
0.78114307
0.7849641
0.783731
0.7821857
0.78291243
0.77618694
0.778417
0.78321916
0.78652656
0.7905867
0.797718
0.7846976
0.77871406
0.78217417
0.78255594
0.7811
0.78151506
0.78886765
0.776073
0.7740991
0.77412564
0.77917594
0.78112656
0.7705581
0.7795244
0.7781013
0.77730745
0.7711022
0.77340704
0.7787122
0.77503985
0.78104794
0.7795799
0.77927125
0.76780355
0.77335733
0.771232
0.7650235
0.768562
0.7696691
0.80441564
0.7738626
0.77606523
0.77049917
0.7701384
0.77450633
0.7736596
0.77291703
0.76930094
0.769899
0.7721709
0.767852
0.760786
0.7836554
0.76471424
0.7638065
0.7571976
0.7657835
0.7585072
0.76670253
0.7529867
0.7621519
0.76100296
0.7633846
0.75699216
0.7562309
0.75746757
0.7604337
0.7541964
0.7561246
0.7518836
0.7564118
0.75195843
0.75892437
0.7605549
0.76019394
0.7517514
0.7504557
0.76077867
0.74852955
0.75115246
0.7537268
0.7573975
0.75466317
0.7606464
0.7558689
0.7531551
0.75687784
0.7591323
0.7577898
0.7526254
0.75314534
0.75680083
0.75924885
0.7596442
0.7594574
0.7620838
0.7550515
0.75376916
0.7528173
0.7599074
0.7554332
0.75650716
0.75847656
0.7562174
0.7613136
0.75362444
0.75682175
0.7586641
0.7517986
0.7481523
0.7539004
0.7583553
0.752413
0.75864756
0.74838144
0.7520702
0.7428719
0.7507362
0.7463896
0.74999464
0.74615633
0.74885297
0.7505457
0.75104326
0.741742
0.74257874
0.7467323
0.74626285
0.7510734
0.7466557
0.7470045
0.7500736
0.74041796
0.7422679
0.74595344
0.7429213
0.7461068
0.74251866
0.73642427
0.740178
0.7370498
0.74271387
0.7292406
0.73588926
0.74067694
0.7362308
0.7401647
0.73042804
0.73304504
0.7480126
0.7342026
0.7314871
0.7409677
0.7423104
0.72731596
0.72953296
0.72792566
0.73500013
0.7311962
0.7300612
0.7283637
0.7259942
0.73027265
0.7250237
0.7238607
0.73205197
0.72780246
0.7197339
0.7218364
0.7193736
0.7155475
0.7220184
0.71771514
0.7157136
0.7177943
0.7215394
0.71899104
0.72188187
0.725435
0.71501017
0.719624
0.7234503
0.7154409
0.72046167
0.7152675
0.7144279
0.7161271
0.7182703
0.7180957
0.7152511
0.71382505
0.717585
0.720469
0.72153276
0.7143814
0.7159971
0.7163486
0.7172984
0.716821
0.7208193
0.7104154
0.72413516
0.7148821
0.7173737
0.71463466
0.7159839
0.713841
0.7137424
0.71230155
0.7100319
0.72145224
0.7115199
0.7131048
0.71741545
0.7119032
0.7151806
0.71172154
0.71562135
0.71695316
0.7060913
0.7048869
0.71328676
0.71075
0.70868665
0.7089498
0.7105713
0.7115998
0.7167579
0.7115928
0.7077094
0.70695645
0.7040128
0.7062967
0.7140147
0.7161039
0.712362
0.70993835
0.717238
0.7154194
0.7106488
0.70501035
0.7018591
0.7062506
0.70984864
0.70293033
0.70668113
0.7067839
0.7122362
0.69370186
0.7055284
0.69564915
0.7059271
0.70003426
0.70230436
0.7007509
0.70138973
0.7023739
0.6941517
0.6953258
0.70014536
0.70447135
0.6942393
0.6981923
0.69911265
0.69749844
0.6940739
0.6926529
0.6914561
0.694255
0.69161886
0.69403696
0.68969446
0.6988427
0.69111025
0.6918589
0.6899099
0.69009334
0.6881547
0.68931
0.6845135
0.68737835
0.6850706
0.67827326
0.6802366
0.68598914
0.68512815
0.6805162
0.6802882
0.6856059
0.68590486
0.68655276
0.6820123
0.6741885
0.6808097
0.68037504
0.6782977
0.6756078
0.6804346
0.67608434
0.6761169
0.6758611
0.67898697
0.66828156
0.6755073
0.6780582
0.67196584
0.6643682
0.67499626
0.6769366
0.67271173
0.670246
0.67486954
0.6740931
0.6732023
0.680523
0.67736703
0.67040676
0.68026304
0.67681354
0.6753246
0.67160296
0.66815394
0.67185855
0.6712775
0.67180634
0.6744778
0.6681297
0.66699797
0.6722651
0.67001295
0.6676261
0.67096806
0.6731573
0.66968083
0.6717412
0.6702298
0.67537856
0.67252153
0.6696564
0.66840166
0.6669415
0.6738426
0.670021
0.66650105
0.66770285
0.66772026
0.6705697
0.67584574
0.668761
0.6757355
0.66835296
0.6698811
0.6748827
0.66769147
0.6716995
0.66620445
0.6614545
0.6684264
0.6658196
0.6631077
0.66589725
0.6656685
0.6600953
0.6639721
0.6681469
0.66426665
0.6662397
0.66260004
0.6610167
0.6590314
0.6593165
0.6574388
0.6658903
0.66290885
0.65404224
0.6559597
0.65174544
0.6547663
0.65218455
0.654826
0.6547307
0.65128165
0.65239394
0.65317124
0.6525997
0.6535522
0.6476295
0.6477016
0.6507724
0.64973354
0.6505133
0.6446769
0.64915603
0.6514989
0.6404421
0.648882
0.6493883
0.6514029
0.64736754
0.6389496
0.63860357
0.6437843
0.64068174
0.638213
0.6405309
0.6458616
0.63656527
0.6338954
0.63428724
0.6415867
0.63743526
0.64354706
0.63013697
0.6335637
0.634385
0.63665026
0.633373
0.6269624
0.63173425
0.6331282
0.6348565
0.6284006
0.628737
0.62436324
0.62724483
0.62732154
0.63335294
0.62951833
0.63228613
0.623891
0.6209408
0.63094646
0.62068594
0.6271536
0.63044643
0.6335167
0.62479043
0.62567455
0.62537664
0.625584
0.6265213
0.627521
0.61825144
0.6183109
0.6234714
0.62118316
0.6258956
0.62154526
0.6201952
0.62275267
0.62332726
0.62136656
0.61768436
0.62678105
0.62573695
0.61986256
0.6205469
0.6182178
0.62382257
0.6149055
0.6210525
0.6200185
0.6121661
0.619221
0.6199805
0.614681
0.62339556
0.6203233
0.612339
0.6143453
0.6117429
0.61849076
0.6153
0.6190388
0.6192264
0.60866565
0.61479545
0.61116385
0.60730934
0.6093051
0.6119265
0.6144583
0.6100869
0.6164868
0.6141782
0.6102603
0.60392374
0.6104374
0.5982644
0.6079201
0.6017885
0.59931177
0.59941584
0.6077281
0.6038377
0.6006893
0.59814346
0.60215455
0.6048267
0.6036113
0.6044394
0.6021777
0.6010149
0.6088996
0.59827447
0.6121469
0.6072154
0.59960455
0.6001466
0.60454625
0.60513294
0.6064685
0.6118254
0.60451543
0.60317004
0.59799165
0.60565275
0.607076
0.60587287
0.5979203
0.6035242
0.6072161
0.6026968
0.6093834
0.60598123
0.59646606
0.60029685
0.60349876
0.6001541
0.5992434
0.6024648
0.6016743
0.60126376
0.60166395
0.6010802
0.6072441
0.60348773
0.608707
0.5975366
0.60331357
0.5994994
0.60572714
0.6006409
0.6034486
0.60508424
0.6043036
0.6014009
0.6021803
0.6051556
0.60387266
0.59754735
0.60062385
0.59204644
0.60013616
0.6072366
0.59727484
0.6005454
0.601654
0.6006375
0.5999073
0.598217
0.60336906
0.60019845
0.59993786
0.60376316
0.60104823
0.6046789
0.6017575
0.600868
0.60217226
0.5973122
0.58793455
0.6024447
0.586943
0.5973397
0.5958658
0.5952835
0.5955028
0.60016406
0.6019105
0.5900911
0.59457755
0.5923042
0.5881216
0.59266645
0.5910925
0.5901662
0.5924474
0.59357804
0.5898486
0.5906044
0.5883185
0.5881831
0.5928307
0.5920899
0.5886292
0.5884742
0.588023
0.5847911
0.58662325
0.58794254
0.5760779
0.5784898
0.5919575
0.5779894
0.5782325
0.58072907
0.5772563
0.57633865
0.583793
0.57615393
0.5840747
0.57831734
0.5770982
0.57601565
0.5812883
0.5758715
0.5786283
0.5761884
0.5829401
0.5751517
0.58160174
0.5811288
0.58213764
0.5783337
0.5794869
0.5773722
0.57659084
0.57659113
0.57739824
0.58554435
0.57935995
0.5739525
0.580995
0.5793617
0.58046687
0.5764965
0.5768644
0.5766914
0.5757828
0.576781
0.5785139
0.5815849
0.5761203
0.5743767
0.5783662
0.57551163
0.57378876
0.5775089
0.573855
0.57112753
0.5714297
0.5792259
0.574737
0.5761183
0.5748448
0.5677067
0.5743241
0.57482827
0.57571995
0.56627584
0.5679265
0.5708667
0.5758974
0.57914037
0.5824167
0.57557124
0.57321984
0.5637939
0.5695371
0.5778517
0.5681616
0.5708189
0.5665471
0.57697856
0.569734
0.5739634
0.5712835
0.571035
0.5742041
0.57666755
0.5723739
0.5719185
0.57988185
0.57497776
0.5735573
0.5748535
0.5715295
0.5763873
0.5792575
0.57325286
0.5743387
0.5715499
0.56881005
0.57100326
0.5722364
0.57390714
0.56651163
0.57178396
0.56651753
0.5699494
0.57441324
0.5651672
0.5609847
0.55972785
0.5654338
0.5678899
0.5635068
0.5589882
0.5552693
0.5585436
0.559777
0.56298995
0.5570284
0.5529247
0.5555816
0.56217235
0.55530924
0.55505115
0.55832857
0.5556902
0.55574954
0.5520692
0.558639
0.55208415
0.553749
0.5532567
0.5535782
0.55341285
0.5515835
0.5441863
0.54948515
0.5533133
0.54919773
0.5470207
0.55097586
0.5505668
0.54337215
0.5444376
0.5447154
0.5440409
0.54957294
0.55619925
0.5461897
0.54356396
0.5440882
0.54386765
0.5413122
0.54291415
0.5429624
0.5354221
0.53468645
0.536061
0.5390329
0.54025364
0.53554076
0.5364965
0.5321203
0.53109616
0.53099644
0.53202885
0.53122425
0.52972376
0.5292723
0.5347399
0.53012604
0.53263044
0.5326938
0.52829444
0.529787
0.527952
0.52718186
0.53039306
0.52809674
0.5275359
0.53166246
0.5249886
0.528404
0.52354604
0.5288126
0.5311959
0.53055674
0.5338439
0.5284409
0.52238727
0.53230584
0.528518
0.52696365
0.53435355
0.5267484
0.5255034
0.52811885
0.52520806
0.52129704
0.5220697
0.530802
0.5322494
0.5271054
0.5296388
0.53157234
0.5217841
0.52643776
0.5265166
0.5296758
0.53059566
0.52943987
0.5273751
0.5343157
0.5302979
0.5289305
0.53067297
0.52752286
0.5301069
0.5275458
0.52652985
0.5378342
0.53361046
0.54274756
0.53924423
0.52998817
0.5289248
0.5304231
0.53415364
0.52942777
0.5264252
0.53281885
0.53442365
0.5288713
0.529238
0.52630883
0.53422433
0.5313277
0.5322166
0.527939
0.5340121
0.53717875
0.53146505
0.53351635
0.5285873
0.5334711
0.52405083
0.5293857
0.5256765
0.53325623
0.5269466
0.52433187
0.526696
0.52275676
0.52541864
0.5292483
0.5265965
0.52836376
0.5251888
0.52033365
0.5284044
0.5292158
0.52817124
0.5264613
0.5269708
0.5298345
0.52389014
0.52045584
0.52225876
0.52039933
0.52025336
0.5252772
0.5212342
0.52129495
0.52329934
0.51889396
0.52093977
0.5223053
0.51866424
0.51927364
0.51896065
0.5233138
0.5204282
0.5189328
0.5228253
0.5123263
0.51541096
0.51949596
0.51511925
0.5161354
0.5209377
0.5182028
0.51974386
0.51461077
0.5218423
0.51543677
0.51710874
0.5182143
0.51620585
0.5187543
0.5137499
0.5175883
0.51540875
0.5128749
0.5129371
0.5187949
0.5153491
0.5217591
0.51261115
0.51591194
0.5170298
0.51525396
0.50833803
0.50993836
0.51176006
0.5156766
0.5073453
0.51132363
0.51595485
0.51294434
0.5169451
0.514075
0.5190318
0.5121514
0.5085262
0.51230896
0.5226307
0.5063652
0.51377845
0.51033247
0.5152532
0.51063114
0.510044
0.51032245
0.51604784
0.5165929
0.50991434
0.5010006
0.5159415
0.5138127
0.5163078
0.51854676
0.51106364
0.51537806
0.51482606
0.50730944
0.5159938
0.5198656
0.51171076
0.51264703
0.51043653
0.5142664
0.5151053
0.5144666
0.51894045
0.5115953
0.5126592
0.51480013
0.51449
0.50973004
0.51395905
0.5098432
0.5181226
0.5120537
0.51007104
0.50815535
0.512556
0.51542896
0.50412744
0.50939095
0.51275206
0.516141
0.51233125
0.51608336
0.5115321
0.5109384
0.5122936
0.5079859
0.51072764
0.5092674
0.5119836
0.50851727
0.5095403
0.5071864
0.5056535
0.50805676
0.50292677
0.5016409
0.50719064
0.5085259
0.50499874
0.50009686
0.50145346
0.5071198
0.5021515
0.5088643
0.5030723
0.49908015
0.49934363
0.50612783
0.4973725
0.50257427
0.4978374
0.49621612
0.5101849
0.50368285
0.496061
0.497489
0.49225187
0.49641764
0.48811495
0.49213085
0.49284336
0.49451163
0.49509826
0.48724484
0.49376988
0.49044874
0.48775658
0.48675177
0.48976392
0.48528552
0.48583138
0.48648703
0.48839748
0.4820725
0.48648953
0.48582652
0.48759514
0.48285946
0.48580858
0.48276493
0.48463324
0.48191985
0.48383275
0.48159468
0.47882685
0.4769196
0.48242572
0.48518044
0.48322183
0.47587776
0.48001537
0.47547367
0.4845827
0.4765215
0.47597772
0.47709635
0.4824083
0.47920793
0.47362298
0.47713518
0.4738474
0.4692754
0.47422442
0.46970484
0.47154075
0.47315878
0.47333512
0.4729073
0.47373623
0.471906
0.47409028
0.47225085
0.47324595
0.46776074
0.4662754
0.46979317
0.46955785
0.46980062
0.47367075
0.47286597
0.4734465
0.47231677
0.47173086
0.4675255
0.4733951
0.4701722
0.4674093
0.4720485
0.4656349
0.46065202
0.46665108
0.4656368
0.4685738
0.46994802
0.4683182
0.46704763
0.4646512
0.46593815
0.46468696
0.46415702
0.463957
0.4644776
0.45766586
0.4656945
0.45991406
0.4653023
0.4610314
0.4627935
0.4598564
0.47212803
0.46505404
0.4631639
0.4623573
0.46178344
0.45795187
0.46259472
0.46271557
0.4713602
0.46093395
0.4625354
0.4636534
0.4636994
0.46564078
0.46647146
0.46165627
0.46845332
0.4619305
0.46316722
0.46567824
0.46493182
0.47011927
0.4667078
0.4670323
0.46473745
0.46251848
0.45779446
0.4686195
0.46631652
0.46700928
0.46940923
0.46904084
0.46500304
0.46282348
0.4646501
0.46692657
0.47062054
0.4670601
0.46847293
0.47074255
0.46635368
0.46736282
0.4693416
0.46575567
0.4722221
0.46356374
0.46733016
0.4607362
0.46082613
0.46829545
0.4572252
0.47072458
0.46921712
0.46452406
0.46149385
0.46938825
0.46412933
0.4645253
0.46271545
0.46342546
0.4604267
0.46175095
0.46542624
0.45942733
0.45027688
0.45808285
0.46196282
0.45838904
0.45783108
0.45289695
0.45959315
0.46027166
0.45801654
0.456417
0.45579737
0.45477083
0.45350516
0.45483696
0.45757785
0.45914197
0.45950997
0.45933485
0.45267937
0.4569086
0.4539549
0.45711026
0.4539843
0.4606583
0.45387274
0.4494789
0.45144603
0.44986022
0.44754606
0.45226693
0.4521273
0.4464527
0.4470594
0.45261064
0.44972914
0.43993708
0.44676062
0.44085526
0.4447549
0.442882
0.4511564
0.44708282
0.45095077
0.4398048
0.44646415
0.4489622
0.4471637
0.44664147
0.43998802
0.44579154
0.44457594
0.44209224
0.44808105
0.43896276
0.44399598
0.44082937
0.442536
0.44828224
0.4409567
0.4456547
0.44190603
0.44446862
0.44248766
0.44239357
0.4451272
0.45044625
0.4432567
0.44560283
0.4352166
0.4375844
0.4348369
0.44327757
0.44038966
0.4351607
0.44821966
0.44159213
0.44213378
0.4375721
0.44119185
0.43702638
0.44429126
0.44095346
0.44166332
0.4404532
0.44335613
0.4338789
0.43717706
0.4333
0.43695042
0.4333835
0.43841326
0.44307363
0.44025233
0.43918797
0.44010958
0.43536928
0.441734
0.4372386
0.4339724
0.43184856
0.44178993
0.43873143
0.43184045
0.43587458
0.43621728
0.43508175
0.43640488
0.42888767
0.43978104
0.42957842
0.42680982
0.4394577
0.43818346
0.4386628
0.43811005
0.4315356
0.42874944
0.4379298
0.4363416
0.43249956
0.4257104
0.4316484
0.43304616
0.43061337
0.43080238
0.42793453
0.42784718
0.42682835
0.43344083
0.43097365
0.42176756
0.43259096
0.4313766
0.42752203
0.43278465
0.43053642
0.42567578
0.43328804
0.4264539
0.42973635
0.43043002
0.43099684
0.43039504
0.43262294
0.43018878
0.42502213
0.4318414
0.43235782
0.4301431
0.4335906
0.42938098
0.42955247
0.42955852
0.43240476
0.4340076
0.43340167
0.4349082
0.4268853
0.43232292
0.43600285
0.43365055
0.42945313
0.42783687
0.43367937
0.43191618
0.43019533
0.42556608
0.42725903
0.4201506
0.4254332
0.43394598
0.42604217
0.42516586
0.42109147
0.42408696
0.42417115
0.42801058
0.42250913
0.42751837
0.4246333
0.4249347
0.42400348
0.42997915
0.41752467
0.42405432
0.4169829
0.42459372
0.4224237
0.42090976
0.41525036
0.4247467
0.4203866
0.42268616
0.42452332
0.41718143
0.42037773
0.4214381
0.42439735
0.42212695
0.42825073
0.4199799
0.42095587
0.42142004
0.42625055
0.42230517
0.4196324
0.4174769
0.41608766
0.41542807
0.42134342
0.42293772
0.42261875
0.42001575
0.41588065
0.41389564
0.42250225
0.4171775
0.42233184
0.41802955
0.41693693
0.41816628
0.4188753
0.41968033
0.4172244
0.41876793
0.41878152
0.41964406
0.41590032
0.4204631
0.4183161
0.41745564
0.4139471
0.41540968
0.41552374
0.4165362
0.413247
0.4159181
0.41611025
0.41950473
0.4178309
0.4122814
0.41763645
0.41233698
0.41439834
0.41796598
0.4105613
0.4152527
0.4155269
0.41831952
0.41825557
0.41340974
0.4132875
0.41226587
0.41782835
0.4172148
0.41492
0.4106774
0.41273725
0.41327003
0.41600102
0.41820472
0.41219956
0.4178179
0.41295555
0.4178532
0.41148198
0.4077166
0.4132025
0.4074437
0.4150804
0.40667883
0.40942436
0.40669703
0.41368648
0.41178137
0.40447155
0.40974924
0.40578374
0.408666
0.41210902
0.4065509
0.4118941
0.40433472
0.40599155
0.4076656
0.4066985
0.41034093
0.40708244
0.4165783
0.41068026
0.41099158
0.4076532
0.40505835
0.40912417
0.40877056
0.40470448
0.41293424
0.41213295
0.41027203
0.40943882
0.4153863
0.4106039
0.4127942
0.4027896
0.4094472
0.41007775
0.40640232
0.40851134
0.4078372
0.4080886
0.41388565
0.41158086
0.41197282
0.4144041
0.4105451
0.40753606
0.405781
0.40858343
0.4062828
0.41310066
0.4151171
0.40748858
0.40258232
0.40469125
0.40062895
0.40542364
0.402424
0.40563983
0.40771067
0.40638217
0.4030247
0.40316302
0.407403
0.4079852
0.40950435
0.4058438
0.40256515
0.39995024
0.40356338
0.3986963
0.40060064
0.40048677
0.40257752
0.40048096
0.40014464
0.40410888
0.40159062
0.39977783
0.40499026
0.4002539
0.40666205
0.39858925
0.40231115
0.39861417
0.40275532
0.40665376
0.40130332
0.39777166
0.39892036
0.39996365
0.40129828
0.40247545
0.4047868
0.3957561
0.40112513
0.39783537
0.39645794
0.40258285
0.39844936
0.39773065
0.39250022
0.39838237
0.39409673
0.3937606
0.39115015
0.39230987
0.39452195
0.3923994
0.38838318
0.3920174
0.39414278
0.3925672
0.39201203
0.38869983
0.39381537
0.39047286
0.38324758
0.39283416
0.38544178
0.3841071
0.3905108
0.392839
0.39671716
0.39193085
0.38525087
0.39028093
0.38653266
0.39288378
0.39155006
0.38732553
0.39299664
0.3832852
0.38853356
0.3911384
0.39225107
0.39317
0.387788
0.3971786
0.39039227
0.38479534
0.38879725
0.39016297
0.38859242
0.3886
0.3895624
0.38695866
0.3863514
0.3856928
0.38833922
0.39162913
0.3842905
0.3829059
0.38138387
0.38996658
0.3858404
0.38623622
0.38413084
0.3830397
0.3795974
0.39241514
0.3848233
0.3908998
0.3848351
0.38862717
0.3832183
0.38929614
0.39444825
0.38243306
0.39075857
0.38945088
0.38796118
0.38416725
0.38676703
0.3888444
0.38976765
0.38766256
0.3909906
0.39064798
0.3907633
0.387047
0.38725334
0.3840357
0.3864769
0.38394076
0.38347456
0.38230962
0.3859978
0.3839057
0.38440955
0.38542396
0.37703344
0.38771114
0.38212356
0.3776232
0.38696042
0.37464
0.38233703
0.3818673
0.38092333
0.3845037
0.37986976
0.37910512
0.38324127
0.38048568
0.38031432
0.38024044
0.37888741
0.38233417
0.37933826
0.38352412
0.37921086
0.37476
0.37870264
0.38083106
0.38321674
0.37737453
0.38424265
0.37738165
0.38015017
0.3791901
0.3748079
0.38154063
0.37579885
0.37785196
0.3799362
0.37886208
0.37635514
0.3796853
0.37875217
0.37752157
0.37937412
0.3746633
0.37872985
0.37469724
0.37906426
0.37822014
0.37481937
0.37389222
0.37444907
0.37822166
0.37243804
0.3745005
0.3733433
0.37674296
0.37012416
0.3742654
0.3750297
0.37588748
0.36760196
0.37552848
0.37137985
0.3702074
0.37162846
0.37603444
0.37049893
0.3693417
0.36891434
0.36557093
0.3686566
0.37397313
0.37423652
0.372309
0.36730447
0.37108982
0.38108873
0.37088692
0.37045088
0.37463492
0.37135652
0.37256658
0.37302676
0.37366173
0.36832374
0.37301043
0.36520213
0.36831293
0.36982536
0.3656553
0.37104344
0.36369702
0.3623814
0.36389932
0.36975145
0.36370113
0.36807182
0.36449036
0.36627358
0.36585784
0.36263376
0.36557564
0.36116523
0.36465138
0.36815217
0.36665657
0.36841393
0.36621314
0.36533803
0.36059
0.36824042
0.35956997
0.36561242
0.3614187
0.3692357
0.3666657
0.3590755
0.36693236
0.3657045
0.36480725
0.37133154
0.37263498
0.36981112
0.3714743
0.3642196
0.36638108
0.36381692
0.36708513
0.36702842
0.3688044
0.36889675
0.36837795
0.36576715
0.36963484
0.36137238
0.3632484
0.36228895
0.36125305
0.36481398
0.36452383
0.36145476
0.36264995
0.36667734
0.3597122
0.36828837
0.36289093
0.36294332
0.36447367
0.366421
0.3611137
0.36767873
0.36195046
0.35872623
0.35930791
0.35812992
0.36168084
0.36313403
0.35923055
0.3657397
0.35901424
0.3572292
0.35207266
0.35743386
0.3545907
0.3528223
0.3511184
0.35782304
0.35567653
0.35588828
0.3534567
0.35519132
0.3547678
0.34827337
0.35013434
0.34717837
0.349233
0.35327083
0.35390046
0.35352236
0.34835008
0.35158142
0.34734026
0.35010543
0.3465953
0.34913316
0.35182074
0.3457539
0.34840044
0.34107742
0.34616074
0.34395266
0.34527683
0.34698352
0.35515186
0.34366325
0.3493314
0.35036492
0.3442827
0.3450466
0.34753427
0.34886163
0.34234628
0.3490308
0.34425855
0.34360135
0.34962034
0.3469011
0.34126753
0.34276867
0.34112042
0.34742057
0.34330982
0.34346715
0.34959728
0.34325054
0.34745285
0.34098646
0.34329483
0.34061518
0.34039515
0.34339076
0.34574503
0.34182274
0.33895704
0.33841324
0.3396867
0.34177554
0.33940503
0.3416671
0.34306002
0.34195668
0.3410145
0.34747437
0.3407344
0.3462678
0.346003
0.33940148
0.33997917
0.33933145
0.34705925
0.34211525
0.34304586
0.34169576
0.33863395
0.34275305
0.34200773
0.33922422
0.34578955
0.3443068
0.34475848
0.3467659
0.34239388
0.33988875
0.34370327
0.33607513
0.3391117
0.33552146
0.34058788
0.3405454
0.34314868
0.3444381
0.34618822
0.3368469
0.33708414
0.34069374
0.3420988
0.34273174
0.34038767
0.34220508
0.3466164
0.33774874
0.34426248
0.33883578
0.34653455
0.34045392
0.3426866
0.34438238
0.34305814
0.34621704
0.3424702
0.33795664
0.35109758
0.34697717
0.34359056
0.3492446
0.34774306
0.3420973
0.33999786
0.3435948
0.3463646
0.33855313
0.34462807
0.34815192
0.34817377
0.34395087
0.3379657
0.34408855
0.33852562
0.34479037
0.34093985
0.350337
0.3464109
0.34103015
0.3457049
0.34325093
0.3435829
0.3387534
0.34768137
0.33758217
0.340902
0.34177873
0.3458629
0.34431145
0.3413081
0.34354505
0.3453166
0.34205455
0.34506726
0.34138423
0.3417917
0.3372978
0.3419826
0.3409136
0.33719033
0.33875188
0.33952358
0.34526306
0.33956274
0.34173414
0.34220368
0.33912858
0.33990604
0.336445
0.34095234
0.3394227
0.3382675
0.33853024
0.33321726
0.34069103
0.3377652
0.33608428
0.33626464
0.3371327
0.33833927
0.33825397
0.3424188
0.33597773
0.3388547
0.34007058
0.3393939
0.337296
0.33257312
0.3375272
0.33652154
0.33835852
0.3362112
0.33509672
0.34153488
0.34403592
0.34115773
0.3403882
0.33713174
0.33479455
0.33417544
0.3412341
0.3350023
0.33717507
0.3389983
0.33700836
0.3393628
0.34127474
0.3307997
0.33675757
0.3382631
0.33867344
0.3394456
0.3378181
0.33706632
0.3394174
0.33402446
0.33604926
0.33287248
0.33707005
0.33676645
0.33942914
0.33699444
0.33242327
0.3299293
0.33411193
0.33147216
0.3334901
0.3334885
0.33133543
0.3294582
0.33227274
0.32884002
0.3270767
0.32902768
0.330211
0.33045772
0.32898676
0.32434073
0.33112654
0.32230124
0.32566
0.3229139
0.3295818
0.32789975
0.3196711
0.32449752
0.3239121
0.32665932
0.3208242
0.3241322
0.32745913
0.32117504
0.3293526
0.32414943
0.31956682
0.32613197
0.3231139
0.32299182
0.32852578
0.3238748
0.317862
0.32367626
0.32804075
0.3267325
0.3223738
0.32423744
0.3325324
0.32965466
0.32516673
0.32752785
0.32178026
0.32220942
0.32127774
0.32649052
0.31713152
0.32644185
0.32715967
0.32114866
0.32212564
0.31938016
0.32139772
0.3263853
0.32477942
0.31919563
0.32989854
0.32186517
0.3303932
0.32243225
0.32407376
0.32330656
0.3270876
0.3268285
0.32378173
0.3202462
0.3169997
0.32907265
0.32389167
0.32283062
0.32318464
0.3251551
0.32354057
0.33170396
0.32802612
0.32689276
0.32308164
0.31984517
0.31934732
0.32838112
0.32663748
0.32476157
0.32495514
0.3243942
0.32427046
0.32377845
0.32493326
0.32505727
0.32287937
0.32525653
0.3281079
0.32289433
0.33266577
0.32943338
0.3317019
0.32452813
0.32697412
0.32410944
0.3265222
0.32777447
0.3205773
0.3210123
0.32193065
0.3297732
0.32573655
0.32434252
0.32218716
0.3263098
0.32713598
0.32649654
0.31950852
0.32372344
0.32033667
0.32292053
0.31964508
0.32035655
0.32522637
0.3192667
0.31933618
0.3157526
0.3243002
0.31688067
0.32027406
0.32104266
0.32363042
0.32426074
0.31930697
0.32710695
0.32150757
0.32495484
0.32839897
0.3284899
0.3196951
0.3224921
0.32163543
0.32315615
0.3232971
0.32088035
0.32685143
0.32900035
0.3253183
0.32663912
0.32400352
0.32119697
0.32067388
0.3229591
0.3286847
0.31942952
0.32509068
0.32543063
0.3242978
0.3258388
0.3201697
0.32368156
0.31481823
0.3188618
0.31836557
0.3198087
0.32058257
0.31630695
0.3194204
0.31615025
0.3152116
0.31098732
0.3139746
0.31616706
0.31151098
0.31390882
0.31517744
0.3155052
0.310948
0.3127236
0.31384233
0.31380746
0.31151503
0.30768073
0.31430516
0.31161243
0.30933288
0.308771
0.31172755
0.31085134
0.31122774
0.30647406
0.31222042
0.31149566
0.3107257
0.30743557
0.30511418
0.31100845
0.3096556
0.31131107
0.30756366
0.30779794
0.30801192
0.31220117
0.30635157
0.30614933
0.30816874
0.30626005
0.30787483
0.3031786
0.3068041
0.30769214
0.31339553
0.30984125
0.3084201
0.30742046
0.3048749
0.30467796
0.30649295
0.30611378
0.3069737
0.30608955
0.30305845
0.3095299
0.30259386
0.3057786
0.30264816
0.31174582
0.30771863
0.30732885
0.30801418
0.3049337
0.30864233
0.30556303
0.30934772
0.30986905
0.30226338
0.304373
0.29853624
0.30493578
0.3013262
0.30372274
0.30607793
0.29865357
0.3044596
0.30943018
0.3037847
0.30208376
0.3019982
0.29857308
0.2966933
0.30019864
0.30090612
0.2982273
0.30510435
0.29929942
0.30155015
0.29793635
0.30180973
0.29370472
0.2990991
0.2978114
0.2943289
0.29406917
0.29472765
0.2972329
0.29824382
0.2967277
0.30010605
0.29459405
0.29751685
0.29301542
0.29395467
0.29720205
0.2914539
0.2964398
0.2960172
0.29913062
0.29646692
0.28975683
0.29679567
0.2960412
0.2933032
0.29335466
0.29327115
0.29255283
0.29075778
0.2944487
0.29670033
0.29524264
0.2909746
0.29769883
0.28918308
0.2903705
0.291824
0.29603142
0.29208538
0.29225737
0.2912399
0.29037067
0.29280704
0.28957954
0.2936443
0.29283524
0.2926584
0.29366344
0.29179287
0.29260692
0.29119238
0.2893114
0.29009926
0.2927232
0.29489306
0.28865272
0.28951946
0.30170524
0.29331216
0.2978565
0.29190624
0.2961062
0.29395887
0.28884363
0.2915191
0.29223886
0.29517734
0.29730958
0.29193202
0.2884302
0.29002768
0.29399428
0.28834164
0.2944788
0.29142508
0.294132
0.28933552
0.29469478
0.29443082
0.2899818
0.29323062
0.290011
0.2936011
0.29256633
0.29572448
0.29384887
0.29655036
0.3011517
0.29232585
0.29243818
0.29433516
0.2938869
0.29484242
0.29187557
0.29901278
0.2945386
0.2910488
0.2908325
0.29349983
0.29389486
0.29552108
0.2927807
0.29686284
0.29304767
0.29569674
0.2913432
0.29422277
0.29329386
0.29303193
0.29801804
0.28978944
0.29311752
0.29450446
0.29804412
0.29531303
0.30448937
0.3008272
0.29571888
0.29379237
0.29902178
0.29918078
0.30066356
0.29431435
0.2977397
0.29912078
0.30167803
0.2970475
0.29357865
0.2961542
0.301611
0.29746714
0.30541846
0.29416838
0.29698727
0.29425815
0.29155907
0.2989499
0.29916528
0.29093072
0.29618558
0.29249874
0.29128626
0.29088756
0.2931152
0.29248264
0.29686794
0.2895944
0.29033116
0.29638883
0.2970877
0.29072985
0.29854783
0.29536855
0.2989042
0.2930194
0.29179204
0.29604524
0.29795977
0.29320866
0.28804883
0.29513246
0.2917121
0.29385892
0.28971636
0.2910607
0.29087254
0.29242757
0.2935475
0.29139715
0.29536584
0.29030845
0.28407964
0.29171106
0.2879043
0.29413098
0.28901407
0.29377112
0.30087256
0.29323134
0.29118678
0.28925943
0.29572088
0.2912131
0.2947968
0.2945886
0.28807077
0.29398075
0.29160133
0.29426715
0.29202187
0.29472384
0.2920062
0.2970719
0.29568633
0.28644186
0.29445982
0.29164657
0.29240915
0.2906802
0.3037572
0.29362103
0.28969356
0.2921118
0.29339635
0.2908532
0.28951365
0.29320124
0.29522905
0.29539984
0.29360148
0.29200003
0.28809947
0.2992581
0.28745133
0.2975589
0.293655
0.2941995
0.29289058
0.29459614
0.29263964
0.29309472
0.2931284
0.29199857
0.29122207
0.2903556
0.29064712
0.2860207
0.2809228
0.2876205
0.2863166
0.29021242
0.2900693
0.29366586
0.29133192
0.2907338
0.28703922
0.29073653
0.28968817
0.28482953
0.28292486
0.28833494
0.28407907
0.29093397
0.2820325
0.28365913
0.29090917
0.29119077
0.2848822
0.28494674
0.2861167
0.2822266
0.28672582
0.29091135
0.29044944
0.2839085
0.28536618
0.28442279
0.29264015
0.28450096
0.28838563
0.29172024
0.2870933
0.29203358
0.2856768
0.28593293
0.2860647
0.28874737
0.28621915
0.28453782
0.28299898
0.28995395
0.28389734
0.28315315
0.2838415
0.285001
0.2893563
0.28435868
0.28208897
0.28029343
0.28177315
0.2782351
0.28077272
0.28046978
0.27634776
0.28004366
0.27575478
0.28009996
0.28160644
0.27491003
0.2810067
0.27881977
0.27734193
0.27576572
0.27483997
0.27656513
0.28061175
0.27191195
0.27737346
0.27747878
0.27809522
0.277407
0.2798103
0.275567
0.27208954
0.2701054
0.2768266
0.27114052
0.26995376
0.26886612
0.27450985
0.27329746
0.27448663
0.2706086
0.2724074
0.27329108
0.27216092
0.27424115
0.27019778
0.27018514
0.27430934
0.27358472
0.2703754
0.27126405
0.26866218
0.2717307
0.2648978
0.27025735
0.2739625
0.26811805
0.26601657
0.2729952
0.2659036
0.27288502
0.2708539
0.2724782
0.27789953
0.2677879
0.26952198
0.2701719
0.27363265
0.27001917
0.27350616
0.27237695
0.27272713
0.27284813
0.27428046
0.27954337
0.2716495
0.27361175
0.2706618
0.2688659
0.2740682
0.26953584
0.27049088
0.26648146
0.27108964
0.2747551
0.2694614
0.27284777
0.2718735
0.2721536
0.272003
0.27261794
0.26774174
0.27025163
0.27323765
0.27500546
0.2677779
0.2651572
0.2686288
0.2716258
0.27077863
0.26954535
0.26585704
0.26843143
0.26730117
0.26487252
0.26963317
0.26309043
0.26368043
0.2608518
0.2603623
0.2633882
0.26421672
0.2673864
0.26411584
0.26192763
0.26124036
0.2564453
0.25829116
0.25957897
0.2562879
0.26126906
0.2613948
0.25521693
0.25880617
0.25683188
0.25696114
0.254684
0.25749394
0.25883743
0.25402454
0.2554428
0.25267106
0.25517803
0.2613814
0.25148323
0.26440954
0.25767124
0.2581293
0.25956127
0.25461435
0.2568349
0.25709778
0.257382
0.25560132
0.25674883
0.25914708
0.2589463
0.25669745
0.25614396
0.25845066
0.2536734
0.25445107
0.25714883
0.2609653
0.25316802
0.25783044
0.2571548
0.26470187
0.25045362
0.25114867
0.25433922
0.25637382
0.24702826
0.2522228
0.25452998
0.251547
0.249775
0.25981528
0.25178635
0.24902396
0.25353375
0.2553622
0.2563518
0.2501947
0.24454603
0.25241116
0.24814112
0.24964312
0.25324467
0.24944307
0.2516957
0.25130674
0.25593868
0.25606674
0.2451558
0.24897486
0.2550476
0.25260514
0.258379
0.25365016
0.25434998
0.25696194
0.25200304
0.25167236
0.2518275
0.25109896
0.2553076
0.25141674
0.24821857
0.24754827
0.25592577
0.24756148
0.2541317
0.24976876
0.24761
0.25257617
0.25238416
0.24964334
0.2533003
0.24935292
0.25310043
0.24416424
0.25141087
0.2516181
0.24812081
0.24676834
0.25503802
0.25365156
0.2533695
0.24955891
0.24900539
0.2526328
0.25038314
0.2577653
0.2525314
0.25029296
0.25784853
0.2564943
0.25559402
0.25636438
0.24619415
0.25559494
0.25473568
0.25251165
0.25550044
0.24916531
0.24714123
0.2523775
0.2533688
0.25308725
0.25038293
0.24614765
0.25304517
0.25387543
0.253582
0.25589725
0.25210398
0.25203162
0.25124782
0.2538192
0.24539733
0.24515797
0.24879074
0.24989726
0.2567836
0.25762394
0.25230777
0.25379854
0.2531443
0.24595116
0.25487214
0.2471595
0.2509482
0.25101727
0.2525659
0.24888664
0.24889067
0.25347552
0.25078735
0.25510702
0.24623533
0.25026017
0.25348964
0.25122404
0.2430332
0.25163016
0.25017977
0.24435446
0.24864236
0.24689892
0.24591947
0.24479422
0.24385239
0.24204019
0.25098783
0.2484904
0.24988571
0.2518419
0.24837235
0.24711868
0.24327016
0.24406825
0.24433711
0.24012184
0.24484587
0.24072675
0.24108686
0.24914384
0.2388025
0.24627312
0.2389082
0.23741621
0.24241073
0.23457281
0.24304579
0.23844638
0.23952061
0.235547
0.2381832
0.23641963
0.23459223
0.23601732
0.2366099
0.23665266
0.23424117
0.24379754
0.23423581
0.23827995
0.23970725
0.23194599
0.2306636
0.23507534
0.23575419
0.23369221
0.23291482
0.23877142
0.23444204
0.23125926
0.23789157
0.23573044
0.23591352
0.2339522
0.22799686
0.23150383
0.2332285
0.23200162
0.22963995
0.23517145
0.22992851
0.2298983
0.22949217
0.22764772
0.23149799
0.22815853
0.2331546
0.22773504
0.22996509
0.22954187
0.23322383
0.23247585
0.2285403
0.23117429
0.23890537
0.22994176
0.23421878
0.22703318
0.22341739
0.22717899
0.23638876
0.228758
0.23263426
0.2306769
0.23440614
0.23002124
0.22537075
0.23285793
0.2288829
0.22760463
0.23139325
0.22835644
0.22587554
0.2250243
0.23004405
0.2319465
0.22526154
0.23262818
0.23224497
0.2314103
0.22893226
0.22533041
0.22317764
0.22805303
0.23082557
0.23237345
0.22929117
0.2302012
0.23461756
0.23260398
0.23533085
0.2254934
0.22678018
0.23170945
0.23787902
0.22679381
0.23012547
0.22889462
0.23320478
0.23183401
0.23427652
0.23242325
0.23512374
0.23467666
0.23427342
0.23414595
0.23304097
0.23117995
0.23262396
0.23458467
0.23184748
0.22878283
0.23070496
0.23602116
0.2308673
0.22813481
0.2350827
0.23180538
0.23843595
0.23665927
0.23855717
0.23122704
0.23238268
0.23396668
0.23509628
0.23557033
0.23063716
0.24070507
0.23749442
0.23542127
0.23531717
0.23449288
0.23404028
0.23055966
0.23718268
0.22879769
0.23092291
0.22593845
0.24008276
0.22949955
0.2319786
0.22786902
0.22672111
0.23309037
0.2288643
0.22271691
0.2216646
0.22953378
0.22821169
0.22910929
0.22567858
0.23232862
0.23035745
0.22838563
0.2290369
0.22619677
0.22476323
0.22257115
0.22570246
0.23349196
0.23017423
0.2366227
0.23529744
0.22562866
0.23042867
0.2352567
0.22632122
0.22605166
0.23037669
0.2254894
0.2299903
0.22978623
0.22775823
0.23163183
0.23100859
0.22035119
0.2318478
0.22597684
0.22608116
0.22207564
0.22802393
0.2275728
0.229205
0.22345778
0.22001301
0.21961488
0.2238759
0.2227176
0.22089031
0.22681378
0.22079183
0.22260797
0.2163062
0.21856442
0.21277566
0.21642299
0.2161736
0.21853516
0.2171003
0.21752816
0.21482301
0.22319472
0.22055553
0.22311777
0.21985468
0.2171862
0.2181242
0.2183336
0.223881
0.22029069
0.21636997
0.21734995
0.22121195
0.21870424
0.21448076
0.21857193
0.2200907
0.21867861
0.22184895
0.2246682
0.21897994
0.2225896
0.2204491
0.21724948
0.216696
0.2210983
0.21992567
0.22171587
0.21976617
0.22374983
0.2258473
0.2158928
0.2194295
0.22427903
0.22666171
0.21932136
0.22653273
0.21712157
0.22229874
0.22561412
0.2204026
0.22252902
0.2281918
0.22947073
0.22237046
0.22323637
0.22035928
0.21685944
0.21853302
0.21747497
0.22809908
0.22812766
0.22173405
0.22671211
0.22345513
0.22427306
0.22175592
0.2205063
0.22634378
0.2282052
0.21814613
0.22063072
0.22779073
0.22580947
0.2250248
0.22573593
0.22066611
0.22224158
0.22453694
0.22879903
0.2237921
0.22235422
0.22175144
0.22509696
0.2277561
0.22073491
0.21939124
0.22239408
0.22577786
0.22255161
0.22212288
0.22745532
0.22414306
0.22279778
0.21870899
0.22418328
0.22164631
0.2153898
0.22104308
0.22036593
0.22074352
0.21621229
0.22670065
0.22084612
0.22055405
0.2191724
0.2185941
0.2179933
0.22560947
0.21623763
0.21988848
0.21745525
0.21894921
0.22402114
0.22049184
0.21599337
0.2225082
0.22069608
0.21990654
0.22202614
0.22055925
0.22132698
0.21826114
0.22310238
0.22609963
0.22273219
0.2283081
0.21346706
0.21973374
0.22051284
0.22238165
0.22004458
0.22396691
0.21951255
0.21730433
0.2124407
0.21998857
0.21841107
0.21935755
0.21854624
0.2181756
0.2195245
0.22062056
0.21747938
0.21972725
0.21618862
0.21854536
0.21586807
0.22071795
0.21743158
0.21929342
0.22140485
0.22035299
0.22341755
0.21811998
0.22303714
0.2295955
0.2246226
0.22444211
0.2207816
0.2165762
0.21456021
0.2155089
0.21736601
0.2214739
0.22072981
0.22253631
0.21393862
0.22002369
0.22463772
0.22045173
0.2270337
0.22148372
0.21813776
0.21710518
0.2138483
0.21400027
0.21893534
0.21783763
0.21886234
0.21356519
0.20812045
0.21360146
0.21531746
0.21756507
0.21617073
0.21059528
0.21339105
0.20957327
0.21587555
0.21291453
0.20912881
0.21046674
0.20943229
0.2108281
0.21338946
0.20919998
0.21157834
0.21747659
0.2105627
0.20917648
0.20505221
0.21053958
0.21616557
0.20624873
0.21821803
0.21319523
0.21664323
0.21158588
0.20886105
0.20979011
0.21236694
0.22114092
0.21400872
0.21054858
0.21408121
0.2188112
0.2076955
0.20868164
0.21336126
0.21202897
0.21333568
0.21591821
0.20985885
0.21753566
0.21652493
0.2135969
0.21454833
0.21010719
0.21237719
0.2111366
0.21995217
0.20936242
0.2134274
0.20781931
0.21028534
0.2118779
0.2089519
0.2038782
0.2062232
0.2098129
0.2077071
0.20804977
0.20819817
0.20836154
0.21990037
0.20712596
0.21128418
0.20865946
0.20770198
0.2119776
0.21270916
0.20966391
0.20976289
0.21453035
0.21273571
0.21024445
0.20150094
0.21069188
0.20573951
0.20866065
0.21593642
0.2041481
0.20705105
0.21171495
0.20674242
0.20147951
0.20557086
0.21347737
0.20483966
0.21212013
0.20868252
0.2073759
0.20986374
0.20718725
0.20862311
0.21016647
0.2027275
0.20013994
0.20575003
0.20919615
0.20793591
0.21068469
0.2100127
0.20909064
0.20853865
0.20949247
0.21022321
0.20364709
0.21181826
0.20713535
0.2077824
0.2080743
0.20296018
0.20760338
0.21202908
0.2063154
0.20397332
0.1983178
0.20485082
0.20629816
0.20085533
0.2059619
0.20161282
0.20352656
0.20385303
0.20687722
0.20857264
0.20473072
0.20231222
0.20615402
0.2066962
0.20731068
0.20277148
0.20521213
0.20467143
0.21406642
0.20649794
0.20532791
0.20315503
0.20515288
0.2054605
0.20683825
0.20701021
0.20146278
0.20810272
0.20038016
0.20772089
0.2047923
0.20502147
0.20836692
0.20345163
0.207827
0.2102034
0.20644715
0.2112076
0.20431909
0.20529807
0.21114586
0.20507857
0.210139
0.20349857
0.2038374
0.2028567
0.20658779
0.2075567
0.20543382
0.20696813
0.20567092
0.21037155
0.21168748
0.20391952
0.20394157
0.21024461
0.20524067
0.20153838
0.2051715
0.20231763
0.1976214
0.20141447
0.20290627
0.20303431
0.20730504
0.20167598
0.19949448
0.21223384
0.20283589
0.20526981
0.20138302
0.20459804
0.19533017
0.20478556
0.19854504
0.19991471
0.2006723
0.20018186
0.20752288
0.1986776
0.20341983
0.19705917
0.20396678
0.19306663
0.20863956
0.19154261
0.19649887
0.19956252
0.19666956
0.20188713
0.20210741
0.2013959
0.19628315
0.19879231
0.19357672
0.20013624
0.19656186
0.20148973
0.20289962
0.19538577
0.20023602
0.19682267
0.19229521
0.19894013
0.19888587
0.19820538
0.19129075
0.19601905
0.1998894
0.200505
0.20073642
0.19270083
0.19966008
0.19531392
0.19313222
0.19882254
0.19900903
0.19511367
0.19495499
0.19808963
0.19718328
0.19562273
0.19659732
0.19720817
0.19424963
0.19572674
0.19623081
0.19391894
0.19651058
0.19094257
0.19455211
0.19305436
0.19700208
0.19896424
0.19488914
0.1954604
0.19196458
0.19038509
0.19527121
0.19573723
0.18668209
0.19057834
0.19127762
0.19110559
0.19246271
0.19469069
0.19560675
0.1956536
0.19139864
0.19761896
0.18907118
0.19183108
0.19991864
0.1920685
0.19193777
0.1940416
0.19361624
0.19476447
0.19007608
0.19755718
0.19236219
0.1909393
0.18990558
0.1964986
0.18573937
0.1900584
0.1914195
0.19254263
0.19177264
0.18820265
0.1874549
0.18839417
0.18540998
0.1894113
0.18685253
0.18611285
0.18547304
0.19094281
0.19007298
0.19003619
0.19183093
0.18650855
0.18784882
0.18528801
0.18982275
0.18922983
0.19135708
0.18386936
0.19093995
0.18117093
0.18318276
0.18878436
0.19073176
0.18015565
0.18719767
0.19040658
0.19026217
0.18973595
0.18999866
0.18556778
0.1870722
0.18648143
0.1865757
0.18377186
0.18889542
0.1879098
0.18343224
0.19019592
0.18515056
0.19054759
0.18289173
0.18903746
0.18934296
0.18993987
0.18613113
0.18653646
0.18465842
0.1942041
0.184137
0.18031685
0.1814053
0.18615124
0.18470138
0.18179609
0.18581745
0.1883371
0.18609507
0.18824974
0.1871572
0.18656524
0.18956468
0.1891001
0.18134789
0.1829737
0.18611133
0.18059555
0.18270425
0.18292068
0.18387832
0.18762094
0.18209544
0.18801811
0.18535879
0.1838751
0.19047749
0.18667185
0.1804945
0.18254244
0.17912914
0.17989706
0.17975739
0.18340798
0.18478592
0.18462728
0.18878292
0.18243228
0.1854789
0.18255593
0.18122771
0.1878564
0.18397814
0.18000208
0.17911036
0.17753322
0.18059237
0.18275529
0.18401952
0.18357933
0.18033032
0.1795565
0.1788985
0.17801166
0.17212863
0.17958356
0.17785017
0.17980123
0.1764612
0.18286927
0.17662974
0.17373462
0.18561065
0.17931312
0.17482065
0.17621247
0.17741953
0.1705679
0.17468238
0.17957689
0.17378551
0.17389861
0.17280671
0.17696698
0.1735623
0.17635773
0.17867401
0.17253257
0.1755366
0.17579162
0.16905843
0.17508106
0.17647998
0.17757876
0.17488016
0.17710431
0.17319758
0.17084362
0.17260426
0.16888994
0.17416471
0.17490575
0.1723658
0.17554158
0.1777092
0.16994463
0.17628293
0.17138055
0.17258729
0.17202243
0.17547722
0.1737501
0.17346054
0.17941914
0.16803165
0.17504318
0.1671704
0.17262027
0.17574659
0.17129081
0.18077949
0.17132136
0.16933477
0.17052647
0.16828185
0.16927697
0.17455228
0.17335056
0.17427155
0.17112486
0.17337072
0.17135826
0.18008398
0.1722254
0.1667924
0.17224234
0.16827527
0.17453092
0.16581081
0.16408975
0.16852525
0.17191568
0.1724406
0.17318706
0.16936459
0.16632141
0.163931
0.1698269
0.16959403
0.16919649
0.17349154
0.17930661
0.16796145
0.17011847
0.17411335
0.16565797
0.17446809
0.1723192
0.17333934
0.17192225
0.16506557
0.16753778
0.16805418
0.17093259
0.17275698
0.17242263
0.17458558
0.1752471
0.17954022
0.17419983
0.16800418
0.1742252
0.17414296
0.17106724
0.1710607
0.17188375
0.16951923
0.1740809
0.16824979
0.16552705
0.17427167
0.17258176
0.1646824
0.17066948
0.16836753
0.17206304
0.16859506
0.16751021
0.17384088
0.1644071
0.16566369
0.16913547
0.16794851
0.17655812
0.17400785
0.16673233
0.17310062
0.16777107
0.16764888
0.16400379
0.166169
0.16605721
0.17193583
0.15849562
0.16847599
0.16506149
0.16682106
0.16605806
0.1600256
0.15957463
0.16777982
0.1605722
0.1668519
0.16473365
0.16775107
0.16170639
0.16270593
0.16456173
0.16137552
0.16538395
0.1576207
0.15854406
0.16218424
0.16162023
0.16261224
0.16475257
0.16089022
0.15869549
0.16617708
0.16320606
0.16408402
0.16278215
0.16221337
0.16218266
0.15807444
0.16407283
0.15952678
0.16393097
0.15598959
0.16625364
0.15764825
0.15837176
0.15824443
0.1582993
0.16521758
0.16219652
0.16274242
0.16588302
0.15843122
0.15490328
0.1547135
0.15793976
0.16091707
0.1582454
0.15843134
0.15681742
0.16228627
0.15743221
0.15498662
0.16006194
0.163767
0.15714693
0.15720549
0.16214874
0.16094752
0.15798111
0.1596447
0.15753132
0.16441518
0.15514444
0.16346282
0.16559227
0.15729135
0.15896301
0.16391644
0.1585244
0.15729961
0.15562521
0.15430994
0.16151224
0.16212912
0.15781406
0.15673743
0.15690932
0.16296197
0.15293452
0.15872948
0.15905683
0.16421273
0.1580397
0.15036978
0.15353347
0.16025367
0.15153696
0.14938189
0.15675408
0.14860488
0.1555497
0.1531044
0.15265161
0.155409
0.15748356
0.15632324
0.15043159
0.15131885
0.15504564
0.15366381
0.15487555
0.15663984
0.14949279
0.15445596
0.15155329
0.14817367
0.15093493
0.14764309
0.15721123
0.14706312
0.1435517
0.14543107
0.1542148
0.14261845
0.1530559
0.15394382
0.1553742
0.14753826
0.14589375
0.14536272
0.15083691
0.15106799
0.15137264
0.15288402
0.14767747
0.14847429
0.14643393
0.14855482
0.15003148
0.14417002
0.14811401
0.15208215
0.15488234
0.14491951
0.15419468
0.14941767
0.15008266
0.14423704
0.14688148
0.14925279
0.14337617
0.15332875
0.14967637
0.15040115
0.15765063
0.14623661
0.15340419
0.1507334
0.1485054
0.14701933
0.15055001
0.15055005
0.15148535
0.1517864
0.15125485
0.15444206
0.15246573
0.15305139
0.15155004
0.15495588
0.15182245
0.15160915
0.15237369
0.14830424
0.1479718
0.15930511
0.14603423
0.14857176
0.1514329
0.15119994
0.14859043
0.14907981
0.14985663
0.15235513
0.14603682
0.14942418
0.14680512
0.15259126
0.14147957
0.14465143
0.14202699
0.1496704
0.14604115
0.1509344
0.13769841
0.14338246
0.1531749
0.14246027
0.14262499
0.13911065
0.13843048
0.13787787
0.1521578
0.14130448
0.14314184
0.14507607
0.143127
0.14659834
0.14728014
0.14640507
0.14815779
0.14893435
0.13937032
0.14519083
0.14435244
0.14314288
0.15167513
0.14589794
0.15005878
0.14905925
0.14879961
0.14796482
0.1452649
0.1452282
0.14929399
0.14388572
0.1514712
0.1479443
0.14450073
0.145924
0.14703146
0.14513963
0.14522389
0.14466007
0.15228745
0.1418651
0.14742307
0.14797553
0.14605778
0.14529394
0.14302255
0.1453718
0.1466663
0.15128714
0.14630456
0.14615355
0.15438244
0.15447526
0.15091094
0.15112315
0.14129598
0.15378952
0.14606181
0.14655268
0.15075268
0.14550696
0.14895733
0.14528756
0.15550938
0.15107381
0.14343572
0.14662659
0.14747012
0.15169565
0.14927126
0.14676702
0.14472881
0.15354441
0.14640391
0.15352671
0.14552471
0.14686425
0.14909677
0.14262666
0.14738359
0.14887595
0.14735316
0.15227367
0.13707821
0.14445658
0.14677319
0.14286083
0.14444405
0.14253758
0.14079706
0.14375429
0.14619811
0.14170523
0.1450239
0.14455539
0.14174111
0.14655867
0.14279123
0.14552383
0.14433403
0.14331126
0.15106224
0.14881
0.14632629
0.14177883
0.14172202
0.13593036
0.14071572
0.15382703
0.1514708
0.14540789
0.15195544
0.1453626
0.14271462
0.14343639
0.13857602
0.14317903
0.14351968
0.13993695
0.1359683
0.14209723
0.13853765
0.1403385
0.14457484
0.14023927
0.13889803
0.14186688
0.14446275
0.14625596
0.14046901
0.14006144
0.14602233
0.14479645
0.13652682
0.14231603
0.14071399
0.14576316
0.14213604
0.14253998
0.14190814
0.14168715
0.13907799
0.14648539
0.14073633
0.14306825
0.14739631
0.1419036
0.13659991
0.14019746
0.1439007
0.13305546
0.14100248
0.15056579
0.13805293
0.13880314
0.14750473
0.14260063
0.14095381
0.14145708
0.14336473
0.14366622
0.13428971
0.13708404
0.14425923
0.13955636
0.14365254
0.14062189
0.1374582
0.13544136
0.1435437
0.1399021
0.13774298
0.13819803
0.13693184
0.13682495
0.14134969
0.13715693
0.13614048
0.13846946
0.13584217
0.14184654
0.13407911
0.14668223
0.14529109
0.14260794
0.14353848
0.14286803
0.13682595
0.13724338
0.1395403
0.14301752
0.1389245
0.13262084
0.14172034
0.13704214
0.13946578
0.13901465
0.14154616
0.13124296
0.13938309
0.1407603
0.1371586
0.13768516
0.14030631
0.14008906
0.14440955
0.13914275
0.13891804
0.1333751
0.13626799
0.14091037
0.13842337
0.13932902
0.13951066
0.13834035
0.14693365
0.14292572
0.1345215
0.13935827
0.13880457
0.1313929
0.13309357
0.13417478
0.13752626
0.1395479
0.13754451
0.13692203
0.14240979
0.13891718
0.13507687
0.13621762
0.13384476
0.13982637
0.14165752
0.13496853
0.1424967
0.14246817
0.14078164
0.13818718
0.13589485
0.1403913
0.13975531
0.13553502
0.14384556
0.13874419
0.14538316
0.14027841
0.14439435
0.14030343
0.13787618
0.13691318
0.13987617
0.13066342
0.13010053
0.13773003
0.13117124
0.13468817
0.13256489
0.1408322
0.13545813
0.13976839
0.1354083
0.12944669
0.14101069
0.1417758
0.13361184
0.14124298
0.13931334
0.12699822
0.13914321
0.1424076
0.13508067
0.1317359
0.1376516
0.13685898
0.13193649
0.12550242
0.13382572
0.12849511
0.1302657
0.13093156
0.13386752
0.1304779
0.13651572
0.13334535
0.12992188
0.1339334
0.13172463
0.12890603
0.13399805
0.13139881
0.1373746
0.13065746
0.1333896
0.1350275
0.13659589
0.13057736
0.13544005
0.13069408
0.13843201
0.13935693
0.12762736
0.13041832
0.12565452
0.12833372
0.12729056
0.12355403
0.131235
0.12615132
0.13042553
0.12747134
0.12694928
0.12079255
0.12685925
0.12657653
0.12171518
0.12900637
0.12243073
0.12367767
0.12291219
0.120055065
0.12699753
0.11656838
0.11582149
0.11881668
0.12944745
0.123188555
0.124356344
0.122559614
0.117829
0.12382212
0.12276258
0.122786246
0.122001335
0.115626834
0.11752065
0.11527816
0.124164835
0.1205293
0.12193083
0.12150469
0.124297634
0.113122046
0.11530425
0.11554258
0.11728441
0.11901967
0.123462066
0.121081136
0.11483953
0.11849737
0.12309264
0.11554711
0.11632083
0.117537506
0.11766782
0.1175996
0.118425645
0.12277902
0.12331323
0.11601289
0.12741487
0.11939306
0.121601276
0.1163014
0.11642604
0.1184343
0.1231037
0.11779268
0.12478824
0.12128529
0.12615004
0.11842641
0.113407776
0.11916105
0.118863
0.12179732
0.11721084
0.11607491
0.12137644
0.11892312
0.11935309
0.11879921
0.117328875
0.12041354
0.12120321
0.117918834
0.11533291
0.12214884
0.1118266
0.12179629
0.11005041
0.118383475
0.11885285
0.11110449
0.11952873
0.11551221
0.11633439
0.12097878
0.116734676
0.11232049
0.1187499
0.119595595
0.119931474
0.11491729
0.122612305
0.1159087
0.12272238
0.11299816
0.11373071
0.11802413
0.11433365
0.11458969
0.116174996
0.11842028
0.119680695
0.11640205
0.12054251
0.10922393
0.11768422
0.11884353
0.11856129
0.11525978
0.11367757
0.11676674
0.115744546
0.12061261
0.11256378
0.119928
0.115885586
0.120528184
0.11554004
0.11924883
0.111810595
0.12096154
0.11410849
0.117844716
0.113584794
0.11946986
0.124687456
0.11578259
0.11755406
0.114190735
0.11991975
0.11709666
0.12683797
0.1166377
0.11812161
0.12501487
0.11725968
0.117849596
0.12764324
0.12489447
0.12999642
0.122586556
0.11835698
0.12202689
0.12269822
0.13061793
0.12494592
0.120382965
0.12055215
0.12011675
0.12070979
0.12346891
0.12965505
0.12348429
0.11887609
0.12051151
0.12158262
0.116644144
0.1251647
0.12713625
0.120488256
0.12297159
0.124368995
0.12052141
0.12536372
0.13007982
0.11855633
0.12130513
0.116511576
0.1139884
0.12830108
0.1214364
0.12088024
0.1251848
0.12562248
0.120799914
0.115855075
0.1215285
0.12593871
0.118518166
0.12475855
0.12386088
0.11465228
0.12369481
0.11676447
0.123284556
0.121798836
0.11957531
0.12024898
0.11757719
0.12253335
0.116362445
0.12464049
0.13093244
0.13244872
0.125552
0.124294356
0.11770548
0.12452895
0.12075739
0.12086543
0.11787786
0.124323584
0.12872322
0.120132744
0.11721313
0.11669624
0.118571
0.121769436
0.12340829
0.12514186
0.118465796
0.119276166
0.11447968
0.12504101
0.12323863
0.11278603
0.122014366
0.12575775
0.11838218
0.12141173
0.12109876
0.11909306
0.11928837
0.114590265
0.123787515
0.11679865
0.11548866
0.119440265
0.11514887
0.11362012
0.11126235
0.109654
0.11759353
0.12413288
0.11453017
0.1122991
0.11153213
0.11271604
0.11342819
0.11188699
0.107137874
0.11691399
0.113954924
0.11517282
0.10695872
0.11323507
0.11114103
0.10972085
0.11388998
0.10642566
0.107964486
0.1127774
0.110102475
0.10983203
0.11317988
0.11334793
0.113835804
0.10281882
0.1013353
0.10773212
0.11212316
0.11070012
0.108867705
0.104486026
0.1072488
0.10481203
0.11126639
0.112653926
0.10938016
0.10708378
0.112942316
0.115212396
0.11184629
0.11429739
0.10744156
0.109919414
0.1087337
0.114446074
0.113806486
0.10902872
0.11383417
0.11433155
0.11939309
0.111762404
0.11415942
0.111902915
0.11388564
0.11058523
0.10803065
0.11439723
0.11370937
0.115465246
0.10948144
0.119883895
0.11170465
0.11386678
0.1215761
0.110637344
0.116546206
0.11376355
0.11128945
0.111784235
0.11239784
0.11406195
0.11798819
0.11461772
0.114053264
0.11560742
0.1192382
0.11183828
0.11987278
0.11188086
0.11060358
0.10921403
0.112360194
0.112855956
0.11166989
0.10820951
0.11377323
0.11618568
0.10854423
0.117006786
0.109675355
0.11640722
0.11245577
0.11043032
0.1133491
0.12015493
0.11253959
0.115404926
0.11879705
0.113603674
0.10878997
0.11373084
0.11691197
0.1174289
0.10679856
0.110718355
0.111660235
0.10269401
0.1048997
0.11098379
0.112884544
0.10720797
0.109322414
0.10642789
0.1087362
0.111566596
0.10397345
0.10102612
0.10913464
0.09987133
0.103645
0.10602861
0.11042065
0.1088097
0.10332434
0.10605117
0.109026134
0.1107911
0.10966461
0.107816376
0.10802427
0.10428452
0.10602483
0.10088603
0.104979016
0.101164915
0.10946564
0.1060669
0.10364012
0.10949285
0.112659164
0.10173675
0.09874892
0.107682556
0.10276983
0.10802568
0.11003066
0.09990255
0.10618108
0.10565126
0.10692896
0.104764
0.10201229
0.10128602
0.10672311
0.109830804
0.11525077
0.10634109
0.10720366
0.10356333
0.10549877
0.106094636
0.10478594
0.10078274
0.10357399
0.101331234
0.11062629
0.10717899
0.0967479
0.107299514
0.10455051
0.10502936
0.11027438
0.11188223
0.11350786
0.10455233
0.10213995
0.11041567
0.10750121
0.11008259
0.104099125
0.10645146
0.10532316
0.10761149
0.10781506
0.103397995
0.10903254
0.11007306
0.111052565
0.10327299
0.111342624
0.09859264
0.102495015
0.10455441
0.112119325
0.11161649
0.10957321
0.11610558
0.10190078
0.10620612
0.10279771
0.10534629
0.1003531
0.10218993
0.109849
0.10686096
0.10256414
0.102173
0.10223559
0.101039775
0.09850089
0.10877547
0.09961575
0.10730195
0.112607226
0.10153948
0.10396788
0.10674044
0.10208124
0.10144334
0.10308172
0.10931969
0.09656042
0.104258254
0.10720379
0.10708296
0.10119683
0.10082208
0.10706933
0.112035125
0.102227405
0.10241097
0.105086565
0.10661647
0.11184749
0.10299883
0.10321324
0.10248966
0.11055108
0.10671462
0.111942135
0.10218244
0.10170863
0.104165785
0.10492238
0.10524623
0.10197763
0.10437664
0.10445962
0.10425991
0.09967335
0.104397744
0.10516543
0.09959688
0.10828456
0.106652625
0.100208156
0.10620877
0.10191258
0.10535729
0.09776701
0.108381204
0.10546144
0.09498414
0.09958453
0.10424226
0.10574969
0.10233727
0.099866845
0.10265409
0.0975179
0.10220656
0.10260742
0.10492869
0.10163451
0.10001316
0.10262472
0.10441761
0.10109225
0.1024252
0.09944248
0.104210936
0.1021421
0.09749848
0.10060997
0.09916181
0.103851825
0.10670967
0.10053192
0.11092287
0.10876261
0.101468146
0.10759933
0.10192628
0.10929076
0.11191851
0.109553605
0.10156534
0.103751846
0.097718515
0.099226035
0.10908282
0.10298967
0.098054424
0.110481694
0.097692505
0.10901906
0.10822737
0.11091724
0.103215
0.09698493
0.10257591
0.09805267
0.106024526
0.1082189
0.104997575
0.105399095
0.10403665
0.102553025
0.10186024
0.10224204
0.11034738
0.09834602
0.10495466
0.103130154
0.10353084
0.107217245
0.10380457
0.09932377
0.10223208
0.098033294
0.09777382
0.10233997
0.10687407
0.1070814
0.10313206
0.10570433
0.1023859
0.107818015
0.11138794
0.098273486
0.09983988
0.10427809
0.0990585
0.102690764
0.10025243
0.10844775
0.09922846
0.09456659
0.10082685
0.09640222
0.095951095
0.10603453
0.10329852
0.10393517
0.09974613
0.10425139
0.104714245
0.09975353
0.09649894
0.1042506
0.099502996
0.10710254
0.10152477
0.111858375
0.09147922
0.10221757
0.10707108
0.0998482
0.10006086
0.09538173
0.09526551
0.10523891
0.1032243
0.10564555
0.09807135
0.099792406
0.094741575
0.10667859
0.09464547
0.09758411
0.097663686
0.0995865
0.10139831
0.097384624
0.096164934
0.095852844
0.09895964
0.09672263
0.09057616
0.094229124
0.09816855
0.1100551
0.095017254
0.098205775
0.097480625
0.09457808
0.097158454
0.09517704
0.09488279
0.096881635
0.08974149
0.09214277
0.09473009
0.09096303
0.09676187
0.09592562
0.09861248
0.094023
0.09105798
0.08898546
0.09020852
0.09643583
0.09910766
0.088827126
0.09346248
0.09721503
0.091200575
0.09371638
0.095462956
0.0853806
0.09518947
0.092934035
0.0992894
0.088518776
0.09776004
0.08564864
0.09852069
0.09169578
0.09210386
0.0922011
0.101968594
0.104719326
0.0860412
0.09363987
0.096836455
0.08561242
0.09263623
0.08341951
0.087759174
0.08751785
0.08753251
0.09682276
0.08932031
0.090680905
0.08708267
0.09046531
0.09235934
0.08683803
0.085717246
0.08631069
0.091505095
0.09053601
0.08644222
0.088079356
0.08648477
0.08745248
0.0889584
0.08535215
0.09180487
0.08977339
0.08264578
0.09282534
0.091013566
0.08818964
0.09204345
0.08899334
0.08700043
0.09239862
0.08839083
0.08809296
0.09232331
0.08949238
0.08223423
0.08598976
0.09117469
0.09772944
0.0884656
0.08007835
0.08602626
0.08416674
0.08314645
0.09532665
0.08385973
0.08598623
0.07966294
0.08865192
0.08871797
0.08330797
0.084124796
0.08583695
0.08045202
0.08027976
0.090214014
0.091537714
0.08233118
0.08305537
0.09364597
0.087346815
0.08504393
0.08174524
0.08883267
0.08315851
0.08792035
0.08138227
0.08779887
0.087743476
0.0802185
0.0839824
0.0922308
0.096835345
0.08815071
0.08250368
0.08838081
0.09201203
0.089812666
0.09402538
0.085699074
0.08802291
0.08390208
0.08744662
0.090423696
0.0901793
0.08960857
0.08945504
0.08691658
0.08865764
0.086414754
0.09020926
0.090393424
0.08962738
0.08727416
0.0848885
0.08368316
0.09610329
0.08768842
0.08314973
0.09087304
0.086154774
0.09255465
0.09086439
0.085704125
0.07926455
0.08218952
0.08357074
0.08747546
0.084247805
0.08537104
0.09273292
0.09051115
0.08939079
0.08137956
0.087031886
0.08109292
0.08340633
0.080466844
0.084021285
0.08264479
0.086882085
0.08017327
0.08086803
0.07995211
0.08359653
0.07731464
0.09285657
0.09297679
0.079717316
0.083382025
0.0783206
0.08014749
0.08764189
0.0756412
0.08759192
0.08166357
0.08242489
0.08319955
0.082343265
0.086046435
0.090038545
0.08478428
0.08877468
0.08710397
0.08715247
0.08840968
0.08111923
0.085510045
0.092224345
0.08998078
0.09121985
0.08745665
0.08414365
0.088334516
0.085838884
0.082628936
0.08464328
0.087295786
0.08562896
0.08252766
0.088065594
0.08260879
0.08356103
0.083221994
0.08407649
0.08277251
0.08749491
0.09381156
0.08642805
0.08632445
0.08647322
0.093092225
0.084294595
0.08713726
0.079594836
0.088545635
0.093296036
0.082008205
0.08682073
0.08171888
0.08314131
0.089627415
0.08649796
0.084388025
0.085104674
0.07960621
0.072888926
0.08581977
0.08276952
0.07998721
0.08153404
0.08058618
0.07923728
0.08241876
0.079951145
0.08321941
0.084345035
0.08767532
0.08108658
0.084128134
0.08732724
0.08005308
0.079543106
0.0858071
0.08873984
0.082504496
0.08558033
0.08148428
0.081004515
0.08945076
0.092482306
0.08562715
0.078857936
0.08397072
0.08720146
0.07936494
0.08624127
0.08741031
0.089831546
0.07867006
0.09131328
0.08375167
0.08662782
0.08306396
0.090112686
0.08490695
0.087020695
0.087530844
0.084654376
0.088499196
0.08607785
0.08556351
0.09114049
0.08394288
0.09141594
0.08511915
0.085537925
0.08667405
0.08184774
0.09527406
0.08841104
0.092414655
0.09022256
0.086496286
0.086207226
0.092355534
0.083983846
0.0849163
0.08632836
0.08190853
0.09044802
0.086119354
0.079310134
0.08144781
0.08588058
0.08456549
0.08553479
0.085364394
0.08176333
0.08466645
0.08053734
0.09947636
0.09031344
0.0808799
0.08416738
0.094301574
0.08379685
0.0813499
0.083284736
0.08329685
0.086372055
0.098655276
0.07327241
0.080056466
0.10215273
0.08746345
0.0922706
0.07807595
0.08613282
0.08821128
0.083678775
0.086838685
0.08196218
0.09118381
0.08570243
0.082969435
0.0869121
0.08318909
0.081410065
0.08437724
0.0834436
0.07438013
0.07542096
0.08795991
0.075609975
0.08286473
0.081387974
0.08564416
0.08111592
0.07709361
0.07507874
0.07204686
0.08452759
0.077318646
0.07601408
0.087306924
0.081533976
0.077686764
0.08610392
0.08642048
0.08518657
0.08505768
0.079112664
0.074144706
0.08534763
0.083170906
0.080196746
0.081971
0.08448379
0.07766837
0.08379254
0.08604655
0.08223527
0.07335675
0.086485766
0.07926679
0.08492662
0.07960562
0.07303908
0.07482268
0.07573829
0.079663545
0.07738162
0.08342366
0.0857062
0.083449274
0.0757045
0.0905524
0.08079109
0.077434994
0.075036645
0.08897095
0.08134457
0.079790756
0.07723614
0.07932865
0.08230233
0.07742321
0.07842822
0.075800866
0.08286996
0.072736785
0.07730712
0.086215235
0.07738277
0.0757713
0.07889235
0.083520085
0.078068
0.09837523
0.072183825
0.079527296
0.07744381
0.08080047
0.07548221
0.07324756
0.08392558
0.07465564
0.07349534
0.07824996
0.07340682
0.08493393
0.073445916
0.076301225
0.07575696
0.08468834
0.072381
0.08079689
0.08285431
0.074601226
0.079157464
0.08158209
0.076553725
0.076964885
0.073571704
0.07307173
0.08181238
0.081173696
0.07699085
0.07964251
0.07586752
0.079934165
0.07183571
0.07085674
0.07292911
0.07757827
0.07102523
0.06840934
0.070278525
0.07400328
0.07154814
0.07221684
0.07602133
0.073364235
0.0785552
0.07403895
0.07465632
0.07423363
0.07170357
0.07046876
0.069394305
0.06821896
0.07028094
0.07673718
0.069473974
0.06783576
0.06887177
0.07014319
0.07121158
0.075060494
0.07165136
0.069615506
0.068446495
0.06757253
0.066970974
0.06717535
0.06896025
0.07090107
0.07139371
0.07037896
0.06968986
0.06740497
0.06685825
0.06438575
0.06641362
0.066359915
0.06786072
0.0692551
0.07099152
0.06919964
0.06761114
0.06635469
0.06843761
0.068459176
0.0692229
0.06873682
0.06781885
0.06550321
0.06743663
0.06829735
0.07260984
0.07141683
0.07185985
0.06664045
0.06697993
0.06712182
0.070850186
0.071297534
0.07111792
0.07051578
0.071862966
0.07059973
0.07307937
0.073907554
0.07854786
0.07476223
0.07403428
0.072646454
0.07322306
0.07026894
0.070269726
0.0707639
0.072614685
0.073409595
0.07405198
0.07416471
0.072162904
0.070075504
0.06825117
0.07121851
0.07028576
0.071794525
0.06994312
0.07191186
0.070836134
0.072737105
0.07370176
0.07485847
0.07532673
0.07225049
0.07175469
0.06877087
0.07007906
0.068555206
0.06955176
0.068938546
0.07118696
0.07276111
0.074057445
0.07485101
0.07548183
0.07466639
0.073411986
0.07466154
0.07831853
0.078852914
0.074866116
0.07240944
0.07292747
0.07416493
0.07394093
0.07355639
0.07330635
0.078101516
0.088026725
0.07713388
0.07319414
0.0782418
0.07655995
0.07601513
0.0709213
0.07138396
0.07125134
0.07401636
0.07241136
0.070182644
0.06911793
0.0707363
0.07165807
0.0722035
0.07190261
0.07038689
0.0680741
0.06648966
0.069295004
0.072782874
0.07515013
0.07716755
0.07623358
0.07653609
0.07299858
0.07161059
0.06775386
0.07044378
0.07039401
0.07235955
0.07260985
0.07440635
0.07497068
0.07288627
0.07284644
0.07504044
0.076356985
0.075870074
0.07677187
0.07610398
0.07634455
0.07646208
0.07738551
0.07785178
0.07526453
0.077049226
0.07756608
0.079213396
0.07832979
0.07988652
0.07720982
0.07523313
0.072297364
0.07787038
0.07970664
0.08225002
0.0794592
0.08492359
0.095612824
0.08467444
0.07846665
0.07732872
0.079255976
0.07985548
0.0783667
0.079701446
0.08179051
0.08459536
0.08359
0.0854273
0.0833821
0.08269698
0.07957724
0.07858059
0.08352761
0.09196848
0.08574357
0.08520878
0.08930346
0.09114888
0.08886959
0.086197644
0.08048326
0.08322061
0.08280861
0.09232922
0.1034187
0.08726014
0.07864759
0.0790957
0.079708815
0.07994661
0.081219964
0.08193252
0.08244178
0.08144818
0.07986832
0.079678595
0.078665294
0.078121334
0.08208457
0.08233092
0.08187118
0.080238275
0.0842815
0.084887326
0.08318179
0.080405235
0.08490631
0.08621589
0.083961695
0.08350279
0.08227266
0.084948085
0.08294057
0.08364934
0.08264837
0.08078256
0.07991143
0.07964912
0.082276575
0.07982286
0.078679405
0.07551118
0.07697744
0.07784707
0.07777151
0.078567736
0.079563946
0.08092376
0.080177136
0.08004395
0.07891053
0.07755792
0.07614182
0.07461446
0.07591766
0.075041644
0.07958206
0.07474187
0.07648205
0.073857695
0.07724219
0.07532998
0.07139518
0.07492698
0.07796874
0.084802985
0.07939205
0.07719459
0.07182362
0.074643835
0.074064314
0.07620125
0.07787797
0.08180952
0.08340298
0.08312883
0.080001704
0.080814764
0.07982092
0.08391132
0.08312056
0.08364961
0.081227176
0.08008037
0.08124796
0.07827617
0.07527832
0.07327767
0.075310975
0.07664176
0.079357386
0.07944385
0.080053486
0.07582978
0.07414684
0.073545635
0.077629775
0.07821986
0.08018852
0.07590345
0.07958706
0.07813294
0.081103675
0.078646965
0.078616925
0.075367354
0.0736732
0.07075912
0.07730567
0.07912988
0.08235892
0.0765296
0.07685489
0.07836488
0.076520555
0.07671261
0.07327845
0.07286418
0.071687214
0.07098109
0.07088267
0.06786194
0.06917179
0.07561978
0.07879546
0.082012765
0.07788835
0.07652953
0.07357243
0.07384354
0.07263871
0.070109874
0.06800929
0.06579783
0.06888864
0.0704167
0.07608441
0.07667407
0.07642513
0.075725056
0.070224464
0.07183483
0.070725776
0.07238187
0.073098354
0.07323214
0.07523677
0.08443111
0.08257143
0.08486627
0.07507871
0.07562392
0.07471188
0.07440863
0.0741255
0.07339422
0.07091681
0.07228316
0.07287771
0.07388555
0.07023403
0.072323464
0.074622326
0.07973723
0.076762505
0.072106734
0.07204302
0.07230225
0.07596519
0.07363807
0.07212803
0.0729528
0.074235484
0.07752758
0.075247325
0.073036246
0.06929949
0.07109708
0.07406748
0.07622278
0.073524535
0.07289881
0.07133126
0.07340617
0.07512137
0.07589905
0.07362582
0.07035709
0.073083594
0.073926926
0.073077634
0.06842621
0.07229488
0.07316483
0.07168329
0.0685703
0.07284123
0.0755989
0.07904063
0.07563601
0.07410776
0.06881843
0.069349594
0.07115126
0.07341154
0.068779826
0.07144546
0.07004367
0.073329024
0.07076515
0.07298452
0.07314089
0.0767208
0.07723036
0.077457845
0.07463414
0.07628951
0.076828174
0.08100016
0.0792651
0.07835624
0.078130655
0.0819785
0.087774016
0.08377425
0.07977493
0.073850214
0.07416129
0.07636061
0.08103495
0.07990074
0.080509566
0.077532284
0.07638873
0.07252323
0.071322754
0.074704245
0.078192785
0.080092184
0.08064557
0.07959294
0.07934091
0.08029102
0.07946685
0.08037292
0.07693137
0.073152445
0.07198178
0.0739071
0.0778272
0.07710825
0.078845404
0.07808405
0.078139886
0.07541365
0.073502526
0.0726407
0.07685438
0.077144094
0.07895461
0.071909785
0.0739172
0.07075982
0.076253995
0.07457697
0.07474665
0.069999546
0.071391776
0.072952114
0.07463188
0.0758522
0.075456925
0.07811173
0.079104215
0.08404406
0.08478115
0.08224629
0.08149016
0.077517144
0.07834267
0.075684525
0.07441641
0.074089274
0.07693898
0.08113064
0.0795396
0.0758432
0.074948385
0.07142229
0.07393967
0.07110317
0.074958466
0.07229785
0.074323855
0.07401856
0.073334865
0.071829215
0.07072666
0.06943337
0.0667346
0.07124768
0.07223379
0.07577306
0.075190194
0.07508192
0.07593967
0.074134864
0.071630955
0.07121014
0.07152822
0.07340511
0.070024975
0.06767256
0.06940324
0.074719414
0.07463002
0.07798122
0.073107794
0.07183671
0.06787423
0.067054905
0.07060868
0.07069309
0.07169057
0.06920133
0.06886646
0.066624075
0.06868309
0.069181964
0.0722351
0.070974045
0.070813395
0.07192635
0.07091987
0.069938704
0.06757828
0.06556673
0.06251389
0.063769594
0.06536699
0.0678705
0.06448117
0.061737932
0.059993424
0.062403157
0.06652537
0.072504945
0.0745543
0.07322775
0.06830977
0.0675681
0.0713001
0.07231319
0.07227913
0.064314835
0.061585415
0.058645476
0.06020524
0.06521283
0.07190003
0.072770394
0.06999333
0.06566986
0.069266565
0.06955626
0.07273502
0.07433708
0.07094644
0.067332886
0.069511525
0.073763296
0.078288145
0.07386013
0.07624689
0.07491085
0.074307404
0.069720335
0.0684227
0.06952233
0.0708039
0.07083715
0.072445214
0.077639595
0.08074467
0.082236096
0.0788083
0.07655622
0.073245145
0.07016618
0.06654908
0.06677675
0.073163055
0.077590935
0.12545924
0.21575692
0.14053184
0.09312723
0.07144218
0.06836175
0.0721394
0.07810713
0.08319916
0.07735213
0.07259799
0.073660545
0.074219845
0.07331228
0.06853769
0.07169831
0.073705286
0.07320388
0.06931475
0.07276952
0.07723017
0.07760323
0.07344827
0.07175529
0.070105374
0.068616755
0.067936294
0.06815479
0.07202683
0.07051274
0.070500374
0.06810823
0.06363965
0.06782411
0.069683015
0.07648037
0.07358811
0.072769985
0.06942853
0.06966581
0.066165015
0.069810934
0.0674385
0.07033488
0.062873
0.06598421
0.065243445
0.070536055
0.065817885
0.06372789
0.061755534
0.06656888
0.06826688
0.06802249
0.067118
0.06615169
0.06697265
0.0652298
0.06687252
0.07020112
0.07478457
0.07430972
0.07170769
0.06976776
0.06756182
0.06540472
0.063990906
0.06400123
0.062232513
0.06618396
0.067385815
0.070006624
0.067308195
0.0737687
0.07089969
0.07020276
0.06544854
0.06802073
0.07007634
0.067168206
0.071893804
0.06949708
0.07512806
0.07196668
0.07040894
0.06882445
0.067566134
0.07168544
0.072513655
0.070395224
0.06747749
0.064255305
0.067685515
0.06532336
0.06256309
0.062884755
0.0671906
0.070871465
0.0694384
0.068966486
0.06822815
0.06736886
0.06614841
0.06675735
0.06487705
0.061517816
0.0610715
0.06453366
0.06860339
0.06802151
0.06703204
0.065268174
0.064330846
0.06307275
0.0636162
0.06657319
0.06771859
0.06658065
0.06674891
0.06816175
0.06658287
0.06499502
0.06485473
0.06751341
0.07151266
0.07034053
0.078594275
0.0740882
0.07153685
0.06311312
0.06290609
0.063259296
0.06417117
0.06479277
0.062529065
0.06283009
0.062367935
0.06524634
0.0678571
0.070062555
0.070161566
0.06769356
0.06358821
0.058879483
0.05666282
0.056803674
0.05675719
0.057145823
0.059106223
0.060125317
0.058396958
0.057764035
0.054986447
0.056208942
0.057687752
0.059673805
0.06499914
0.06672917
0.06789698
0.068090014
0.065660596
0.06334477
0.05916485
0.059838295
0.05958905
0.06116921
0.060083404
0.06119456
0.058670513
0.05802818
0.0580118
0.05722428
0.058534313
0.057943035
0.061170053
0.060930323
0.061143037
0.059742685
0.06278381
0.06042842
0.059807725
0.05785799
0.056656715
0.055331632
0.05457979
0.05591609
0.06108684
0.061175562
0.061965916
0.06181835
0.06298964
0.05855301
0.059647787
0.056817465
0.0558767
0.0547772
0.05498246
0.054702513
0.05697867
0.060939133
0.05940256
0.060092714
0.06069984
0.059445705
0.05710471
0.05650624
0.055963673
0.05553273
0.05579656
0.056434773
0.055729587
0.056736305
0.055590358
0.056123868
0.053333398
0.052594062
0.050853483
0.050373808
0.048884746
0.0494259
0.050137386
0.04908479
0.0497024
0.052361947
0.05196457
0.054981176
0.054100618
0.05397358
0.055821408
0.054022834
0.05087856
0.052020088
0.051946413
0.045637038
0.04793152
0.048035827
0.04888309
0.050091226
0.050691426
0.048640676
0.049063656
0.04964283
0.04711916
0.048050866
0.04945701
0.04925046
0.04956863
0.050545573
0.04959442
0.049219124
0.049746722
0.04777063
0.048236053
0.047478642
0.049053404
0.04727557
0.04727986
0.04717331
0.048299916
0.0477655
0.04934479
0.04957065
0.048634652
0.050251104
0.053191327
0.053286515
0.052941367
0.053174745
0.055240408
0.05177606
0.05242982
0.054965504
0.05595255
0.05624914
0.05998437
0.058285866
0.05922645
0.060602356
0.056888953
0.05382059
0.055599064
0.05241337
0.051893566
0.05027829
0.05063906
0.05034198
0.05179676
0.048879586
0.049784917
0.048798732
0.049211092
0.05001408
0.054050434
0.056635447
0.059605323
0.058724515
0.05681996
0.054999944
0.05422353
0.051267672
0.05333171
0.05330844
0.05311981
0.055192538
0.058201317
0.058887675
0.062081683
0.06253651
0.063498534
0.06383934
0.062284052
0.0619175
0.06285822
0.05887792
0.05996927
0.06105972
0.059564166
0.058366887
0.06265748
0.05777546
0.05567287
0.05574665
0.05598124
0.054740988
0.057523433
0.05992792
0.06126861
0.06134968
0.060389865
0.06048454
0.059224885
0.05894517
0.057095956
0.060574297
0.06109383
0.060534455
0.06072152
0.061457124
0.05784101
0.05659052
0.05598806
0.05685957
0.058604438
0.057648525
0.05653997
0.05483228
0.052348953
0.053419992
0.051409513
0.050699443
0.05247455
0.051681455
0.051383473
0.04931469
0.050690316
0.052615102
0.05580465
0.059174925
0.060018305
0.059952963
0.057578996
0.05323111
0.05166765
0.052780144
0.051676434
0.054409586
0.055948503
0.058314707
0.057848234
0.053839263
0.05399622
0.05246848
0.052367892
0.05467855
0.055528548
0.057534046
0.057407603
0.05670231
0.057222422
0.060168896
0.059883226
0.058984306
0.061656673
0.06363279
0.062760584
0.061972745
0.060652103
0.06387445
0.059568945
0.061430026
0.06238767
0.06569455
0.06287393
0.06355796
0.060970284
0.05994896
0.056616355
0.05790491
0.060079295
0.05813327
0.059292402
0.06246586
0.06414867
0.06133649
0.06759285
0.06701573
0.06744212
0.06354024
0.065685704
0.06263506
0.065298125
0.0628298
0.06340689
0.06500704
0.06740321
0.066001564
0.06794772
0.0680796
0.06641401
0.06281582
0.061902586
0.06179051
0.06407862
0.06606982
0.06530943
0.06630817
0.064150035
0.06080237
0.059875507
0.05667895
0.05863914
0.059277806
0.062544495
0.06729326
0.06846494
0.07140704
0.07128992
0.07114133
0.07036471
0.07160844
0.07304275
0.0731428
0.07564144
0.07478727
0.07233175
0.07211559
0.07064976
0.06885599
0.070373066
0.07088086
0.06840484
0.069476955
0.06843707
0.06527675
0.06568454
0.06655725
0.06608975
0.06569541
0.06966384
0.07034752
0.071279034
0.0726007
0.0704154
0.067702316
0.069790386
0.07138297
0.069494605
0.071895644
0.07185786
0.068875924
0.069021374
0.07210281
0.0726018
0.07382202
0.074523054
0.07301172
0.07205526
0.06989032
0.06915278
0.069623396
0.06922557
0.06939326
0.07056443
0.06936395
0.07022624
0.06952071
0.06772002
0.066527836
0.06886956
0.06732607
0.067562334
0.063787356
0.06275611
0.061450645
0.058728613
0.057123166
0.05677187
0.060190786
0.060097154
0.05924026
0.060130857
0.060375642
0.06174082
0.061261974
0.065721124
0.06923463
0.067833684
0.06851784
0.06688977
0.062095914
0.061445463
0.055196583
0.056358706
0.05523324
0.054082945
0.05435057
0.05495229
0.0578137
0.058780834
0.058775753
0.057815447
0.059501804
0.061007336
0.06124473
0.058230262
0.054966148
0.053276896
0.053697426
0.05386617
0.05254669
0.05277256
0.054468416
0.056345794
0.058056407
0.057182614
0.0555293
0.057870712
0.05630612
0.05522356
0.05589578
0.055131514
0.055854645
0.056383237
0.05828821
0.059721068
0.05928771
0.060801495
0.05969925
0.059883114
0.06387914
0.060648534
0.060632635
0.06101091
0.057900347
0.058575895
0.05727324
0.051266965
0.052408174
0.052949425
0.051443778
0.050170712
0.0525169
0.054009985
0.054786295
0.05332666
0.052968968
0.051969357
0.05455232
0.055998184
0.052509304
0.055787805
0.055673562
0.05546246
0.0543066
0.0533839
0.05572921
0.056927115
0.056929424
0.060154215
0.0596695
0.0610622
0.061063886
0.060352545
0.060650453
0.05824961
0.055158827
0.056763526
0.05538844
0.053973913
0.053163942
0.05273206
0.053189993
0.054939955
0.054347776
0.055263948
0.056917183
0.061710447
0.061068263
0.06130296
0.059741165
0.06333327
0.0629969
0.061096337
0.060543895
0.059695914
0.058880843
0.06167575
0.059388127
0.059056044
0.05834237
0.05697196
0.057308026
0.057929095
0.056054544
0.05470978
0.052825406
0.05275487
0.052995443
0.055044476
0.055370577
0.057347488
0.057051096
0.055824243
0.05900885
0.058968402
0.058441907
0.056563657
0.054085784
0.053859968
0.055463366
0.05588527
0.054685783
0.056890696
0.059950016
0.061324682
0.06030492
0.061726395
0.05934762
0.05946671
0.06203289
0.059219696
0.059675846
0.060444206
0.05870867
0.058840495
0.06061112
0.059713274
0.06052358
0.061073456
0.06189296
0.064815216
0.06344178
0.06368676
0.0626476
0.060925715
0.06081148
0.06186663
0.06114276
0.06279082
0.061225615
0.062488455
0.06282816
0.063409016
0.06503248
0.06262465
0.060745463
0.05777149
0.0587486
0.057891462
0.05769785
0.058555685
0.05642034
0.056641307
0.057500638
0.05743025
0.061132178
0.060949743
0.063748986
0.06165023
0.06129294
0.0630768
0.064258315
0.06195114
0.060518667
0.05979986
0.059557382
0.062082503
0.06193603
0.062477272
0.06097576
0.062040903
0.06350321
0.065420195
0.06551586
0.066500634
0.06695587
0.0674305
0.06724882
0.06881498
0.06839213
0.06810586
0.06661453
0.06548305
0.06356044
0.063797705
0.06375061
0.062297713
0.05994336
0.058253802
0.05871713
0.059134804
0.058173243
0.058603186
0.054605454
0.055472057
0.05500261
0.05753864
0.057979774
0.0576386
0.057255078
0.054892585
0.051498476
0.051574297
0.05164293
0.050305407
0.04883159
0.0469052
0.04608406
0.044890687
0.046366442
0.047425568
0.048154276
0.0499821
0.04840511
0.04968363
0.050258055
0.051618323
0.05166121
0.052243967
0.053170692
0.05059606
0.051842507
0.050555713
0.052513894
0.053679086
0.052736443
0.052986108
0.053543758
0.054163266
0.053892586
0.052943744
0.052294794
0.050243054
0.051854614
0.050218236
0.05021908
0.050372135
0.04929514
0.048052154
0.046547756
0.046188977
0.046268042
0.046071984
0.04631596
0.046623
0.045838326
0.044367056
0.04370821
0.042954054
0.043310244
0.0445148
0.044800874
0.045162972
0.044690955
0.044051405
0.044845033
0.044551164
0.04523381
0.04608895
0.0468984
0.04657922
0.048525415
0.049334235
0.048839994
0.048847474
0.050460573
0.052203063
0.05347892
0.054204207
0.053021904
0.054922875
0.054274384
0.05568004
0.05328709
0.05262972
0.052380223
0.05324501
0.05237034
0.04963517
0.048163157
0.048803993
0.050478484
0.048709344
0.050611813
0.050045136
0.05106447
0.050825875
0.05191726
0.05229071
0.05174776
0.054516554
0.055824284
0.05684272
0.056152984
0.055688143
0.054844964
0.053545773
0.0529085
0.052815955
0.05476192
0.057321228
0.057992183
0.05976647
0.05814664
0.059237715
0.060068525
0.061231587
0.062027074
0.061818678
0.0625187
0.06396064
0.06211015
0.05947994
0.059239767
0.06025545
0.059573896
0.06125872
0.06267782
0.06170411
0.062592566
0.061960213
0.059276734
0.058996603
0.05961521
0.059056334
0.058894947
0.058224525
0.057099365
0.055662148
0.054175902
0.056823317
0.057691175
0.05875001
0.062284358
0.06312226
0.06434602
0.06732547
0.06645647
0.06627842
0.06713836
0.06743969
0.068347245
0.0657207
0.06455267
0.06671163
0.065335564
0.066223755
0.063936956
0.061500628
0.06361435
0.065141186
0.06695942
0.06598325
0.06678192
0.06864563
0.06670789
0.06518558
0.066598825
0.0645619
0.06706189
0.06883283
0.06940828
0.06853718
0.069057
0.06858897
0.07032139
0.07188777
0.07430016
0.07603283
0.075056545
0.07830119
0.07833987
0.07713583
0.07978789
0.08032708
0.08309479
0.084060214
0.083731264
0.082232185
0.08142151
0.082605496
0.07881751
0.07866479
0.07682522
0.07448658
0.07509217
0.07353246
0.07373616
0.073376805
0.06906459
0.06835518
0.06676618
0.065168664
0.06565164
0.0658885
0.066557184
0.065621294
0.06599566
0.06368676
0.06529362
0.064212754
0.064165704
0.06589853
0.06638335
0.06709242
0.068073794
0.06879809
0.068213165
0.06829147
0.06756601
0.06528841
0.06572772
0.06843131
0.06916683
0.069560856
0.068458475
0.068148196
0.069147766
0.06851967
0.068139225
0.06760717
0.0687392
0.07040432
0.07195038
0.07271634
0.070568755
0.06842481
0.0663353
0.06719296
0.06721328
0.06816751
0.06860964
0.06948635
0.06980514
0.069470614
0.06801215
0.067345366
0.06913984
0.06872268
0.068927564
0.06771488
0.06790578
0.06919794
0.06753033
0.0675295
0.06778482
0.067318
0.06555466
0.06552162
0.06668423
0.06510965
0.06338241
0.06374384
0.06387561
0.063830756
0.063476235
0.064220786
0.064310744
0.065687984
0.06544883
0.06347662
0.062501125
0.061136696
0.06043909
0.06010666
0.058979478
0.06008062
0.06129264
0.059697397
0.059866883
0.057634845
0.055817295
0.055709623
0.05505985
0.053649213
0.05257358
0.050682656
0.049499128
0.05065529
0.050267093
0.049136303
0.050100103
0.05069862
0.04985642
0.051580083
0.050444067
0.04927739
0.04874854
0.04847198
0.048663434
0.048834644
0.049080487
0.0494311
0.050545074
0.051492132
0.051029023
0.05213339
0.054427415
0.05388933
0.0530751
0.052832205
0.05464613
0.054357074
0.054113682
0.05465998
0.053230915
0.054268006
0.05578893
0.055283725
0.05634012
0.058190692
0.058358073
0.057400625
0.05670365
0.0547684
0.053257477
0.053860407
0.054001044
0.053648155
0.052031733
0.051204465
0.049567398
0.049423624
0.049314268
0.047569443
0.046153292
0.045767523
0.045328163
0.045200817
0.044822175
0.0437771
0.04293581
0.043426994
0.04362885
0.04213388
0.0425984
0.042743374
0.042675782
0.043842413
0.04475627
0.044591896
0.04353789
0.044536613
0.045140065
0.045418605
0.045022972
0.046761002
0.047048356
0.04693191
0.04674068
0.047754616
0.047864165
0.04780618
0.046878483
0.047503855
0.047722068
0.04838792
0.047184706
0.04714325
0.04685493
0.04820742
0.04789161
0.04778432
0.04728117
0.046881165
0.045604795
0.04528741
0.044696894
0.044867214
0.04517167
0.044751927
0.04410141
0.04431815
0.04411771
0.043318834
0.04298651
0.043147646
0.04386208
0.043206856
0.042364746
0.041465208
0.041591015
0.040820293
0.040492192
0.040397603
0.04046151
0.040232055
0.04111657
0.041548777
0.040699977
0.041055243
0.04043178
0.040160198
0.04042397
0.040503964
0.041326616
0.040992666
0.042288747
0.042455796
0.04185618
0.04233989
0.041908536
0.04301836
0.043110263
0.044073436
0.04549032
0.044541046
0.043947566
0.043464564
0.043719042
0.04386372
0.04540292
0.0460315
0.04698862
0.047333058
0.04689848
0.04637475
0.045573905
0.04561878
0.047172077
0.045882337
0.045209892
0.045428544
0.04447386
0.04482023
0.04539141
0.04561495
0.045042638
0.045084085
0.04507291
0.045744997
0.044805758
0.04537898
0.045271814
0.04573728
0.045897022
0.04635885
0.04701655
0.04712689
0.047429286
0.048112195
0.047381178
0.046976075
0.04619615
0.046001855
0.04640929
0.047371287
0.04811535
0.04723434
0.047136255
0.047513
0.048013322
0.047633044
0.04698689
0.04747768
0.04813259
0.04810278
0.048976704
0.04866945
0.048589937
0.04867928
0.048828214
0.04739977
0.046187337
0.046548422
0.045622073
0.044886004
0.044848412
0.044917863
0.044453435
0.04466307
0.045291573
0.0449085
0.044678297
0.044434227
0.043830145
0.04322054
0.04346214
0.04415
0.043683268
0.044408616
0.044364925
0.044644203
0.045122113
0.045669466
0.045269735
0.045369312
0.04552948
0.045840256
0.046197493
0.046837643
0.047280118
0.04797766
0.047312822
0.04773562
0.047027703
0.04728442
0.047224622
0.04768709
0.04832667
0.049875844
0.05078096
0.050722435
0.051097214
0.051518776
0.052412942
0.053267486
0.05356257
0.05399253
0.054534085
0.05421327
0.053522777
0.05265605
0.05086595
0.050522126
0.04967742
0.049159225
0.0487007
0.04898349
0.04770069
0.04686152
0.045893755
0.045844566
0.046008144
0.04495221
0.044741377
0.044610668
0.043604817
0.043272097
0.04247271
0.042548317
0.042213507
0.041276213
0.041147836
0.04037336
0.04043167
0.03985366
0.039406274
0.039340395
0.039222516
0.039146118
0.038744576
0.038197417
0.038149245
0.03746109
0.03746727
0.03722628
0.03715348
0.03685364
0.03649198
0.035829935
0.035397276
0.03508435
0.03475189
0.034257263
0.03381081
0.033289336
0.032700296
0.03231893
0.031722475
0.031465724
0.031010995
0.030476322
0.030073766
0.02958788
0.029124944
0.028683545
0.028262388
0.02786028
0.027476128
0.027108924
0.026757736
0.0264217
0.026100023
0.025791967
0.025496844
0.02521402
0.024942901
0.024682937
0.024433615
0.024194453
0.023965007
0.023744857
0.023533609
0.0233309
0.023136387
0.022949746
0.022770677
0.022598896
0.022434138
0.02227615
0.0221247
0.021979569
0.021840544
0.021707434
0.021580053
0.02145823
0.021341803
0.021230616
0.021124527
0.021023402
0.02092711
0.020835537
0.020748567
0.020666096
0.020588025
0.020514263
0.020444723
0.020379325
0.020317994
0.02026066
0.02020726
0.020157732
0.020112023
0.020070082
0.020031864
0.019997327
0.019966431
0.019939147
0.019915445
0.019895298
0.019878685
0.019865591
0.019855998
0.0198499
0.019847287
0.019847287
0.019847287
0.019847287
0.019847287
0.019847287
0.019847287
0.019847287
0.019847287
0.019847287
0.019847287
0.019847287
0.019847287
0.019847287
0.019847287
0.019847287
0.019847287
0.019847287
0.019847287
0.019847287
0.019847287
0.019847287
0.019847287
0.019847287
0.019847287
0.019847287
0.019847287
0.019847287
0.019847287
0.019847287
0.019847287
0.019847287
0.019847287
0.019847287
0.019847287
0.019847287
0.019847287
0.019847287
0.019847287
0.019847287
0.019847287
0.019847287
0.019847287
0.019847287
0.019847287
0.019847287
0.019847287
0.019847287
0.019847287
0.019847287
0.019847287
0.019847287
0.019847287
0.019847287
0.019847287
0.019847287
0.019847287
0.019847287
0.019847287
0.019847287
0.019847287
0.019847287
0.019847287
0.019847287
0.019847287
0.019847287
0.019847287
0.019847287
0.019847287
0.019847287
0.019847287
0.019847287
0.019847287
0.019847287
0.019847287
0.019847287
0.019847287
0.019847287
0.019847287
0.019847287
0.019847287
0.019847287
0.019847287
0.019847287
0.019847287
0.019847287
0.019847287
0.019847287
0.019847287
0.019847287
0.019847287
0.019847287
0.019847287
0.019847287
0.019847287
0.019847287
0.019847287
0.019847287
0.019847287
0.019847287
0.019847287
0.019847287
0.019847287
0.019847287
0.019847287
0.019847287
0.019847287
