1256.9384
425.05646
196.36774
139.28601
109.74888
91.06203
77.88932
67.796104
59.99619
53.70886
48.544342
44.19056
40.613335
37.362076
34.578266
32.23971
30.120752
28.088984
26.372046
24.817799
23.486883
22.14679
21.011196
19.923777
18.91847
18.05063
17.327969
16.456097
15.931779
15.335913
14.549299
14.016988
13.510145
12.869216
12.408102
11.933144
11.502469
11.115928
10.875523
10.432879
10.006103
9.765395
9.402553
9.148374
8.854439
8.603283
8.454186
8.181969
7.881745
7.6417227
7.4471836
7.254649
7.065448
6.976915
6.808026
6.520606
6.3395176
6.2169127
6.0821633
5.949713
5.804153
5.763623
5.577883
5.408882
5.294403
5.1743937
5.073655
5.019527
4.8939037
4.7902117
4.66565
4.6192126
4.5154204
4.3939295
4.306263
4.2422976
4.1680994
4.113877
4.0168815
3.9373016
3.8841915
3.7962077
3.7129266
3.6578367
3.6080043
3.555911
3.497285
3.4537497
3.3856924
3.39118
3.3000102
3.2223637
3.1776626
3.145342
3.109841
3.0480013
2.9913194
2.9674551
2.9249008
2.8819919
2.8355916
2.8110669
2.764256
2.7364457
2.7053087
2.70055
2.6497245
2.596709
2.5665317
2.5296226
2.5129342
2.479437
2.4770677
2.4109817
2.40293
2.3803234
2.3401349
2.2948766
2.291589
2.256117
2.2150295
2.2196743
2.1627457
2.161678
2.1845794
2.108047
2.0825126
2.0795417
2.0589392
2.0288253
2.003639
2.0065558
1.9724665
1.9591016
1.9441949
1.9229329
1.9111012
1.8925072
1.8851354
1.8671055
1.8382372
1.8082875
1.799002
1.7921318
1.773506
1.7502385
1.7403885
1.7234285
1.712563
1.7017431
1.6898748
1.6668372
1.6620618
1.6437678
1.6322209
1.6251227
1.6105908
1.5924364
1.5850226
1.5766624
1.5574068
1.558013
1.5294468
1.5219519
1.5454596
1.5119315
1.5087
1.4945898
1.4970382
1.4777333
1.4584575
1.4458364
1.4321545
1.438974
1.4341768
1.4198029
1.427847
1.4000137
1.4377508
1.421831
1.3743837
1.3689109
1.3668089
1.3533792
1.3568642
1.3353764
1.3189794
1.319771
1.3150381
1.3031677
1.2935951
1.284784
1.27078
1.2605795
1.2509725
1.253801
1.240069
1.2325546
1.2243648
1.2201306
1.2130727
1.2043221
1.1942674
1.1957039
1.184178
1.1825163
1.1738262
1.1627871
1.1602803
1.162323
1.1466465
1.1411351
1.1346767
1.1361105
1.1312498
1.1209944
1.1139799
1.1152824
1.1125581
1.109399
1.0951605
1.0934356
1.0946856
1.0831467
1.0751961
1.0722734
1.07022
1.0622513
1.0669369
1.0788956
1.0595576
1.0480236
1.0461546
1.0402194
1.0379987
1.0306582
1.0362161
1.0246292
1.0248092
1.0184151
1.0154252
1.016397
1.0123537
1.0098596
1.0072445
0.99570006
0.9995639
1.0002992
0.9991241
0.97870076
0.9827527
0.9813101
0.97297484
0.9709749
0.96858275
0.9641009
0.96338856
0.96412283
0.95735264
0.9540651
0.95720446
0.95073634
0.9433191
0.946288
0.94258153
0.9545825
0.9376365
0.93474257
0.92841095
0.9328282
0.9281503
0.92912495
0.93302786
0.919401
0.921707
0.91643906
0.92282563
0.914755
0.919982
0.9186681
0.92781943
0.9054926
0.9088053
0.9154873
0.9073248
0.913654
0.9072062
0.91058135
0.9050413
0.90410805
0.89666116
0.90046763
0.8936707
0.8900908
0.8939387
0.8842875
0.8859183
0.8867562
0.88654083
0.87624395
0.88646847
0.87081593
0.87513864
0.8696775
0.8758466
0.8676694
0.859458
0.858369
0.8558579
0.85427004
0.8623485
0.85048234
0.84784776
0.84753174
0.8478431
0.8483652
0.84981143
0.8444201
0.846154
0.8505838
0.838863
0.8394393
0.8409928
0.8422982
0.83748645
0.8297802
0.835216
0.83805573
0.8305981
0.8356355
0.8321263
0.8285911
0.82564306
0.8174129
0.81526595
0.8153705
0.81487954
0.8124466
0.8174481
0.8165687
0.8094656
0.80713254
0.81407857
0.8113013
0.807503
0.81549543
0.80819464
0.8059754
0.8043681
0.80180305
0.799488
0.7999983
0.79309106
0.79967254
0.7943927
0.7981039
0.7921206
0.7941945
0.7831235
0.7827519
0.79037255
0.7820371
0.77809423
0.78376657
0.7801511
0.7793508
0.773848
0.7793259
0.7805794
0.7719818
0.7747985
0.77080935
0.7693133
0.7648027
0.7598868
0.76511604
0.76373273
0.76830196
0.76040655
0.7612813
0.763332
0.7622448
0.7560866
0.7580795
0.76455396
0.75732255
0.76082337
0.7608126
0.75803334
0.75915945
0.7520569
0.7498255
0.7552316
0.7487757
0.7477777
0.7505373
0.7427487
0.75009257
0.73688555
0.7418482
0.73840624
0.740773
0.741648
0.73602265
0.7317285
0.7366236
0.73214275
0.7334785
0.72911227
0.73245335
0.7337059
0.72428745
0.722601
0.7267922
0.71670884
0.72319776
0.726508
0.72050804
0.72319597
0.7165693
0.71506286
0.7141046
0.71218765
0.71318436
0.70650995
0.7084441
0.7119918
0.7156795
0.7053568
0.70786536
0.7022515
0.7041304
0.7055081
0.6977809
0.6944487
0.6967894
0.69593734
0.6908757
0.69651127
0.69256115
0.6979629
0.6922199
0.69414276
0.6933445
0.6912817
0.689
0.686132
0.6854155
0.6883746
0.68894786
0.6787053
0.68418753
0.68391055
0.6806262
0.6733942
0.6814331
0.6790398
0.67878115
0.67560524
0.6744052
0.6784483
0.67541444
0.6676253
0.6760446
0.6712481
0.66809464
0.6703318
0.66575503
0.66935855
0.6691761
0.665177
0.6713401
0.6663433
0.65993685
0.663165
0.6621232
0.6608177
0.66143167
0.6557498
0.6576338
0.66169083
0.66448504
0.6679152
0.67393994
0.66293985
0.6578848
0.66080797
0.6611305
0.6599004
0.66025114
0.6664629
0.6556535
0.6539859
0.65400827
0.658275
0.65992296
0.6509943
0.65856934
0.6573671
0.6566964
0.651454
0.6534012
0.6578832
0.6547806
0.6598565
0.65861624
0.6583555
0.6486672
0.6533592
0.6515637
0.64631855
0.64930797
0.6502432
0.67959833
0.65378606
0.6556469
0.65094453
0.6506397
0.6543299
0.6536146
0.6529872
0.6499322
0.65043753
0.65235686
0.6487081
0.64273846
0.66205937
0.6460572
0.6452903
0.6397069
0.64696056
0.6408133
0.647737
0.6361494
0.64389247
0.6429218
0.6449339
0.63953334
0.63889015
0.63993496
0.64244086
0.6371714
0.6388004
0.6352174
0.63904303
0.63528067
0.64116573
0.64254326
0.6422383
0.6351057
0.6340111
0.6427323
0.6323838
0.63459975
0.6367746
0.63987577
0.63756573
0.64262056
0.6385844
0.6362917
0.6394367
0.64134145
0.6402072
0.6358441
0.6362834
0.6393717
0.64143986
0.6417739
0.64161605
0.64383495
0.6378938
0.6368104
0.63600624
0.6419962
0.63821626
0.63912356
0.6407874
0.6388788
0.64318424
0.6366882
0.63938934
0.6409458
0.63514566
0.6320651
0.6369213
0.64068496
0.63566464
0.64093184
0.6322587
0.6353751
0.627604
0.6342481
0.6305759
0.6336216
0.63037884
0.63265705
0.63408715
0.6345075
0.62664944
0.62735635
0.63086545
0.6304688
0.634533
0.6308007
0.6310954
0.6336883
0.6255309
0.6270938
0.6302074
0.62764573
0.630337
0.6273056
0.62215686
0.6253281
0.6226854
0.62747055
0.61608785
0.6217049
0.6257497
0.6219934
0.6253169
0.61709106
0.619302
0.6319471
0.6202799
0.6179857
0.62599534
0.6271297
0.61446184
0.61633486
0.61497694
0.6209537
0.61774004
0.6167811
0.615347
0.6133452
0.61695975
0.6125253
0.6115427
0.618463
0.6148729
0.60805625
0.6098325
0.60775185
0.6045194
0.6099863
0.6063507
0.6046598
0.6064176
0.6095816
0.60742867
0.609871
0.6128728
0.6040655
0.6079634
0.61119604
0.60442936
0.6086711
0.60428286
0.60357356
0.60500914
0.60681975
0.6066723
0.604269
0.60306424
0.6062408
0.6086773
0.60957605
0.6035343
0.6048993
0.60519624
0.60599864
0.60559535
0.6089732
0.60018367
0.61177456
0.60395724
0.6060623
0.6037482
0.60488814
0.60307777
0.60299444
0.60177714
0.5998597
0.609508
0.6011168
0.60245574
0.6060975
0.6014406
0.6042094
0.6012871
0.60458183
0.605707
0.5965305
0.595513
0.6026095
0.6004663
0.5987232
0.59894544
0.6003154
0.6011843
0.605542
0.6011784
0.5978975
0.5972614
0.59477454
0.596704
0.6032245
0.60498947
0.6018282
0.5997807
0.6059477
0.60441124
0.60038084
0.5956173
0.59295505
0.59666514
0.59970486
0.59386003
0.5970288
0.59711564
0.601722
0.5860635
0.596055
0.58770865
0.5963918
0.5914133
0.59333116
0.5920188
0.59255844
0.5933899
0.58644354
0.5874354
0.5915072
0.5951619
0.5865176
0.58985716
0.5906347
0.58927095
0.5863778
0.5851773
0.58416617
0.5865308
0.5843037
0.58634657
0.5826779
0.59040666
0.58387405
0.58450645
0.5828599
0.58301485
0.581377
0.5823531
0.5783009
0.5807212
0.5787715
0.57302886
0.57468754
0.57954746
0.5788201
0.57492375
0.5747312
0.57922375
0.57947636
0.58002365
0.5761878
0.5695779
0.5751717
0.57480454
0.5730495
0.570777
0.57485485
0.5711796
0.57120705
0.570991
0.5736318
0.56458753
0.57069206
0.5728472
0.56770015
0.5612814
0.57026035
0.57189965
0.5683303
0.56624717
0.5701533
0.56949735
0.5687447
0.57492954
0.57226324
0.56638294
0.5747099
0.57179564
0.57053775
0.5673936
0.5644797
0.5676095
0.56711864
0.5675654
0.5698224
0.56445926
0.5635031
0.567953
0.5660503
0.56403375
0.56685716
0.56870675
0.5657697
0.5675103
0.56623346
0.57058334
0.5681696
0.56574905
0.564689
0.5634554
0.5692857
0.5660571
0.5630833
0.5640986
0.5641133
0.56652063
0.57097805
0.56499255
0.5708848
0.56464785
0.5659389
0.5701644
0.564089
0.56747514
0.5628327
0.5588198
0.5647099
0.56250757
0.5602165
0.5625732
0.5623799
0.5576715
0.5609467
0.56447375
0.5611956
0.56286246
0.55978763
0.5584499
0.5567727
0.5570135
0.5554272
0.5625673
0.56004846
0.55255765
0.5541776
0.5506172
0.5531694
0.5509882
0.5532198
0.55313927
0.55022544
0.5511651
0.55182177
0.5513389
0.55214363
0.54713994
0.5472009
0.5497952
0.54891753
0.5495763
0.54464555
0.5484296
0.55040896
0.5410678
0.5481981
0.5486258
0.55032784
0.54691863
0.53980684
0.53951454
0.5438914
0.54127026
0.5391845
0.5411428
0.54564637
0.5377925
0.5355369
0.5358679
0.5420348
0.53852755
0.5436909
0.5323616
0.5352567
0.53595054
0.53786427
0.5350956
0.52967966
0.5337111
0.53488874
0.5363489
0.5308947
0.5311789
0.5274838
0.5299183
0.5299831
0.5350786
0.531839
0.53417736
0.5270848
0.5245924
0.53304553
0.52437705
0.5298412
0.5326231
0.535217
0.5278447
0.52859163
0.5283399
0.52851516
0.529307
0.5301516
0.52232033
0.5223706
0.52673036
0.52479714
0.5287784
0.5251031
0.5239625
0.52612317
0.5266086
0.5249521
0.5218412
0.5295265
0.5286444
0.52368146
0.5242596
0.52229196
0.527027
0.5194936
0.5246868
0.5238132
0.51717925
0.5231394
0.5237811
0.5193039
0.5266663
0.5240707
0.5173253
0.5190203
0.51682174
0.5225225
0.5198269
0.5229855
0.523144
0.51422197
0.5194006
0.5163325
0.51307607
0.51476216
0.51697683
0.5191158
0.51542264
0.5208295
0.5188791
0.51556915
0.51021576
0.51571876
0.50543463
0.51359206
0.50841194
0.50631946
0.5064074
0.5134299
0.5101431
0.5074832
0.5053324
0.5087211
0.51097864
0.50995183
0.5106514
0.50874066
0.5077583
0.51441956
0.5054431
0.51716304
0.51299673
0.50656676
0.5070247
0.5107417
0.5112374
0.5123657
0.5168914
0.5107157
0.50957906
0.50520414
0.5116765
0.51287895
0.51186246
0.5051439
0.5098783
0.5129973
0.50917923
0.51482826
0.51195407
0.5039153
0.50715166
0.50985676
0.5070311
0.50626165
0.50898325
0.5083154
0.50796854
0.5083067
0.50781345
0.51302093
0.50984746
0.5142569
0.50481975
0.5097003
0.50647795
0.5117394
0.50744236
0.5098144
0.51119626
0.51053673
0.5080844
0.5087429
0.5112565
0.51017267
0.5048288
0.50742793
0.50018144
0.50701594
0.5130147
0.5045986
0.50736165
0.5082982
0.5074395
0.5068226
0.5053945
0.50974715
0.5070685
0.5068484
0.51008016
0.50778645
0.5108538
0.5083857
0.5076342
0.5087361
0.50463015
0.4967076
0.50896627
0.49586985
0.5046534
0.5034082
0.5029162
0.5031015
0.5070395
0.50851494
0.4985295
0.5023198
0.50039923
0.4968656
0.50070524
0.49937558
0.49859294
0.50052017
0.5014754
0.4983246
0.49896318
0.49703196
0.49691758
0.500844
0.50021815
0.49729443
0.49716347
0.4967823
0.49405187
0.49559975
0.49671435
0.48669064
0.4887283
0.50010633
0.48830557
0.488511
0.49062017
0.48768622
0.48691097
0.49320865
0.4867549
0.49344662
0.4885826
0.48755267
0.48663807
0.49109256
0.48651633
0.48884535
0.48678398
0.49248812
0.48590818
0.4913574
0.49095783
0.4918101
0.48859644
0.48957068
0.48778415
0.48712403
0.48712426
0.48780614
0.49468827
0.48946345
0.48489505
0.49084482
0.4894649
0.4903986
0.48704427
0.48735517
0.487209
0.48644134
0.48728466
0.4887487
0.49134314
0.48672652
0.48525342
0.48862392
0.48621225
0.48475674
0.48789966
0.48481268
0.48250845
0.48276374
0.4893502
0.48555785
0.4867248
0.48564887
0.4796184
0.485209
0.48563492
0.48638824
0.47840956
0.47980413
0.48228806
0.4865382
0.48927793
0.4920459
0.48626265
0.4842761
0.4763127
0.48116475
0.48818925
0.4800027
0.48224765
0.47863874
0.48745158
0.4813311
0.4849043
0.48264024
0.48243028
0.48510763
0.48718882
0.48356143
0.48317665
0.48990437
0.48576123
0.4845612
0.48565626
0.48284802
0.48695207
0.4893769
0.48430398
0.4852213
0.48286524
0.48055053
0.48240343
0.48344523
0.48485675
0.47860876
0.48306298
0.4786137
0.48151308
0.4852843
0.47747293
0.4739394
0.4728776
0.47769818
0.4797732
0.47607014
0.4722527
0.46911085
0.4718771
0.4729191
0.47563353
0.47059703
0.46713004
0.4693747
0.47494277
0.4691446
0.46892652
0.47169542
0.46946645
0.46951655
0.46640727
0.47195768
0.46641988
0.46782646
0.46741053
0.46768212
0.46754244
0.46599695
0.45974752
0.46422416
0.46745834
0.46398136
0.46214214
0.4654836
0.465138
0.45905975
0.4599598
0.46019456
0.45962474
0.46429834
0.4698965
0.4614401
0.45922178
0.45966464
0.45947832
0.45731938
0.45867276
0.45871353
0.45234323
0.45172173
0.452883
0.45539373
0.45642507
0.45244348
0.45325094
0.44955376
0.44868854
0.44860426
0.44947648
0.44879675
0.44752905
0.4471477
0.45176688
0.44786894
0.44998473
0.45003825
0.44632155
0.44758248
0.44603226
0.44538158
0.44809452
0.4461545
0.4456807
0.44916695
0.44352865
0.44641408
0.44230992
0.44675925
0.4487728
0.44823277
0.45100987
0.4464453
0.44133094
0.44971052
0.4465104
0.44519722
0.45144048
0.4450154
0.44396356
0.44617322
0.44371405
0.4404099
0.44106266
0.44844002
0.44966283
0.44531697
0.4474573
0.44909084
0.44082138
0.44475296
0.4448196
0.44748855
0.44826567
0.44728923
0.44554487
0.45140854
0.4480141
0.4468589
0.448331
0.44566965
0.44785276
0.44568908
0.44483078
0.4543811
0.4508127
0.458532
0.45557228
0.44775245
0.4468541
0.4481199
0.45127156
0.44727898
0.44474235
0.4501439
0.4514997
0.4468089
0.44711867
0.44464403
0.45133135
0.44888416
0.44963512
0.4460213
0.45115197
0.45382732
0.44900018
0.45073318
0.44656894
0.45069498
0.4427364
0.44724348
0.44410983
0.45051342
0.44518286
0.44297382
0.44497114
0.44164312
0.44389194
0.44712737
0.44488704
0.44638008
0.44369778
0.439596
0.4464144
0.44709995
0.44621745
0.44477284
0.44520327
0.44762263
0.44260064
0.4396992
0.44122237
0.43965146
0.43952817
0.44377246
0.44035682
0.44040814
0.4421015
0.43837968
0.44010803
0.4412617
0.43818563
0.43870047
0.43843606
0.44211373
0.43967587
0.4384125
0.44170102
0.4328311
0.43543714
0.43888828
0.43519068
0.43604916
0.44010627
0.43779576
0.4390977
0.43476108
0.44087055
0.43545893
0.43687144
0.43780547
0.43610868
0.4382617
0.43403378
0.43727663
0.43543527
0.4332946
0.43334714
0.438296
0.43538487
0.44080025
0.43307176
0.43586037
0.43680477
0.43530446
0.4294617
0.43081367
0.43235272
0.43566152
0.428623
0.431984
0.43589664
0.43335322
0.43673325
0.43430844
0.43849614
0.43268335
0.42962065
0.43281645
0.44153664
0.42779496
0.43405792
0.43114665
0.43530384
0.43139896
0.4309029
0.43113816
0.43597516
0.43643567
0.43079337
0.42326275
0.43588537
0.4340869
0.43619478
0.43808636
0.43176436
0.4354093
0.434943
0.42859265
0.43592948
0.43920055
0.43231106
0.43310204
0.43123457
0.43447015
0.4351789
0.4346393
0.43841898
0.43221354
0.43311232
0.4349211
0.43465906
0.4306377
0.4342105
0.43073326
0.43772802
0.4326008
0.43092576
0.42930734
0.43302518
0.43545234
0.4259044
0.4303512
0.43319076
0.4360539
0.43283525
0.43600518
0.43216014
0.43165857
0.43280345
0.42916414
0.4314805
0.4302468
0.43254155
0.42961308
0.4304774
0.42848876
0.42719367
0.42922404
0.42489004
0.42380372
0.4284923
0.42962041
0.4266405
0.42249924
0.42364535
0.42843246
0.42423505
0.42990625
0.42501304
0.42164028
0.42186287
0.42759442
0.4201976
0.42459223
0.42059037
0.41922066
0.43102193
0.4255288
0.41908962
0.420296
0.4158715
0.4193909
0.41237652
0.41576928
0.41637123
0.41778064
0.41827625
0.41164142
0.417154
0.41434819
0.41207373
0.41122484
0.4137696
0.4099861
0.41044724
0.41100118
0.4126152
0.40727165
0.4110033
0.41044316
0.41193736
0.40793648
0.410428
0.40785664
0.40943503
0.40714267
0.40875873
0.40686795
0.4045296
0.40291828
0.40757003
0.40989733
0.40824264
0.4020381
0.40553367
0.4016967
0.40939233
0.40258196
0.40212256
0.4030676
0.4075553
0.40485156
0.40013316
0.4031004
0.4003228
0.3964602
0.40064132
0.396823
0.39837405
0.39974102
0.39988998
0.39952856
0.40022886
0.39868262
0.40052795
0.39897397
0.39981464
0.39518055
0.3939257
0.3968976
0.39669883
0.39690393
0.40017354
0.39949363
0.3999841
0.39902964
0.39853466
0.39498183
0.39994067
0.39721784
0.39488366
0.398803
0.3933846
0.38917488
0.39424306
0.3933862
0.39586747
0.39702845
0.39565152
0.3945781
0.3925535
0.3936408
0.39258373
0.392136
0.39196703
0.39240685
0.38665205
0.3934349
0.3885514
0.39310357
0.38949537
0.39098406
0.3885027
0.3988702
0.39289385
0.39129698
0.39061555
0.39013073
0.3868937
0.39081612
0.39091823
0.39822152
0.38941306
0.39076602
0.39171052
0.3917494
0.39338955
0.39409134
0.3900233
0.3957657
0.39025497
0.39129978
0.39342117
0.3927906
0.3971731
0.394291
0.39456517
0.39262637
0.39075172
0.3867607
0.39590606
0.39396045
0.39454567
0.39657325
0.39626205
0.39285076
0.3910094
0.39255258
0.39447582
0.39759663
0.39458865
0.39578223
0.39769968
0.39399183
0.39484438
0.3965161
0.3934866
0.39894965
0.3916348
0.3948168
0.38924596
0.38932195
0.3956323
0.38627976
0.3976845
0.39641094
0.3924461
0.38988608
0.3965555
0.3921126
0.39244714
0.39091814
0.39151797
0.3889845
0.39010328
0.3932083
0.3881402
0.3804096
0.38700435
0.39028227
0.38726303
0.38679165
0.3826231
0.3882803
0.38885352
0.38694832
0.38559696
0.38507348
0.38420624
0.38313696
0.38426208
0.3865777
0.38789913
0.38821
0.3880621
0.3824393
0.38601232
0.3835169
0.38618267
0.38354173
0.38918018
0.38344747
0.37973544
0.3813973
0.38005757
0.3781025
0.38209087
0.3819729
0.3771788
0.37769133
0.38238123
0.37994686
0.37167418
0.37743893
0.37244987
0.37574443
0.37416214
0.38115263
0.37771112
0.3809789
0.3715624
0.37718844
0.3792989
0.37777945
0.37733826
0.37171718
0.3766202
0.37559322
0.37349492
0.37855446
0.370851
0.37510327
0.372428
0.37386984
0.37872446
0.3725356
0.3765046
0.3733376
0.37550256
0.37382898
0.3737495
0.37605897
0.38055268
0.3744787
0.3764608
0.36768615
0.36968654
0.36736533
0.3744963
0.37205654
0.36763892
0.37867156
0.37307242
0.37353
0.3696761
0.37273425
0.3692151
0.37535274
0.37253284
0.37313256
0.37211022
0.37456268
0.36655602
0.3693424
0.36606693
0.3691509
0.36613744
0.37038678
0.37432405
0.37194052
0.3710413
0.37181988
0.3678151
0.37319225
0.3693944
0.366635
0.36484072
0.3732395
0.3706556
0.36483386
0.36824203
0.36853155
0.3675722
0.36869
0.36233923
0.37154233
0.36292282
0.36058378
0.37126917
0.37019265
0.3705976
0.37013063
0.3645763
0.36222243
0.36997834
0.36863658
0.3653907
0.35965496
0.3646716
0.36585248
0.36379716
0.36395684
0.361534
0.3614602
0.36059946
0.36618593
0.36410156
0.35632393
0.3654679
0.364442
0.36118552
0.36563155
0.36373216
0.35962573
0.3660568
0.3602831
0.3630562
0.36364228
0.36412114
0.3636127
0.36549494
0.36343846
0.3590735
0.36483464
0.36527094
0.36339986
0.36631244
0.362756
0.36290088
0.36290598
0.36531058
0.36666474
0.36615282
0.3674256
0.36064756
0.36524144
0.3683504
0.3663631
0.36281696
0.36145148
0.36638743
0.36489782
0.363444
0.35953304
0.36096328
0.35495785
0.35942078
0.36661267
0.35993525
0.35919493
0.35575274
0.35828343
0.35835457
0.36159825
0.35695043
0.3611824
0.358745
0.3589996
0.3582129
0.36326137
0.3527394
0.35825586
0.35228166
0.35871157
0.35687825
0.35559922
0.35081798
0.3588408
0.35515723
0.35709998
0.35865209
0.35244942
0.35514975
0.35604557
0.35854566
0.35662755
0.36180115
0.35481364
0.35563818
0.35603032
0.3601113
0.35677812
0.35452005
0.352699
0.35152534
0.3509681
0.35596558
0.3573125
0.35704303
0.35484394
0.35135046
0.34967342
0.35694462
0.35244608
0.35680062
0.35316592
0.35224286
0.3532814
0.35388044
0.35456055
0.3524857
0.35378972
0.3538012
0.35452992
0.35136706
0.35522184
0.353408
0.35268107
0.3497169
0.35095257
0.35104892
0.3519043
0.34912544
0.3513821
0.3515444
0.3544122
0.3529981
0.34830967
0.3528338
0.34835663
0.35009813
0.35311222
0.34685647
0.35081992
0.3510516
0.3534109
0.35335687
0.34926292
0.3491597
0.34829655
0.35299593
0.3524776
0.35053885
0.34695455
0.3486948
0.3491449
0.35145214
0.35331392
0.34824052
0.3529871
0.34887922
0.35301694
0.34763432
0.3444532
0.34908786
0.34422264
0.35067436
0.34357643
0.34589598
0.3435918
0.34949675
0.34788725
0.34171164
0.34617043
0.34282023
0.3452553
0.34816405
0.34346837
0.34798247
0.34159607
0.3429958
0.34441012
0.34359306
0.3466703
0.34391743
0.35193986
0.346957
0.34722
0.34439963
0.3422074
0.34564233
0.3453436
0.34190843
0.34886122
0.34818426
0.3466121
0.34590816
0.3509328
0.34689248
0.34874293
0.34029067
0.34591526
0.34644797
0.34334284
0.3451246
0.34455508
0.34476745
0.349665
0.34771785
0.34804899
0.35010302
0.3468428
0.34430066
0.34281793
0.3451855
0.34324187
0.34900182
0.35070542
0.34426054
0.34011555
0.34189728
0.3384653
0.342516
0.3399818
0.34269863
0.34444815
0.34332582
0.3404893
0.34060615
0.34418824
0.3446801
0.34596354
0.34287098
0.34010106
0.33789188
0.3409444
0.33683252
0.33844137
0.33834514
0.3401115
0.33834025
0.33805612
0.34140527
0.33927774
0.33774623
0.34214985
0.33814842
0.34356225
0.3367421
0.33988646
0.33676314
0.3402617
0.34355524
0.339035
0.33605134
0.3370218
0.3379032
0.33903077
0.34002528
0.34197798
0.33434853
0.33888447
0.33610517
0.33494148
0.34011602
0.33662388
0.3360167
0.33159786
0.33656728
0.33294663
0.33266264
0.33045727
0.33143702
0.3333059
0.33151266
0.3281196
0.33118996
0.33298555
0.33165443
0.33118543
0.32838717
0.33270893
0.32988507
0.32378092
0.33187997
0.32563463
0.32450706
0.3299171
0.3318841
0.33516046
0.33111683
0.32547334
0.3297229
0.32655627
0.3319219
0.33079514
0.3272261
0.33201724
0.32381266
0.32824668
0.33044735
0.33138737
0.3321637
0.3276168
0.3355503
0.329817
0.3250885
0.32846946
0.32962328
0.32829642
0.3283028
0.32911587
0.32691616
0.3264031
0.3258467
0.3280825
0.33086193
0.324662
0.32349223
0.32220638
0.32945734
0.3259714
0.3263058
0.32452708
0.32360527
0.3206971
0.33152598
0.3251121
0.33024576
0.3251221
0.32832575
0.32375616
0.32889092
0.3332436
0.3230928
0.33012643
0.32902166
0.3277631
0.32455787
0.32675427
0.32850927
0.32928926
0.3275108
0.33032247
0.330033
0.33013046
0.32699075
0.3271651
0.32444674
0.32650915
0.32436654
0.32397267
0.32298848
0.32610437
0.32433692
0.32476258
0.32561958
0.31853098
0.32755187
0.32283127
0.31902924
0.32691762
0.31650892
0.32301164
0.32261476
0.32181728
0.3248421
0.3209272
0.3202812
0.32377556
0.32144755
0.32130277
0.32124037
0.3200973
0.32300922
0.32047817
0.32401454
0.32037053
0.31661028
0.3199412
0.32173935
0.32375485
0.31881914
0.32462156
0.31882516
0.3211641
0.320353
0.31665075
0.32233882
0.31748796
0.31922248
0.32098332
0.3200759
0.31795794
0.32077137
0.31998304
0.31894338
0.32050845
0.3165286
0.31996417
0.31655726
0.3202467
0.31953356
0.31666043
0.31587717
0.31634763
0.31953484
0.31464863
0.31639108
0.31541342
0.31828558
0.31269377
0.31619245
0.31683815
0.31756282
0.31056294
0.31725952
0.31375462
0.31276408
0.31396466
0.31768698
0.3130104
0.31203273
0.31167167
0.30884704
0.31145394
0.3159455
0.31616804
0.3145396
0.31031162
0.3135096
0.32195702
0.3133382
0.3129698
0.31650463
0.31373492
0.3147572
0.315146
0.31568244
0.31117272
0.3151322
0.30853546
0.31116357
0.31244135
0.30891833
0.31347042
0.3072639
0.3061524
0.30743483
0.3123789
0.3072674
0.31095988
0.30793414
0.30944067
0.30908942
0.30636564
0.30885103
0.30512494
0.30807018
0.31102777
0.30976424
0.3112489
0.3093896
0.30865029
0.304639
0.31110233
0.30377722
0.3088821
0.3053391
0.31194317
0.30977193
0.30335948
0.30999723
0.3089599
0.30820188
0.31371382
0.314815
0.3124293
0.31383443
0.3077054
0.30953148
0.30736518
0.3101263
0.31007838
0.31157878
0.3116568
0.31121853
0.30901283
0.3122804
0.30529997
0.3068849
0.30607432
0.30519918
0.30820757
0.30796242
0.30536956
0.30637932
0.3097818
0.3038974
0.31114283
0.3065829
0.30662715
0.30792004
0.30956522
0.30508143
0.3106278
0.30578834
0.3030644
0.30355582
0.3025606
0.30556056
0.30678827
0.30349046
0.30898964
0.30330774
0.30179965
0.29744324
0.30197257
0.2995706
0.29807657
0.29663706
0.30230135
0.3004879
0.3006668
0.29861253
0.300078
0.29972017
0.29423347
0.2958057
0.29330838
0.29504418
0.2984555
0.29898745
0.298668
0.2942983
0.29702824
0.29344514
0.29578125
0.29281577
0.29495984
0.29723042
0.29210496
0.29434085
0.2881541
0.29244864
0.2905832
0.29170188
0.29314375
0.30004466
0.29033867
0.29512733
0.29600048
0.290862
0.2915074
0.29360905
0.29473045
0.28922606
0.29487336
0.2908416
0.2902864
0.29537144
0.29307413
0.2883147
0.2895829
0.28819042
0.293513
0.29004008
0.29017302
0.29535195
0.28999
0.29354027
0.28807724
0.2900274
0.28776357
0.2875777
0.29010847
0.29209745
0.28878376
0.2863627
0.2859033
0.28697914
0.28874385
0.2867412
0.28865227
0.28982905
0.2888969
0.28810093
0.29355845
0.28786427
0.2925391
0.29231536
0.28673822
0.28722623
0.28667903
0.29320773
0.28903088
0.2898171
0.28867647
0.28608975
0.2895697
0.28894004
0.28658843
0.29213506
0.29088238
0.29126397
0.2929599
0.2892663
0.28714985
0.2903725
0.28392798
0.28649336
0.2834602
0.2877405
0.2877046
0.28990397
0.2909933
0.29247186
0.28457996
0.2847804
0.28782994
0.289017
0.2895517
0.28757134
0.28910676
0.2928336
0.2853419
0.29084495
0.28626025
0.29276446
0.2876273
0.28951356
0.29094622
0.28982747
0.2924962
0.28933075
0.28551754
0.29661945
0.29313838
0.29027727
0.295054
0.29378545
0.2890157
0.28724203
0.29028085
0.29262087
0.28602147
0.2911538
0.29413086
0.2941493
0.29058167
0.28552517
0.290698
0.28599823
0.2912909
0.28803787
0.2959769
0.29266
0.28811413
0.29206353
0.28999034
0.2902708
0.28619066
0.29373333
0.28520116
0.2880059
0.28874657
0.29219702
0.2908863
0.28834894
0.29023883
0.2917355
0.2889796
0.29152483
0.2884133
0.2887575
0.28496093
0.2889188
0.28801566
0.28487012
0.28618938
0.28684133
0.29169026
0.2868744
0.2887089
0.2891056
0.28650764
0.28716445
0.28424045
0.28804842
0.28675613
0.28578016
0.28600213
0.28151354
0.28782764
0.2853558
0.2839357
0.28408808
0.28482145
0.2858408
0.28576875
0.2892873
0.2838457
0.28627625
0.28730345
0.28673178
0.2849594
0.28096935
0.28515473
0.2843051
0.28585705
0.28404295
0.28310138
0.28854057
0.29065353
0.28822193
0.28757182
0.28482065
0.2828461
0.28232306
0.28828645
0.2830216
0.28485724
0.28639755
0.2847164
0.28670552
0.28832078
0.2794711
0.28450453
0.28577644
0.28612313
0.28677547
0.28540048
0.28476536
0.28675163
0.28219548
0.2839061
0.28122228
0.28476852
0.284512
0.28676155
0.28470466
0.28084275
0.27873576
0.2822694
0.28003922
0.28174406
0.2817427
0.2799237
0.27833775
0.28071558
0.2778155
0.2763258
0.27797404
0.27897376
0.2791822
0.27793947
0.27401435
0.27974722
0.2722913
0.2751289
0.2728089
0.27844217
0.2770211
0.27006927
0.2741468
0.27365223
0.27597317
0.27104345
0.2738382
0.27664888
0.27133983
0.27824855
0.2738527
0.26998118
0.27552763
0.27297786
0.27287474
0.27755
0.2736207
0.2685409
0.27345297
0.27714026
0.27603498
0.2723526
0.27392706
0.28093496
0.27850375
0.27471218
0.27670693
0.27185118
0.27221373
0.27142662
0.27583054
0.26792374
0.27578947
0.2763959
0.27131757
0.27214295
0.26982346
0.27152798
0.27574164
0.27438495
0.2696676
0.27870977
0.27192292
0.27912766
0.272402
0.2737888
0.27314064
0.276335
0.2761161
0.27354208
0.27055514
0.26781237
0.27801204
0.27363497
0.27273855
0.27303764
0.27470237
0.27333835
0.28023505
0.2771279
0.27617037
0.27295062
0.27021635
0.26979575
0.27742782
0.2759547
0.2743699
0.27453342
0.2740595
0.27395496
0.2735393
0.27451494
0.2746197
0.27277973
0.27478802
0.27719697
0.27279237
0.28104764
0.2783168
0.2802333
0.27417266
0.27623913
0.27381894
0.27585733
0.27691528
0.27083486
0.27120236
0.27197823
0.27860388
0.27519357
0.27401584
0.27219492
0.2756779
0.27637586
0.27583563
0.2699319
0.2734928
0.27063155
0.2728145
0.2700473
0.27064836
0.27476254
0.26972765
0.26978633
0.2667588
0.2739801
0.26771182
0.27057868
0.27122802
0.27341422
0.27394676
0.26976162
0.27635133
0.27162078
0.27453315
0.27744287
0.2775197
0.27008954
0.27245253
0.2717288
0.27301356
0.27313265
0.2710909
0.27613544
0.27795097
0.27484024
0.2759561
0.27372944
0.27135837
0.27091646
0.2728471
0.27768424
0.26986519
0.27464792
0.27493513
0.27397805
0.27527997
0.2704905
0.27345747
0.26596943
0.26938558
0.26896632
0.27018553
0.27083933
0.26722714
0.26985747
0.26709473
0.26630172
0.26273292
0.26525667
0.26710892
0.2631753
0.2652011
0.26627287
0.2665498
0.2626997
0.2641998
0.2651449
0.26511547
0.26317874
0.25993937
0.26553595
0.26326105
0.2613352
0.2608605
0.2633583
0.26261804
0.26293603
0.25891995
0.2637747
0.26316237
0.26251188
0.25973228
0.25777107
0.26275077
0.26160783
0.26300642
0.2598405
0.2600384
0.2602192
0.26375842
0.25881645
0.25864562
0.26035166
0.25873914
0.26010337
0.25613585
0.25919878
0.25994903
0.26476747
0.26176468
0.26056403
0.2597195
0.25756893
0.25740254
0.2589359
0.25861558
0.25934207
0.2585951
0.2560343
0.26150164
0.25564182
0.2583324
0.25568768
0.26337373
0.2599714
0.25964212
0.26022112
0.2576186
0.26075178
0.25815028
0.2613477
0.26178816
0.25536263
0.25714493
0.2522138
0.25762036
0.25457084
0.25659555
0.2585853
0.25231293
0.2572181
0.2614174
0.25664788
0.25521088
0.25513858
0.25224492
0.25065684
0.25361827
0.25421596
0.25195283
0.25776276
0.25285855
0.25476006
0.251707
0.25497937
0.24813196
0.2526893
0.25160143
0.2486593
0.24843986
0.24899617
0.2511127
0.25196677
0.25068587
0.25354004
0.24888332
0.2513526
0.24754964
0.24834314
0.25108662
0.24623041
0.25044265
0.25008562
0.25271598
0.25046557
0.24479666
0.2507433
0.2501059
0.24779274
0.24783623
0.24776568
0.24715883
0.24564229
0.2487605
0.25066277
0.24943127
0.24582547
0.25150633
0.24431193
0.24531509
0.24654308
0.25009766
0.2467639
0.24690922
0.24604958
0.24531527
0.24737358
0.24464688
0.24808094
0.24739741
0.247248
0.2480971
0.24651678
0.24720451
0.24600945
0.24442035
0.24508595
0.24730277
0.24913591
0.24386387
0.24459612
0.2548911
0.24780032
0.25163954
0.24661255
0.2501608
0.24834669
0.24402514
0.24628548
0.24689357
0.24937609
0.2511775
0.24663433
0.24367589
0.24502547
0.24837661
0.24360105
0.24878594
0.24620605
0.24849294
0.24444072
0.24896841
0.24874543
0.24498673
0.24773145
0.24501139
0.24804443
0.24717022
0.24983834
0.24825376
0.25053605
0.25442344
0.24696705
0.24706195
0.24866459
0.2482859
0.24909313
0.24658664
0.2526164
0.24883644
0.24588816
0.24570541
0.24795888
0.24829261
0.2496665
0.24735133
0.25080007
0.24757688
0.24981488
0.24613687
0.24856964
0.24778487
0.24756359
0.25177604
0.24482422
0.2476359
0.24880762
0.25179803
0.24949072
0.25724322
0.2541493
0.24983361
0.24820603
0.252624
0.25275832
0.25401106
0.248647
0.25154087
0.25270766
0.2548681
0.2509561
0.24802548
0.25020137
0.25481147
0.25131062
0.25802815
0.24852368
0.2509052
0.24859953
0.24631925
0.2525633
0.25274524
0.24578838
0.2502279
0.24711312
0.24608877
0.24575193
0.24763392
0.24709953
0.25080436
0.24465944
0.24528186
0.25039962
0.25099003
0.2456187
0.25222358
0.24953762
0.25252467
0.24755299
0.24651606
0.25010934
0.2517268
0.24771288
0.24335368
0.24933816
0.24644855
0.24826224
0.24476248
0.2458982
0.24573925
0.247053
0.24799916
0.24618247
0.24953534
0.24526268
0.24000037
0.24644767
0.24323156
0.24849209
0.24416915
0.24818806
0.2541876
0.24773206
0.24600473
0.24437645
0.2498353
0.24602696
0.24905458
0.24887869
0.24337223
0.24836516
0.24635495
0.24860714
0.24671024
0.24899296
0.246697
0.25097668
0.2498061
0.24199606
0.24876991
0.24639317
0.24703744
0.24557675
0.25662467
0.24806127
0.24474321
0.24678624
0.24787146
0.2457229
0.2445912
0.24770662
0.24941976
0.24956408
0.24804476
0.2466918
0.24339646
0.25282368
0.2428489
0.25138813
0.24808997
0.24854998
0.24744415
0.24888507
0.24723217
0.24761662
0.24764508
0.24669057
0.24603453
0.24530253
0.2455488
0.24164024
0.23733336
0.24299183
0.24189024
0.24518156
0.24506067
0.24809915
0.24612734
0.24562205
0.24250074
0.24562435
0.24473865
0.24063389
0.23902477
0.24359538
0.23999989
0.24579114
0.23827086
0.23964511
0.24577019
0.24600811
0.2406784
0.24073294
0.24172135
0.23843487
0.24223594
0.24577203
0.24538182
0.23985578
0.24108727
0.24029027
0.24723257
0.24035631
0.24363822
0.24645543
0.24254642
0.24672014
0.24134973
0.2415661
0.24167743
0.24394383
0.24180791
0.24038747
0.2390874
0.2449632
0.23984635
0.23921764
0.23979917
0.24077877
0.24445827
0.2402361
0.23831858
0.23680164
0.23805176
0.2350627
0.23720656
0.23695062
0.23346819
0.23659064
0.23296724
0.2366382
0.23791091
0.23225357
0.23740423
0.23555665
0.23430812
0.23297648
0.23219436
0.23365185
0.23707059
0.2297207
0.23433475
0.23442374
0.23494452
0.23436308
0.2363935
0.2328086
0.22987072
0.22819445
0.23387274
0.22906895
0.22806634
0.22714745
0.23191547
0.2308912
0.23189586
0.22861958
0.23013929
0.2308858
0.22993103
0.23168845
0.2282725
0.22826183
0.23174608
0.23113391
0.22842255
0.22917332
0.22697516
0.22956754
0.22379488
0.22832283
0.23145305
0.22651546
0.22474006
0.23063587
0.22464462
0.23054278
0.22882682
0.23019907
0.23477921
0.22623655
0.22770156
0.22825064
0.2311744
0.2281216
0.23106752
0.23011352
0.23040937
0.2305116
0.23172168
0.23616798
0.22949897
0.23115674
0.2286645
0.22714728
0.23154236
0.22771326
0.22852013
0.22513281
0.22902597
0.23212267
0.22765036
0.2305113
0.22968821
0.22992481
0.22979762
0.23031713
0.22619754
0.22831799
0.23084067
0.23233418
0.22622809
0.22401401
0.22694696
0.22947893
0.22876321
0.22772129
0.22460529
0.22678022
0.22582534
0.22377352
0.2277955
0.22226794
0.2227664
0.22037669
0.21996313
0.2225195
0.22321948
0.22589734
0.22313425
0.22128558
0.22070496
0.21665391
0.21821335
0.21930136
0.21652095
0.2207292
0.22083542
0.21561615
0.21864845
0.21698053
0.21708971
0.21516591
0.21753985
0.21867488
0.21460877
0.21580696
0.21346532
0.2155833
0.22082411
0.21246178
0.2233824
0.21768963
0.21807662
0.21928638
0.21510707
0.21698307
0.21720517
0.21744528
0.2159409
0.21691035
0.21893647
0.21876685
0.21686694
0.21639933
0.21834812
0.21431212
0.21496911
0.21724829
0.22047256
0.21388516
0.21782413
0.21725331
0.22362937
0.21159194
0.21217914
0.21487463
0.21659353
0.20869808
0.2130866
0.21503578
0.21251568
0.21101862
0.219501
0.21271788
0.21038412
0.21419415
0.21573888
0.21657492
0.21137318
0.20660101
0.21324573
0.20963825
0.21090719
0.21394992
0.2107382
0.21264127
0.2123127
0.21622592
0.21633409
0.20711616
0.21034263
0.21547309
0.21340963
0.21828759
0.2142925
0.21488371
0.21709041
0.21290095
0.21262157
0.21275264
0.21213713
0.21569276
0.21240562
0.20970368
0.2091374
0.216215
0.20914857
0.21469931
0.21101335
0.20918955
0.21338515
0.2132229
0.21090738
0.21399692
0.21066202
0.21382804
0.20627846
0.21240065
0.21257572
0.2096211
0.20847848
0.215465
0.21429366
0.21405537
0.21083605
0.21036842
0.213433
0.2115324
0.21776909
0.21334732
0.2114562
0.2178394
0.21669532
0.21593472
0.21658555
0.20799339
0.2159355
0.21520957
0.21333063
0.21585566
0.21050353
0.2087935
0.21321729
0.21405478
0.21381693
0.21153222
0.2079541
0.21378137
0.21448281
0.2142349
0.2161909
0.21298622
0.21292509
0.21226291
0.2144353
0.2073202
0.20711799
0.21018708
0.2111219
0.21693973
0.21764967
0.2131584
0.21441785
0.21386512
0.20778811
0.21532486
0.20880894
0.21200977
0.21206813
0.21337646
0.21026811
0.2102715
0.21414495
0.21187387
0.2155233
0.20802817
0.21142851
0.2141569
0.21224281
0.20532292
0.21258593
0.21136057
0.20643915
0.21006171
0.20858881
0.20776133
0.20681068
0.20601499
0.20448397
0.21204326
0.20993333
0.21111216
0.21276481
0.2098336
0.20877446
0.2055231
0.20619735
0.2064245
0.20286329
0.20685431
0.20337434
0.20367858
0.21048538
0.20174867
0.2080601
0.20183797
0.20057748
0.20479703
0.19817528
0.20533355
0.2014478
0.20235536
0.19899832
0.20122546
0.19973554
0.19819169
0.19939564
0.19989628
0.19993241
0.1978951
0.20596865
0.19789056
0.20130719
0.20251302
0.19595605
0.19487263
0.19859983
0.19917335
0.19743133
0.19677454
0.20172241
0.1980648
0.19537587
0.20097908
0.19915329
0.19930795
0.19765095
0.19261968
0.1955825
0.19703956
0.19600303
0.19400781
0.19868104
0.19425161
0.19422609
0.19388297
0.19232471
0.19557756
0.19275628
0.19697711
0.19239849
0.19428252
0.19392496
0.19703561
0.1964037
0.1930788
0.1953041
0.20183557
0.1942628
0.19787617
0.19180554
0.18875079
0.19192871
0.19970946
0.19326274
0.19653752
0.19488388
0.19803447
0.19432995
0.19040105
0.19672649
0.19336823
0.19228831
0.19548908
0.19292347
0.19082753
0.19010836
0.19434923
0.19595648
0.1903088
0.19653238
0.19620863
0.19550347
0.19340995
0.19036698
0.18854824
0.19266714
0.19500947
0.19631717
0.19371316
0.19448198
0.19821309
0.19651194
0.19881569
0.19050467
0.19159178
0.19575621
0.20096849
0.19160332
0.19441801
0.19337814
0.19701952
0.19586144
0.19792496
0.19635925
0.19864072
0.198263
0.19792235
0.19781466
0.19688113
0.19530888
0.19652882
0.1981853
0.19587281
0.1932837
0.19490759
0.19939889
0.19504474
0.19273624
0.19860606
0.19583726
0.201439
0.199938
0.20154141
0.19534867
0.19632499
0.1976632
0.19861752
0.19901802
0.19485031
0.20335603
0.20064355
0.19889209
0.19880414
0.19810775
0.19772537
0.19478482
0.20038018
0.19329625
0.19509171
0.19088067
0.20283027
0.19388922
0.19598359
0.19251168
0.19154188
0.19692287
0.19335254
0.188159
0.18726996
0.19391812
0.19280118
0.19355951
0.19066112
0.1962793
0.194614
0.19294813
0.19349834
0.1910989
0.1898878
0.18803586
0.19068131
0.19726214
0.1944592
0.19990711
0.19878747
0.19061895
0.19467416
0.19875304
0.19120406
0.19097632
0.19463025
0.19050129
0.19430383
0.1941314
0.19241808
0.19569065
0.1951641
0.18616036
0.1958731
0.19091311
0.19100124
0.18761723
0.19264255
0.19226143
0.19364037
0.18878491
0.18587464
0.18553829
0.18913816
0.18815958
0.18661582
0.19162019
0.18653263
0.18806697
0.182743
0.18465084
0.17976029
0.18284167
0.18263099
0.18462612
0.1834139
0.18377537
0.18148996
0.18856266
0.18633299
0.18849766
0.18574089
0.18348646
0.18427892
0.18445583
0.18914248
0.18610924
0.18279688
0.1836248
0.18688756
0.18476896
0.18120082
0.18465717
0.1859403
0.18474731
0.18742572
0.18980752
0.18500188
0.18805145
0.18624309
0.18353993
0.18307231
0.18679154
0.18580087
0.18731329
0.18566611
0.18903165
0.19080366
0.18239376
0.18538168
0.18947873
0.19149171
0.18529032
0.19138274
0.18343186
0.18780571
0.19060667
0.1862038
0.18800026
0.19278437
0.19386485
0.1878663
0.18859786
0.1861672
0.18321042
0.1846243
0.18373042
0.19270603
0.19273019
0.18732865
0.19153428
0.18878268
0.18947369
0.18734713
0.1862914
0.1912231
0.19279571
0.18429744
0.18639651
0.19244555
0.1907717
0.19010879
0.19070958
0.18642642
0.18775742
0.18969662
0.19329739
0.18906736
0.18785258
0.18734334
0.19016975
0.19241628
0.18648455
0.18534936
0.18788627
0.190745
0.18801935
0.18765715
0.19216217
0.18936387
0.18822733
0.18477297
0.18939784
0.18725452
0.18196881
0.18674488
0.1861728
0.1864918
0.18266366
0.1915246
0.18657848
0.18633175
0.18516448
0.18467592
0.18416834
0.19060273
0.18268509
0.18576944
0.18371378
0.18497592
0.18926086
0.18627918
0.18247873
0.18798268
0.18645173
0.1857847
0.18757541
0.18633613
0.18698473
0.1843946
0.18848465
0.19101684
0.18817191
0.19288263
0.1803444
0.18563871
0.18629692
0.18787576
0.18590133
0.18921503
0.18545184
0.18358627
0.1794773
0.185854
0.18452127
0.18532088
0.18463548
0.18432234
0.18546194
0.18638793
0.18373415
0.18563323
0.18264367
0.18463473
0.18237287
0.18647021
0.18369377
0.18526672
0.18705052
0.18616188
0.18875094
0.18427536
0.18842953
0.19397026
0.189769
0.18961652
0.18652397
0.18297112
0.18126793
0.18206942
0.18363838
0.18710887
0.18648024
0.18800643
0.1807428
0.18588367
0.18978177
0.18624529
0.19180597
0.18711716
0.18429036
0.183418
0.18066649
0.18079488
0.1849642
0.1840368
0.18490253
0.18042731
0.1758274
0.18045795
0.1819077
0.18380655
0.18262856
0.17791823
0.1802802
0.1770548
0.18237919
0.17987761
0.1766793
0.17780963
0.17693569
0.17811492
0.18027885
0.17673942
0.17874874
0.1837318
0.1778907
0.17671958
0.17323525
0.17787117
0.1826242
0.1742461
0.1843582
0.18011476
0.18302774
0.17875512
0.17645308
0.17723799
0.17941499
0.18682756
0.18080202
0.17787877
0.18086326
0.18485932
0.17546839
0.17630151
0.18025503
0.17912945
0.1802334
0.18241523
0.17729606
0.1837817
0.18292779
0.18045409
0.1812579
0.17750587
0.17942365
0.17837556
0.18582325
0.17687666
0.18031089
0.17557299
0.17765638
0.17900182
0.17652985
0.1722434
0.17422454
0.17725724
0.17547819
0.17576769
0.17589307
0.17603108
0.18577948
0.17498723
0.17850024
0.17628278
0.17547387
0.17908606
0.1797041
0.17713137
0.177215
0.1812427
0.17972654
0.17762183
0.17023501
0.17799984
0.1738159
0.17628378
0.18243061
0.17247142
0.17492394
0.17886417
0.17466319
0.1702169
0.17367342
0.18035312
0.17305568
0.17920646
0.17630225
0.17519838
0.1773002
0.175039
0.17625207
0.17755595
0.17127125
0.16908519
0.1738248
0.17673619
0.1756715
0.17799376
0.17742606
0.17664704
0.1761807
0.17698653
0.1776039
0.17204815
0.17895144
0.17499515
0.1755418
0.17578842
0.17146783
0.17539057
0.17912956
0.17430243
0.17232376
0.16754578
0.17306511
0.17428786
0.16968958
0.17400378
0.17032953
0.17194632
0.17222214
0.17477708
0.17620943
0.17296365
0.1709204
0.1741661
0.17462415
0.17514329
0.17130841
0.17337035
0.17291354
0.18085076
0.17445666
0.17346817
0.17163244
0.17332031
0.17358018
0.17474414
0.17488943
0.17020276
0.17581242
0.16928814
0.17548984
0.17301567
0.17320928
0.17603563
0.17188303
0.17557949
0.17758715
0.17441374
0.17843553
0.17261587
0.17344296
0.17838338
0.17325753
0.17753275
0.17192268
0.17220892
0.17138042
0.17453256
0.17535113
0.17355764
0.17485388
0.17375796
0.1777292
0.17884095
0.17227831
0.17229694
0.17762198
0.17339446
0.17026664
0.17333603
0.17092498
0.16695744
0.17016196
0.17142227
0.17153046
0.17513852
0.17038289
0.16853988
0.17930254
0.17136282
0.17341909
0.1701354
0.17285155
0.16502173
0.17300996
0.16773777
0.1688949
0.16953494
0.1691206
0.17532255
0.16784975
0.17185616
0.16648245
0.17231825
0.1631094
0.17626597
0.16182187
0.16600908
0.16859737
0.1661533
0.17056127
0.17074738
0.17014627
0.16582684
0.16794667
0.16354036
0.16908208
0.1660623
0.17022555
0.17141667
0.1650687
0.16916636
0.16628265
0.16245769
0.16807155
0.16802572
0.1674508
0.16160908
0.16560373
0.16887352
0.16939361
0.16958912
0.16280037
0.16867979
0.165008
0.16316482
0.1679722
0.16812976
0.16483882
0.16470477
0.167353
0.1665873
0.1652689
0.16609226
0.16660832
0.16410884
0.16535677
0.16578262
0.16382948
0.166019
0.16131493
0.1643644
0.16309904
0.16643421
0.16809191
0.16464913
0.16513175
0.16217837
0.16084395
0.16497192
0.16536562
0.15771553
0.16100723
0.161598
0.16145265
0.1625992
0.16448148
0.1652554
0.16529498
0.16170023
0.16695538
0.15973392
0.16206558
0.16889822
0.16226615
0.16215572
0.1639331
0.16357374
0.16454381
0.1605829
0.16690318
0.16251427
0.16131218
0.16043885
0.16600886
0.15691909
0.16056795
0.16171786
0.16266671
0.1620162
0.15900014
0.15836842
0.15916196
0.1566408
0.16002126
0.15785952
0.15723462
0.15669408
0.16131513
0.16058028
0.1605492
0.16206545
0.15756892
0.15870123
0.15653777
0.16036887
0.15986794
0.16166513
0.15533924
0.16131271
0.15305951
0.15475918
0.1594916
0.16113684
0.15220176
0.1581511
0.1608621
0.1607401
0.16029553
0.16051748
0.15677412
0.15804511
0.15754601
0.15762565
0.15525687
0.15958543
0.15875274
0.15496995
0.16068414
0.15642165
0.16098122
0.1545133
0.15970543
0.15996353
0.16046782
0.15725006
0.1575925
0.15600586
0.16407038
0.15556535
0.15233795
0.15325752
0.15726703
0.15604216
0.15358767
0.15698506
0.15911373
0.1572196
0.15903993
0.15811692
0.15761681
0.16015083
0.15975836
0.15320902
0.15458256
0.15723333
0.1525734
0.15435492
0.15453775
0.15534681
0.1585087
0.15384056
0.15884425
0.15659755
0.15534408
0.16092202
0.15770689
0.15248804
0.15421821
0.15133452
0.1519833
0.1518653
0.15494944
0.15611358
0.15597956
0.15949038
0.15412514
0.15669903
0.15422961
0.15310748
0.15870763
0.15543114
0.15207201
0.15131867
0.14998625
0.15257072
0.15439804
0.15546611
0.1550942
0.15234934
0.1516956
0.15113968
0.15039045
0.14542027
0.15171845
0.15025401
0.15190233
0.14908057
0.15449433
0.14922296
0.14677705
0.15681034
0.15148996
0.14769456
0.14887042
0.1498902
0.14410171
0.14757776
0.1517128
0.14682005
0.1469156
0.14599313
0.14950787
0.14663148
0.14899315
0.15095003
0.14576152
0.14829943
0.14851488
0.14282645
0.14791457
0.14909643
0.15002473
0.14774485
0.14962389
0.14632335
0.14433463
0.1458221
0.1426841
0.14714041
0.14776646
0.14562063
0.14830363
0.15013492
0.14357513
0.14892995
0.14478827
0.14580776
0.14533055
0.14824927
0.14679013
0.1465455
0.15157953
0.14195898
0.14788257
0.14123139
0.14583561
0.14847684
0.14471245
0.15272881
0.14473824
0.14305991
0.1440667
0.14217037
0.14301108
0.14746784
0.14645259
0.14723067
0.14457224
0.14646962
0.14476943
0.15214121
0.14550202
0.14091201
0.14551632
0.14216481
0.1474498
0.14008275
0.13862874
0.14237599
0.14524035
0.14568383
0.14631447
0.14308509
0.14051412
0.13849463
0.14347568
0.14327894
0.14294308
0.1465717
0.15148447
0.14189969
0.143722
0.147097
0.13995361
0.14739671
0.14558126
0.14644311
0.1452459
0.13945314
0.14154175
0.14197803
0.1444098
0.1459511
0.14566864
0.14749597
0.14805485
0.15168183
0.14717008
0.14193578
0.14719151
0.14712204
0.14452356
0.14451803
0.14521338
0.14321575
0.1470696
0.14214328
0.13984302
0.14723077
0.14580308
0.13912943
0.14418752
0.14224276
0.14536485
0.14243498
0.14151846
0.14686683
0.13889685
0.13995846
0.14289153
0.14188875
0.14916246
0.14700788
0.14086127
0.14624143
0.14173883
0.14163561
0.13855611
0.14038536
0.14029092
0.14525737
0.13390261
0.14233437
0.13944969
0.14093624
0.14029165
0.1351952
0.1348142
0.14174622
0.13565698
0.14096229
0.13917272
0.14172195
0.13661519
0.13745964
0.13902748
0.13633566
0.13972212
0.13316345
0.13394354
0.13701889
0.1365424
0.13738048
0.1391887
0.13592567
0.13407147
0.14039218
0.13788216
0.1386239
0.13752402
0.1370435
0.13701756
0.13354678
0.13861445
0.13477378
0.13849458
0.13178544
0.14045687
0.13318673
0.13379799
0.1336904
0.13373676
0.13958156
0.13702926
0.13749047
0.14014375
0.1338482
0.13086769
0.13070735
0.13343301
0.13594835
0.13369122
0.13384831
0.13248481
0.13710509
0.13300422
0.1309381
0.1352259
0.13835606
0.13276319
0.13281266
0.13698891
0.13597406
0.13346794
0.13487339
0.13308795
0.13890366
0.13107142
0.13809907
0.13989812
0.13288522
0.13429749
0.13848232
0.13392693
0.13289218
0.1314776
0.13036641
0.13645117
0.13697232
0.13332681
0.13241723
0.13256246
0.13767594
0.1292044
0.13410018
0.13437675
0.13873264
0.13351744
0.12703763
0.12971042
0.13538788
0.1280237
0.12620302
0.1324313
0.12554659
0.1314138
0.12934794
0.1289654
0.13129494
0.1330476
0.13206732
0.12708984
0.12783943
0.13098796
0.12982054
0.13084427
0.13233478
0.1262967
0.13048978
0.1280375
0.12518229
0.12751509
0.12473403
0.13281752
0.12424405
0.12127748
0.12286524
0.13028604
0.12048903
0.12930696
0.1300571
0.13126552
0.124645464
0.12325612
0.12280749
0.12743227
0.12762749
0.12788488
0.12916175
0.124763064
0.12543625
0.12371249
0.12550427
0.12675181
0.12179986
0.12513188
0.1284843
0.13084999
0.12243305
0.13026904
0.12623325
0.12679507
0.12185647
0.12409059
0.12609395
0.12112918
0.12953746
0.1264518
0.12706412
0.13318875
0.12354579
0.12960121
0.12734482
0.12546253
0.12420705
0.12718989
0.12718992
0.1279801
0.12823445
0.12778537
0.13047802
0.12880835
0.12930314
0.12803476
0.13091211
0.12826489
0.12808469
0.1287306
0.12529258
0.12501173
0.1345865
0.123374805
0.12551859
0.12793578
0.12773897
0.12553437
0.12594782
0.1266041
0.12871492
0.123376995
0.12623875
0.12402608
0.1289144
0.11952686
0.12220656
0.11998934
0.12644677
0.12338065
0.12751463
0.11633241
0.12113449
0.1294075
0.12035539
0.12049455
0.117525525
0.116950884
0.116484016
0.1285482
0.11937895
0.12093121
0.12256532
0.12091867
0.123851374
0.124427386
0.1236881
0.12516886
0.12582493
0.11774491
0.12266227
0.12195396
0.12093209
0.12814043
0.123259656
0.12677488
0.12593044
0.12571108
0.12500584
0.122724846
0.122693844
0.12612876
0.121559665
0.12796813
0.1249885
0.122079246
0.12328168
0.124217294
0.12261901
0.1226902
0.12221386
0.12865774
0.11985258
0.124548145
0.12501489
0.123394705
0.12274937
0.12083043
0.122815154
0.123908795
0.12781264
0.12360319
0.12347561
0.13042766
0.13050607
0.12749481
0.1276741
0.119371764
0.12992674
0.1233981
0.12381281
0.12736112
0.12292935
0.12584433
0.122743994
0.13137974
0.12763242
0.12117949
0.123875245
0.12458789
0.12815776
0.12610956
0.12399389
0.12227194
0.12971967
0.12368712
0.12970471
0.12294434
0.12407602
0.12596215
0.12049597
0.12451478
0.12577559
0.12448907
0.1286461
0.11580844
0.12204194
0.1239991
0.12069381
0.12203135
0.12042071
0.11895026
0.121448636
0.12351325
0.11971751
0.12252123
0.122125424
0.119747825
0.12381786
0.120634995
0.1229436
0.12193842
0.12107435
0.12762263
0.12571986
0.123621546
0.11977968
0.119731694
0.1148387
0.11888154
0.12995842
0.1279678
0.12284565
0.12837726
0.12280739
0.12057028
0.12118005
0.11707384
0.12096263
0.12125043
0.118223615
0.11487076
0.12004869
0.11704143
0.11856285
0.12214185
0.11847902
0.1173459
0.11985408
0.122047156
0.12356213
0.11867311
0.11832877
0.123364754
0.12232908
0.11534261
0.120233536
0.118880086
0.1231458
0.12008148
0.120422736
0.11988893
0.11970224
0.11749793
0.123755954
0.11889894
0.12086905
0.12452554
0.1198851
0.11540436
0.11844369
0.12157233
0.11240989
0.119123794
0.12720321
0.11663192
0.11726573
0.12461713
0.120473966
0.11908268
0.11950787
0.121119514
0.12137423
0.11345263
0.115813375
0.12187523
0.11790208
0.12136267
0.11880227
0.11612948
0.114425585
0.121270716
0.11819416
0.11637007
0.11675451
0.115684785
0.11559448
0.119417146
0.11587495
0.11501622
0.11698382
0.1147642
0.11983689
0.11327471
0.12392225
0.122746974
0.12048016
0.121266305
0.12069988
0.115595326
0.115947984
0.1178885
0.12082617
0.11736825
0.1120427
0.11973028
0.11577796
0.117825545
0.11744441
0.11958312
0.11087862
0.11775569
0.11891921
0.11587636
0.11632122
0.11853565
0.11835212
0.12200222
0.117552646
0.1173628
0.11267992
0.11512394
0.119045995
0.11694488
0.11771001
0.11786346
0.11687475
0.12413467
0.12074863
0.113648444
0.117734715
0.11726694
0.11100529
0.112442076
0.11335553
0.11618698
0.11789493
0.116202384
0.1156765
0.12031275
0.11736207
0.11411763
0.11508139
0.11307672
0.11813019
0.1196772
0.114026114
0.12038618
0.120362066
0.11893724
0.11674535
0.1148087
0.118607454
0.11807015
0.11450471
0.121525735
0.11721592
0.12282476
0.118512094
0.12198938
0.118533224
0.1164826
0.11566903
0.11817225
0.11038901
0.10991347
0.11635912
0.11081803
0.11378925
0.111995436
0.118979946
0.11443973
0.118081205
0.114397645
0.10936107
0.119130746
0.119777136
0.11287994
0.11932699
0.117696755
0.10729252
0.11755303
0.120310895
0.11412085
0.11129508
0.11629288
0.115623236
0.111464545
0.10602882
0.11306063
0.10855715
0.110053
0.11061554
0.11309594
0.11023227
0.11533324
0.1126548
0.10976253
0.113151595
0.11128555
0.1089043
0.113206215
0.11101029
0.116058834
0.11038397
0.112692185
0.11407593
0.11540097
0.11031629
0.114424475
0.110414915
0.11695218
0.11773358
0.10782404
0.11018194
0.1061573
0.10842079
0.1075395
0.104382746
0.1108719
0.10657703
0.11018803
0.107692234
0.107251175
0.10204975
0.10717511
0.10693626
0.102829225
0.10898907
0.103433736
0.1044872
0.10384049
0.1014267
0.107291944
0.09848103
0.097850025
0.10038047
0.109361716
0.10407398
0.10506057
0.10354263
0.099546045
0.10460924
0.1037141
0.1037341
0.103070974
0.097685575
0.099285536
0.097391
0.10489877
0.101827346
0.103011414
0.102651395
0.10501097
0.09556945
0.09741304
0.09761439
0.09908595
0.10055196
0.10430505
0.10229356
0.09702043
0.1001107
0.10399295
0.09761822
0.09827189
0.09929978
0.09940987
0.09935223
0.10005011
0.103728
0.104179315
0.09801173
0.10764451
0.10086741
0.10273299
0.09825547
0.09836078
0.10005742
0.1040023
0.099515356
0.10542545
0.10246604
0.10657595
0.100050755
0.09581084
0.1006714
0.1004196
0.10289862
0.0990238
0.098064125
0.10254304
0.100470394
0.10083365
0.10036571
0.099123515
0.10172956
0.10239669
0.09962194
0.097437255
0.10319559
0.09447501
0.10289774
0.09297442
0.100014485
0.10041103
0.09386494
0.10098204
0.09758873
0.09828334
0.10220709
0.09862152
0.09489226
0.10032405
0.10103852
0.101322286
0.09708613
0.10358715
0.0979237
0.103680134
0.09546478
0.09608367
0.0997109
0.09659305
0.09680936
0.09814868
0.10004558
0.10111042
0.09834051
0.10183851
0.09227618
0.09942373
0.10040315
0.100164704
0.097375475
0.096038766
0.09864861
0.097785026
0.10189773
0.0950978
0.10131935
0.09790418
0.10182641
0.09761225
0.100745566
0.094461486
0.10219251
0.096402824
0.099559315
0.095960386
0.10093229
0.1053403
0.09781716
0.09931376
0.09647231
0.10131238
0.09892734
0.10715713
0.09853959
0.09979325
0.10561691
0.099065065
0.09956344
0.10783746
0.1055152
0.10982551
0.10356539
0.099992104
0.103092566
0.10365973
0.11035058
0.10555867
0.10170372
0.10184666
0.101478815
0.10197983
0.10431083
0.1095371
0.104323834
0.10043066
0.10181232
0.10271723
0.09854504
0.1057435
0.10740913
0.10179268
0.10389068
0.105071254
0.101820685
0.105911635
0.10989596
0.10016051
0.102482796
0.09843303
0.09630137
0.10839323
0.102593705
0.102123834
0.105760485
0.10613024
0.102055974
0.097878404
0.10267151
0.10639741
0.10012827
0.10540036
0.10464199
0.09686224
0.10450168
0.09864669
0.104155086
0.1028999
0.10102138
0.10159052
0.0993333
0.10352044
0.09830704
0.10530062
0.11061628
0.11189729
0.1060707
0.1050082
0.09944169
0.10520639
0.10202005
0.10211132
0.09958732
0.1050329
0.10874986
0.10149233
0.099025734
0.09858904
0.10017291
0.10287506
0.10425962
0.10572421
0.10008403
0.100768656
0.09671642
0.105638996
0.10411629
0.095285565
0.10308199
0.10624453
0.10001338
0.10257286
0.102308445
0.10061397
0.10077897
0.09680985
0.10458
0.098675564
0.09756885
0.100907296
0.09728178
0.09599023
0.093998305
0.09263952
0.09934711
0.10487178
0.09675907
0.09487419
0.094226226
0.09522644
0.095828086
0.09452602
0.0905138
0.098773
0.09627309
0.097302005
0.090362445
0.095664926
0.093895815
0.092695996
0.09621822
0.0899121
0.09121215
0.09527827
0.093018405
0.092789926
0.0956183
0.09576028
0.09617245
0.08686492
0.08561159
0.091015846
0.09472555
0.093523316
0.09197523
0.088273436
0.09060752
0.088548854
0.09400172
0.09517396
0.09240817
0.09046811
0.095417604
0.09733544
0.09449164
0.096562415
0.09077037
0.092863746
0.091862015
0.096688025
0.09614768
0.09211126
0.09617107
0.09659128
0.10086744
0.09442077
0.09644586
0.09453948
0.096214555
0.09342625
0.091268055
0.09664676
0.09606563
0.09754906
0.092493735
0.10128209
0.094371974
0.096198626
0.10271172
0.09347028
0.09846229
0.09611141
0.0940212
0.094439216
0.09495761
0.09636351
0.099680535
0.09683304
0.09635617
0.09766917
0.10073658
0.09448487
0.101272695
0.09452085
0.093441755
0.09226782
0.094925806
0.09534464
0.09434261
0.09141916
0.09611958
0.098157704
0.09170194
0.098851405
0.09265756
0.09834488
0.09500655
0.09329538
0.09576126
0.10151107
0.095077366
0.0974981
0.10036388
0.09597634
0.09190956
0.096083775
0.098771304
0.09920802
0.09022714
0.093538724
0.09433445
0.08675948
0.08862292
0.09376297
0.095368795
0.09057303
0.09235938
0.08991399
0.09186413
0.09425534
0.08784039
0.08535038
0.09220074
0.08437477
0.087562904
0.08957666
0.093287215
0.091926225
0.087292
0.08959572
0.09210908
0.09360018
0.092648484
0.09108703
0.09126267
0.08810319
0.08957347
0.085232034
0.08868992
0.085467644
0.09248038
0.089609005
0.08755878
0.09250338
0.09517838
0.08595075
0.08342653
0.09097397
0.08682353
0.09126385
0.09295773
0.08440115
0.08970547
0.089257866
0.090337306
0.08850828
0.08618353
0.08556995
0.090163395
0.09278888
0.09736786
0.08984065
0.090569384
0.08749391
0.08912903
0.089632444
0.088526815
0.085144766
0.08750292
0.085608155
0.09346094
0.090548545
0.08173599
0.090650365
0.08832791
0.08873246
0.09316364
0.09452201
0.09589539
0.08832945
0.08629139
0.093283
0.09082077
0.093001604
0.087946564
0.089933895
0.088980675
0.09091394
0.09108592
0.08735423
0.092114486
0.09299355
0.09382107
0.087248616
0.09406613
0.083294496
0.086591356
0.08833121
0.09472231
0.0942975
0.09257126
0.09809004
0.08608932
0.08972663
0.08684709
0.08900022
0.084781796
0.08633361
0.09280426
0.09027986
0.08664975
0.086319305
0.08637219
0.08536192
0.08321698
0.0918973
0.08415885
0.09065242
0.095134504
0.085784085
0.087835684
0.090178035
0.08624178
0.08570287
0.08708702
0.09235708
0.08157761
0.088081
0.090569496
0.090467416
0.08549461
0.085178
0.0904559
0.09465118
0.086365275
0.08652036
0.08878078
0.0900733
0.09449265
0.087017
0.08719814
0.08658683
0.0933974
0.09015623
0.09457262
0.086327285
0.085926995
0.08800288
0.08864208
0.08891568
0.08615425
0.08818102
0.08825113
0.0880824
0.08420751
0.08819885
0.08884741
0.084142916
0.09148257
0.09010385
0.08465934
0.08972887
0.0860993
0.08900951
0.08259698
0.091564216
0.0890975
0.080245905
0.08413248
0.08806749
0.089341015
0.08645809
0.084370986
0.08672576
0.08238652
0.08634766
0.08668632
0.08864741
0.08586437
0.0844946
0.08670094
0.08821563
0.08540625
0.08653238
0.08401247
0.08804103
0.086293206
0.08237011
0.08499881
0.08377536
0.08773764
0.09015204
0.08493287
0.09371151
0.09188644
0.08572382
0.09090366
0.086110875
0.09233263
0.09455265
0.0925547
0.08580593
0.087653175
0.082556
0.083829604
0.09215696
0.08700926
0.08283979
0.09333878
0.08253403
0.0921031
0.09143425
0.09370675
0.08719963
0.08193625
0.08665971
0.08283831
0.08957321
0.091427095
0.08870561
0.089044824
0.087893784
0.086640365
0.08605508
0.086377636
0.093225315
0.08308614
0.08866935
0.08712795
0.087466456
0.090580866
0.087697715
0.08391218
0.086369224
0.082821935
0.082602724
0.086460374
0.090290934
0.0904661
0.087129556
0.0893027
0.08649917
0.091088414
0.09410441
0.08302487
0.08434821
0.08809776
0.08368807
0.086756736
0.08469674
0.09162044
0.08383165
0.07989315
0.08518203
0.08144395
0.08106282
0.08958166
0.08727019
0.08780805
0.08426901
0.088075206
0.08846624
0.08427525
0.08152566
0.08807454
0.0840636
0.090483956
0.08577166
0.094501846
0.077284835
0.08635697
0.09045737
0.084355235
0.0845349
0.08058181
0.080483615
0.08890949
0.08720748
0.089253046
0.08285409
0.0843081
0.080040984
0.090125784
0.07995979
0.082442455
0.08250968
0.08413414
0.08566482
0.08227392
0.081243485
0.08097982
0.08360455
0.081714645
0.076521896
0.079608046
0.08293621
0.09297838
0.08027389
0.082967654
0.08235502
0.07990286
0.082082845
0.08040888
0.08016029
0.08184898
0.075816736
0.07784542
0.080031276
0.07684873
0.08174779
0.081041306
0.08331126
0.0794339
0.07692895
0.07517801
0.0762113
0.081472345
0.0837296
0.07504425
0.07896036
0.08213064
0.07704942
0.07917487
0.08065043
0.072132505
0.08041938
0.078513905
0.083883144
0.07478374
0.08259109
0.07235895
0.08323371
0.077467784
0.077812545
0.077894695
0.086146615
0.08847053
0.0726906
0.07911023
0.08181081
0.07232835
0.07826231
0.070475705
0.07414201
0.07393813
0.073950514
0.08179924
0.0754609
0.07661039
0.073570475
0.07642824
0.07802839
0.07336379
0.07241692
0.07291828
0.077306695
0.07648797
0.0730294
0.07441251
0.07306534
0.0738829
0.075155154
0.07210847
0.07755995
0.075843684
0.069822036
0.07842208
0.07689143
0.07450568
0.077761516
0.07518467
0.07350099
0.07806157
0.07467565
0.074424
0.077997945
0.07560628
0.06947435
0.07264714
0.07702755
0.08256523
0.07473882
0.06765298
0.07267798
0.07110699
0.07024502
0.08053527
0.070847616
0.07264416
0.067302026
0.074896224
0.07495203
0.07038147
0.07107156
0.072518036
0.06796867
0.06782314
0.07621594
0.07733425
0.06955625
0.07016807
0.07911537
0.07379363
0.07184807
0.06906122
0.07504893
0.070255205
0.074278176
0.06875457
0.074175544
0.07412874
0.06777138
0.07095125
0.07791979
0.08180987
0.074472785
0.06970198
0.074667186
0.07773497
0.07587687
0.079435915
0.07240156
0.07436482
0.0708834
0.07387795
0.07639308
0.07618661
0.07570445
0.07557473
0.07343015
0.07490106
0.07300619
0.07621192
0.07636751
0.075720325
0.07373224
0.07171676
0.07069845
0.081191406
0.07408223
0.07024779
0.076772705
0.07278655
0.07819339
0.0767654
0.07240583
0.06696545
0.06943657
0.070603475
0.07390231
0.07117548
0.07212443
0.078343995
0.07646697
0.07552045
0.06875229
0.07352757
0.068510115
0.070464574
0.06798119
0.07098411
0.069821194
0.07340101
0.06773317
0.068320125
0.06754633
0.07062525
0.0653181
0.07844846
0.07855003
0.067347966
0.07044404
0.066167966
0.06771139
0.074042924
0.063904315
0.0740007
0.06899223
0.06963541
0.07028988
0.06956646
0.072695024
0.07606769
0.07162871
0.07499994
0.07358847
0.07362945
0.07469157
0.06853235
0.072241865
0.07791434
0.0760189
0.077065706
0.073886424
0.07108749
0.07462808
0.072519675
0.069807805
0.07150959
0.07375052
0.07234232
0.06972224
0.07440088
0.06979078
0.07059527
0.07030884
0.07103074
0.06992909
0.073918745
0.07925527
0.073017426
0.072929904
0.07305558
0.078647554
0.07121501
0.073616594
0.06724449
0.07480643
0.07881974
0.06928339
0.07334918
0.06903895
0.07024068
0.07572036
0.07307649
0.07129394
0.07189939
0.067254096
0.0615791
0.07250354
0.069926575
0.06757598
0.0688828
0.06808201
0.066942416
0.06963024
0.06754551
0.07030665
0.07125762
0.07407116
0.068504766
0.071074374
0.073777094
0.06763163
0.06720079
0.07249282
0.074970506
0.06970267
0.07230124
0.06884076
0.06843543
0.07557112
0.07813227
0.0723408
0.06662193
0.07094139
0.07367083
0.06705026
0.07285963
0.07384727
0.07589282
0.06646321
0.07714464
0.07075633
0.0731862
0.07017532
0.07613034
0.07173235
0.07351811
0.073949106
0.071518965
0.0747672
0.072721556
0.07228703
0.07699865
0.07091787
0.07723137
0.07191162
0.072265424
0.07322525
0.06914782
0.08049084
0.074692726
0.07807512
0.07622316
0.07307507
0.07283086
0.07802517
0.070952475
0.07174025
0.072933204
0.069199175
0.07641364
0.072756626
0.067003965
0.06880995
0.0725549
0.07144387
0.072262764
0.07211881
0.0690765
0.071529165
0.06804075
0.08404109
0.07629994
0.068330154
0.07110754
0.07966925
0.07079449
0.068727225
0.070361845
0.070372075
0.07297012
0.08334741
0.061903078
0.06763449
0.08630218
0.07389217
0.07795341
0.06596129
0.072768
0.07452396
0.07069474
0.07336435
0.069244504
0.07703526
0.0724044
0.070095465
0.073426366
0.07028104
0.06877806
0.07128482
0.07049606
0.06283892
0.06371825
0.07431159
0.06387794
0.07000701
0.0687594
0.07235517
0.068529546
0.065131366
0.06342913
0.060867697
0.07141185
0.06532149
0.06421934
0.07375993
0.06888274
0.065632485
0.072743595
0.073011026
0.071968585
0.071859695
0.06683713
0.062640026
0.07210465
0.07026568
0.067753
0.069251955
0.07137485
0.06561694
0.07079086
0.07269512
0.06947522
0.06197433
0.07306619
0.066967346
0.071748964
0.0672536
0.061705954
0.063212804
0.063986346
0.06730253
0.06537469
0.07047921
0.07240758
0.07050085
0.063957796
0.07650182
0.06825513
0.06541978
0.06339357
0.075165756
0.068722725
0.06741001
0.06525178
0.067019604
0.06953188
0.06540982
0.066258885
0.064039215
0.07001143
0.061450567
0.065311745
0.07283763
0.06537566
0.06401423
0.066651
0.07056068
0.065954566
0.083110824
0.06098341
0.06718743
0.06542722
0.068263054
0.06377
0.061882086
0.07090326
0.06307168
0.062091425
0.06610829
0.06201664
0.07175514
0.062049665
0.06446193
0.06400212
0.071547665
0.061149985
0.06826003
0.069998205
0.06302571
0.06687498
0.06892339
0.06467525
0.06502262
0.06215594
0.061733544
0.06911795
0.06857837
0.06504455
0.06728476
0.06409552
0.06753116
0.060689308
0.05986224
0.06161305
0.06554082
0.06000459
0.057794593
0.059373744
0.06252054
0.060446363
0.0610113
0.064225465
0.061980665
0.066366166
0.06255068
0.06307226
0.06271516
0.060577672
0.059534464
0.058626726
0.05763375
0.059375785
0.06483024
0.05869403
0.057310015
0.058185264
0.05925941
0.06016202
0.06341372
0.06053357
0.0588136
0.05782598
0.057087623
0.056579407
0.05675207
0.058260024
0.0598997
0.060315896
0.05945859
0.058876425
0.05694607
0.056484178
0.05439532
0.056108534
0.056063168
0.057331104
0.058509123
0.059976112
0.058462262
0.05712025
0.056058753
0.05781848
0.057836693
0.058481917
0.05807126
0.057295725
0.055339392
0.056972813
0.05769998
0.061343323
0.060335424
0.060709704
0.05630017
0.056586977
0.05670685
0.059856705
0.06023464
0.060082898
0.059574187
0.060712337
0.059645105
0.061739992
0.062439673
0.06635997
0.06316174
0.06254674
0.061374255
0.06186139
0.059365645
0.05936631
0.05978381
0.061347414
0.06201898
0.06256169
0.06265693
0.06096573
0.059202224
0.057660963
0.06016788
0.05937986
0.060654517
0.059090383
0.06075364
0.059844833
0.06145084
0.062265813
0.06324305
0.06363865
0.061039727
0.06062086
0.05810003
0.059205227
0.057917822
0.058759745
0.05824168
0.060141224
0.06147112
0.0625663
0.06323674
0.06376968
0.063080765
0.062021002
0.06307667
0.06616622
0.06661768
0.063249506
0.061174016
0.06161166
0.06265712
0.062467877
0.062143005
0.06193176
0.06598288
0.07436804
0.065165386
0.061836954
0.0661014
0.06468051
0.06422023
0.059916787
0.060307655
0.060195614
0.062531605
0.061175637
0.05929274
0.058393236
0.05976049
0.060539227
0.061000034
0.060745824
0.059465293
0.05751137
0.05617278
0.058542833
0.061489508
0.063489445
0.06519383
0.06440478
0.064660355
0.06167175
0.060499124
0.057240818
0.059513357
0.059471313
0.061131865
0.06134333
0.06286107
0.06333784
0.061576862
0.06154321
0.063396774
0.06450904
0.06409768
0.06485955
0.06429529
0.06449854
0.06459783
0.06537797
0.06577189
0.06358609
0.06509387
0.06553052
0.06692223
0.06617573
0.06749091
0.06522955
0.06355957
0.061079327
0.065787606
0.06733894
0.06948768
0.067129895
0.07174641
0.08077704
0.071535915
0.066291355
0.06532999
0.066958204
0.067464694
0.06620692
0.067334555
0.06909947
0.071469106
0.07061975
0.07217196
0.0704441
0.069865294
0.06722962
0.066387616
0.070567034
0.07769817
0.07243915
0.071987346
0.07544668
0.07700575
0.07508012
0.07282277
0.06799506
0.070307665
0.069959596
0.078002945
0.08737172
0.0737204
0.066444226
0.066822805
0.06734078
0.067541674
0.068617456
0.06921945
0.06964969
0.06881026
0.067475535
0.06731525
0.06645918
0.06599962
0.0693479
0.06955603
0.06916762
0.06778809
0.07120394
0.07171577
0.07027487
0.06792914
0.071731806
0.07283819
0.07093376
0.07054607
0.06950681
0.0717671
0.07007109
0.070669875
0.06982422
0.06824792
0.06751196
0.06729035
0.06951012
0.067437135
0.06647111
0.06379447
0.06503322
0.065767914
0.06570408
0.06637676
0.06721839
0.06836721
0.06773644
0.06762391
0.066666365
0.06552363
0.064327255
0.0630369
0.06413788
0.063397795
0.06723369
0.063144535
0.0646147
0.06239755
0.065256886
0.06364139
0.060317133
0.06330092
0.0658707
0.071644515
0.06707317
0.065216675
0.060679093
0.063061714
0.062572114
0.06437747
0.06579402
0.06911553
0.070461735
0.070230134
0.067588225
0.068275124
0.067435496
0.0708912
0.070223145
0.070670106
0.06862355
0.067654684
0.068641104
0.06613044
0.063597746
0.061907526
0.063625336
0.06474963
0.06704388
0.06711693
0.06763197
0.06406364
0.06264183
0.062133916
0.06558434
0.066082865
0.06774605
0.06412588
0.06723791
0.066009425
0.06851921
0.0664437
0.06641832
0.06367296
0.062241685
0.059779767
0.06531052
0.066851676
0.06957968
0.06465487
0.064929694
0.06620538
0.06464723
0.06480948
0.06190818
0.0615582
0.06056385
0.0599673
0.059884146
0.05733213
0.05843873
0.063886225
0.06656915
0.06928724
0.06580278
0.06465481
0.062156547
0.062385593
0.061367713
0.059231263
0.057456616
0.055588294
0.058199525
0.05949048
0.06427877
0.06477692
0.064566605
0.06397516
0.059328068
0.06068857
0.059751596
0.06115072
0.061756037
0.06186906
0.06356264
0.071330346
0.06975922
0.07169798
0.06342911
0.06388973
0.063119195
0.062863
0.06262381
0.06200599
0.05991299
0.06106733
0.061569627
0.062421087
0.059336156
0.06110138
0.063043535
0.06736479
0.064851634
0.06091828
0.060864445
0.061083462
0.064178035
0.062212005
0.06093627
0.061633065
0.06271672
0.065498
0.06357156
0.061703563
0.058546625
0.06006529
0.06257478
0.06439565
0.06211609
0.061587453
0.060263135
0.062016085
0.06346515
0.064122155
0.062201656
0.059440117
0.06174356
0.062456038
0.061738532
0.057808843
0.061077233
0.061812196
0.06056054
0.057930578
0.0615388
0.06386859
0.066776276
0.063899934
0.06260881
0.0581402
0.05858895
0.060111057
0.062020626
0.05810759
0.06035961
0.05917533
0.06195091
0.059784863
0.061659858
0.06179197
0.0648164
0.065246895
0.06543908
0.06305352
0.06445203
0.06490712
0.06843175
0.06696592
0.06619808
0.066007495
0.06925829
0.07415454
0.070775405
0.06739664
0.06239123
0.06265404
0.064512104
0.06846115
0.06750293
0.06801728
0.06550197
0.06453586
0.061270148
0.060255945
0.06311275
0.06605999
0.06766467
0.068132184
0.06724289
0.06702997
0.06783265
0.06713636
0.06790184
0.0649943
0.06180173
0.060812715
0.06243929
0.06575113
0.065143734
0.06661134
0.065968126
0.066015296
0.06371208
0.062097494
0.061369393
0.064929254
0.06517402
0.0667036
0.06075189
0.062447824
0.05978036
0.064422034
0.06300522
0.06314858
0.059138052
0.060314257
0.061632484
0.06305161
0.06408258
0.063748635
0.065991506
0.066829994
0.07100335
0.07162607
0.069484524
0.06884573
0.06548918
0.066186614
0.06394092
0.06286957
0.0625932
0.06500073
0.06854199
0.06719782
0.06407498
0.063319005
0.060340036
0.062466808
0.060070433
0.06332752
0.06107974
0.062791385
0.06253346
0.061955847
0.06068382
0.05975235
0.05865973
0.05637971
0.060192525
0.061025616
0.064015724
0.0635233
0.06343182
0.06415647
0.06263171
0.06051632
0.060160805
0.06042953
0.06201519
0.059159536
0.057172135
0.058634274
0.063125566
0.06305004
0.06588125
0.06176401
0.060690153
0.05734251
0.05665032
0.05965267
0.059723984
0.060566686
0.05846369
0.058180783
0.05628634
0.058025863
0.05844733
0.061026726
0.059961345
0.05982562
0.060765885
0.059915572
0.059086654
0.05709248
0.055393055
0.05281391
0.05387477
0.055224307
0.05733936
0.054475937
0.052158356
0.050684534
0.05272036
0.056202948
0.061254703
0.062986076
0.061865352
0.057710472
0.057083886
0.060236804
0.061092705
0.06106393
0.05433541
0.0520295
0.04954574
0.050863482
0.055094074
0.060743652
0.06147896
0.059132803
0.055480182
0.058518805
0.05876355
0.06144908
0.06280255
0.059938025
0.056885168
0.05872576
0.062317804
0.06614055
0.062399607
0.06441603
0.063287295
0.06277748
0.058902167
0.05780588
0.058734883
0.0598176
0.059845686
0.06120424
0.06559263
0.06821591
0.06947592
0.06658
0.06467736
0.06188005
0.05927883
0.05622298
0.056415327
0.061810695
0.06555152
0.10599233
0.18227896
0.11872619
0.078677125
0.06035684
0.05775439
0.060945876
0.065987624
0.070289545
0.06534977
0.06133331
0.062230993
0.06270351
0.06193677
0.05790303
0.060573228
0.062268794
0.061845187
0.05855951
0.061478227
0.06524674
0.06556191
0.062051654
0.060621366
0.059227463
0.057969823
0.057394948
0.057579536
0.060850773
0.05957162
0.05956117
0.057540208
0.05376499
0.057300173
0.058870636
0.064613275
0.062169798
0.061478615
0.05865564
0.058856104
0.055898506
0.05897871
0.056974392
0.059421357
0.053117294
0.055745758
0.05511993
0.059591312
0.055605236
0.053839542
0.052173227
0.056239706
0.057674237
0.057467766
0.05670362
0.055887256
0.056580827
0.05510841
0.056496233
0.059308354
0.06318061
0.06277944
0.06058115
0.05894223
0.057078578
0.055256184
0.05406174
0.054070465
0.05257619
0.055914517
0.056929883
0.059144035
0.056864306
0.062322363
0.05989852
0.059309736
0.055293202
0.05746628
0.05920293
0.05674604
0.060738392
0.058713555
0.0634708
0.060799956
0.059483927
0.05814529
0.057082225
0.060562354
0.061262064
0.059472337
0.05700733
0.054285116
0.05718308
0.05518745
0.052855477
0.053127233
0.05676496
0.05987468
0.05866398
0.05826529
0.057641514
0.056915555
0.055884477
0.056398932
0.05481039
0.051972393
0.05159533
0.054520283
0.05795853
0.057466943
0.056631
0.055140827
0.054348934
0.05328605
0.05374518
0.05624335
0.05721102
0.056249656
0.0563918
0.057585414
0.05625153
0.054910053
0.054791536
0.057037674
0.060416386
0.059426133
0.06639918
0.06259229
0.06043682
0.053320162
0.05314525
0.053443655
0.05421404
0.054739185
0.052826732
0.053081047
0.052690603
0.055122383
0.057328045
0.059191287
0.059274934
0.057189878
0.053721532
0.04974344
0.047870725
0.047989722
0.04795045
0.048278783
0.049934994
0.05079596
0.04933578
0.04880107
0.046454463
0.04748727
0.04873662
0.050414506
0.054913536
0.056375127
0.05736173
0.057524815
0.05547236
0.05351587
0.049984522
0.050553475
0.050342906
0.05167788
0.050760552
0.051699296
0.049566895
0.049024228
0.04901039
0.048345067
0.049451828
0.048952293
0.05167859
0.05147606
0.051655766
0.0504727
0.053041946
0.051052034
0.050527647
0.048880443
0.047865566
0.04674609
0.04611091
0.04723986
0.05160829
0.051683247
0.052350964
0.052226294
0.05321584
0.04946762
0.05039253
0.04800137
0.04720658
0.046277687
0.046451095
0.046214588
0.048137564
0.0514835
0.05018535
0.050768416
0.051281337
0.0502218
0.048244048
0.047738437
0.04728006
0.046915986
0.047138877
0.04767806
0.047082294
0.047932807
0.04696467
0.047415398
0.04505791
0.044433296
0.042962793
0.042557545
0.041299533
0.04175672
0.04235781
0.04146854
0.041990317
0.044237196
0.043901477
0.04645001
0.045706086
0.045598764
0.047159865
0.04564037
0.042983975
0.043948382
0.043886136
0.03855576
0.040494215
0.04058234
0.04129814
0.04231881
0.04282588
0.041093335
0.041450687
0.041939992
0.039807905
0.040595043
0.041783005
0.041608505
0.041877303
0.04270266
0.041899092
0.04158203
0.042027764
0.040358294
0.0407515
0.040111613
0.04144202
0.039940048
0.039943673
0.039853655
0.04080545
0.040353958
0.041688196
0.041879013
0.041088246
0.04245388
0.044937883
0.045018304
0.04472671
0.044923875
0.04666902
0.043742217
0.044294536
0.04643677
0.047270663
0.047521234
0.050676886
0.049241927
0.05003657
0.05119898
0.04806177
0.04546951
0.046972025
0.04428064
0.043841492
0.04247685
0.04278164
0.042530656
0.043759707
0.04129518
0.042060032
0.04122687
0.041575246
0.042253636
0.04566369
0.047847595
0.050356653
0.049612515
0.048003484
0.04646587
0.045809925
0.043312714
0.045056485
0.045036823
0.044877466
0.046628576
0.0491705
0.049750358
0.05244877
0.05283302
0.053645775
0.053933695
0.052619733
0.05231006
0.053104807
0.049742118
0.050664127
0.05158538
0.05032188
0.04931038
0.05293522
0.04881072
0.04703438
0.04709671
0.0472949
0.04624709
0.0485978
0.050629195
0.051761854
0.051830344
0.05101946
0.051099446
0.050035246
0.049798932
0.048236653
0.051175274
0.051614195
0.051141616
0.051299654
0.051921118
0.0488661
0.04780964
0.047300663
0.048036944
0.049511068
0.04870348
0.047766935
0.04632422
0.044226218
0.04513107
0.04343255
0.042832654
0.04433233
0.04366229
0.043410547
0.041662768
0.042824943
0.04445107
0.047145713
0.04999304
0.050705552
0.05065035
0.04864474
0.044971496
0.04365063
0.044590503
0.04365805
0.045967113
0.047267243
0.049266294
0.048872203
0.045485284
0.045617886
0.0443272
0.044242218
0.046194345
0.04691245
0.048606765
0.04849994
0.047904085
0.048343495
0.05083278
0.05059143
0.049831994
0.052089702
0.053759202
0.053022325
0.05235673
0.05124101
0.053963363
0.05032592
0.051898222
0.052707277
0.05550104
0.053118087
0.05369598
0.051509816
0.05064697
0.04783147
0.048920084
0.05075708
0.049113013
0.050092287
0.052773334
0.05419503
0.051819205
0.057104792
0.056617223
0.056977455
0.053681012
0.055493567
0.052916277
0.05516613
0.053080805
0.053568352
0.05492021
0.05694458
0.05576042
0.057404604
0.057516016
0.056108873
0.053068995
0.05229746
0.052202776
0.05413585
0.05581808
0.05517568
0.056019448
0.054196183
0.051367957
0.050584912
0.047884353
0.049540386
0.050079957
0.05283977
0.05685169
0.057841565
0.060327157
0.06022821
0.060102675
0.05944656
0.060497303
0.06170906
0.06179358
0.06390452
0.06318289
0.06110838
0.060925767
0.059687376
0.05817194
0.059453618
0.05988262
0.057790793
0.058696553
0.057818018
0.055148073
0.055492587
0.056229886
0.055834923
0.055501774
0.05885444
0.05943203
0.06021901
0.0613356
0.05948938
0.057197277
0.05896135
0.060306817
0.05871146
0.060739942
0.060708024
0.058188774
0.058311664
0.060914963
0.061336532
0.062367417
0.06295967
0.061682843
0.060874794
0.059045777
0.058422677
0.058820266
0.058484174
0.058625843
0.059615284
0.05860108
0.05932957
0.05873352
0.05721223
0.05620503
0.0581834
0.05687941
0.057079013
0.05388978
0.05301855
0.051915646
0.04961598
0.04825964
0.04796285
0.05085127
0.050772168
0.050048232
0.050800644
0.051007442
0.052160792
0.051756248
0.055523496
0.058491826
0.05730826
0.057886258
0.056510806
0.05246079
0.05191127
0.046631996
0.047613796
0.046662964
0.045691155
0.045917254
0.046425607
0.048843026
0.049660094
0.049655803
0.048844505
0.050269198
0.05154112
0.05174168
0.049194954
0.046437316
0.045010176
0.045365456
0.045508016
0.04439327
0.044584095
0.046016812
0.04760289
0.049048074
0.048309863
0.046913087
0.048891194
0.04756937
0.04665479
0.0472227
0.04657702
0.04718795
0.047634523
0.04924391
0.050454434
0.05008832
0.05136722
0.050436005
0.05059134
0.053967323
0.051237993
0.051224563
0.05154414
0.048916228
0.049486957
0.048386425
0.043312114
0.04427625
0.044733517
0.043461498
0.042385966
0.044368107
0.045629516
0.046285372
0.04505222
0.044750027
0.043905523
0.0460877
0.047309216
0.04436169
0.047131483
0.047034964
0.04685662
0.045880105
0.04510058
0.047081977
0.048094008
0.04809596
0.050820377
0.05041087
0.051587474
0.051588897
0.05098793
0.051239613
0.0492113
0.046600096
0.047955804
0.046794083
0.04559904
0.044914752
0.044549882
0.044936758
0.046415187
0.045914892
0.046688907
0.04808562
0.052135132
0.051592596
0.051790874
0.050471418
0.053506155
0.053221975
0.05161631
0.05114959
0.05043319
0.049744587
0.05210582
0.050173156
0.049892604
0.049289666
0.048131894
0.048415814
0.048940517
0.047356833
0.04622073
0.044628743
0.044569153
0.044772394
0.046503488
0.04677899
0.04844915
0.048198752
0.047162265
0.049852733
0.049818557
0.049373757
0.047786944
0.04569355
0.04550278
0.046857383
0.047213823
0.04620045
0.04806324
0.050647862
0.05180923
0.050947696
0.052148607
0.050138935
0.050239544
0.052407548
0.05003086
0.05041623
0.051065367
0.04959913
0.0497105
0.051206388
0.05044785
0.05113243
0.05159698
0.05228933
0.05475815
0.053597827
0.053804792
0.05292688
0.051472165
0.051375657
0.052267082
0.051655535
0.05304787
0.051725533
0.052792422
0.05307942
0.053570144
0.054941706
0.05290748
0.051319882
0.048807364
0.049632862
0.04890872
0.04874515
0.04946988
0.047665868
0.047852546
0.04857854
0.04851907
0.05164659
0.051492464
0.053857364
0.05208426
0.051782407
0.053289477
0.05428766
0.05233848
0.051128276
0.050521005
0.05031615
0.052449457
0.052325714
0.05278297
0.051514443
0.052414313
0.053649727
0.055269256
0.055350076
0.056182053
0.056566652
0.056967635
0.05681415
0.05813729
0.05778005
0.0575382
0.056278277
0.055322364
0.053698074
0.053898524
0.053858735
0.052631278
0.050642237
0.04921484
0.049606275
0.04995914
0.04914678
0.049510013
0.046132587
0.046864726
0.04646812
0.048610646
0.04898333
0.048695095
0.04837108
0.046375167
0.043507706
0.043571763
0.043629747
0.04249976
0.04125463
0.039627146
0.03893342
0.037925214
0.039171986
0.04006677
0.04068241
0.04222662
0.040894322
0.041974463
0.042459756
0.043608956
0.04364519
0.044137523
0.044920452
0.042745315
0.043798357
0.042711228
0.044365566
0.04534996
0.044553585
0.044764508
0.04523563
0.04575901
0.045530334
0.04472872
0.044180464
0.04244708
0.043808583
0.042426113
0.04242683
0.042556133
0.04164625
0.04059613
0.039325163
0.039022055
0.039088853
0.038923215
0.039129335
0.039388735
0.038725812
0.03748283
0.036926217
0.03628908
0.03659
0.037607655
0.037849337
0.03815525
0.037756477
0.03721616
0.037886646
0.037638374
0.038215097
0.038937546
0.039621398
0.039351746
0.04099596
0.041679278
0.04126173
0.041268047
0.04263085
0.044102967
0.045180853
0.0457936
0.04479475
0.04640076
0.04585289
0.047040436
0.04501879
0.04446342
0.044252634
0.044983238
0.044244286
0.041933518
0.04068991
0.04123131
0.04264598
0.04115135
0.04275862
0.042279873
0.04314104
0.04293947
0.04386151
0.044177014
0.043718312
0.046057485
0.047162298
0.04802271
0.047439996
0.047047284
0.046334937
0.045237333
0.044698942
0.044620756
0.04626478
0.04842697
0.048993815
0.050492797
0.049124304
0.050046083
0.050747983
0.051730577
0.05240263
0.052226573
0.052817978
0.054036174
0.05247282
0.050250724
0.05004782
0.050905902
0.050330102
0.0517535
0.052952405
0.05212978
0.05288038
0.052346144
0.050079048
0.049842384
0.050365005
0.049892846
0.0497565
0.049190104
0.048239533
0.04702532
0.045769688
0.04800632
0.04873951
0.049634054
0.052619994
0.05332788
0.054361764
0.056878902
0.05614474
0.055994317
0.056720823
0.056975394
0.05774213
0.055523135
0.054536343
0.056360308
0.055197757
0.05594814
0.05401617
0.05195787
0.05374362
0.055033546
0.056569647
0.05574495
0.056419693
0.057994217
0.05635714
0.055071045
0.056265008
0.05454414
0.05665622
0.05815237
0.05863853
0.057902597
0.058341764
0.057946354
0.05940996
0.06073329
0.062771365
0.06423518
0.06341039
0.066151574
0.066184245
0.06516703
0.067407586
0.067863114
0.070201375
0.071017
0.07073908
0.06947261
0.068787724
0.069788
0.066587776
0.06645875
0.064904615
0.062928855
0.06344047
0.06212278
0.062294874
0.061991278
0.05834817
0.05774884
0.05640639
0.055056754
0.055464793
0.0556649
0.056229822
0.05543915
0.055755433
0.05380479
0.055162318
0.054249175
0.054209422
0.055673376
0.056082964
0.056682013
0.05751111
0.058123022
0.057628855
0.057695013
0.057082117
0.055157922
0.055529065
0.057813153
0.058434546
0.058767434
0.057836104
0.05757397
0.05841844
0.0578878
0.05756639
0.05711689
0.05807327
0.05948002
0.060786188
0.061433293
0.05961894
0.057807665
0.05604237
0.056766946
0.056784123
0.057590283
0.057963815
0.05870449
0.058973808
0.058691196
0.057459034
0.056895714
0.058411743
0.058059316
0.058232404
0.057207886
0.05736917
0.058460824
0.05705197
0.057051275
0.057266977
0.05687259
0.055382863
0.055354945
0.05633716
0.055006895
0.053547665
0.053853013
0.053964335
0.053926446
0.053626932
0.054255955
0.05433196
0.055495497
0.05529345
0.05362726
0.052803125
0.05165041
0.05106105
0.0507802
0.049827915
0.0507582
0.051782157
0.05043444
0.05057763
0.048691925
0.047156394
0.04706543
0.046516478
0.045324724
0.04441599
0.04281847
0.04181859
0.042795353
0.04246739
0.041512057
0.04232631
0.042831957
0.04212044
0.04357665
0.042616904
0.041631255
0.041184466
0.040950816
0.04111256
0.041257206
0.041464902
0.041761115
0.04270224
0.043502346
0.043111097
0.044044103
0.045982175
0.04552758
0.044839695
0.044634487
0.046166953
0.04592275
0.04571712
0.046178654
0.044971332
0.0458475
0.04713243
0.046705615
0.047598094
0.04916152
0.049302932
0.048494045
0.047905218
0.046270248
0.04499377
0.045503147
0.045621965
0.04532383
0.043958217
0.043259315
0.041876264
0.0417548
0.04166241
0.04018832
0.03899191
0.038666
0.038294807
0.038187224
0.037867334
0.03698442
0.036273666
0.036688637
0.036859173
0.035596166
0.035988614
0.03611109
0.036053985
0.037039597
0.037811656
0.037672784
0.036782324
0.03762608
0.0381359
0.038371217
0.038036976
0.039505325
0.039748088
0.03964971
0.039488155
0.04034476
0.04043731
0.040388327
0.039604574
0.04013291
0.040317263
0.040879797
0.03986328
0.03982826
0.039584678
0.04072731
0.040460497
0.04036986
0.039944775
0.03960684
0.038528517
0.03826038
0.03776149
0.037905384
0.0381626
0.037807986
0.03725841
0.037441514
0.037272178
0.03659726
0.0363165
0.036452636
0.03705621
0.036502656
0.035791215
0.03503125
0.035137534
0.034486406
0.034209214
0.0341293
0.034183294
0.03398944
0.034736708
0.035101857
0.034384757
0.0346849
0.034158178
0.033928733
0.03415158
0.034219157
0.034914166
0.03463203
0.035727005
0.035868134
0.03536156
0.035770215
0.035405792
0.036343407
0.03642105
0.037234772
0.038431805
0.037629824
0.037128434
0.036720376
0.036935367
0.0370576
0.03835797
0.038889017
0.03969762
0.03998862
0.03962147
0.039179005
0.03850242
0.038540334
0.039852615
0.038762998
0.03819489
0.038379617
0.037573066
0.03786569
0.038348246
0.0385371
0.038053587
0.038088605
0.038079165
0.038646966
0.037853464
0.03833774
0.038247205
0.038640447
0.038775403
0.039165568
0.039721217
0.03981444
0.04006991
0.04064686
0.04002927
0.039687023
0.03902812
0.038863968
0.039208185
0.040020913
0.040649522
0.039905217
0.039822347
0.040140636
0.040563326
0.040242054
0.03969616
0.040110797
0.040664088
0.040638905
0.041377228
0.041117646
0.04105047
0.04112595
0.04125178
0.040044975
0.03902067
0.03932573
0.038543116
0.037921257
0.0378895
0.037948173
0.03755581
0.037732918
0.0382639
0.037940264
0.03774578
0.037539583
0.037029233
0.036514215
0.036718328
0.037299454
0.036905147
0.037517942
0.037481036
0.037716977
0.03812073
0.038583156
0.038245447
0.038329575
0.038464893
0.038727444
0.039029248
0.03957007
0.03994389
0.040533196
0.03997152
0.040328715
0.03973064
0.039947525
0.039897002
0.040287714
0.040828057
0.042136848
0.042901523
0.042852078
0.043168705
0.043524854
0.04428028
0.04500223
0.045251526
0.045614768
0.046072293
0.045801256
0.045217905
0.044485666
0.042973325
0.042682853
0.041969214
0.041531425
0.041144047
0.041382954
0.040299203
0.039590243
0.038772643
0.038731087
0.038869284
0.037977193
0.03779907
0.037688646
0.036838867
0.036557775
0.03588242
0.035946302
0.03566344
0.034871582
0.034763124
0.03410882
0.03415808
0.03366976
0.03329179
0.033236135
0.033136547
0.033072002
0.032732766
0.032270506
0.03222981
0.03164843
0.031653654
0.031450056
0.03138855
0.031135239
0.030829694
0.030270375
0.02990485
0.029640479
0.029359603
0.028941726
0.02856455
0.028123988
0.027626349
0.027304158
0.02680025
0.02658334
0.026199168
0.025747458
0.025407365
0.024996871
0.024605768
0.024232857
0.023877049
0.023537334
0.02321279
0.022902563
0.022605866
0.022321973
0.02205021
0.021789951
0.021540621
0.021301681
0.021072632
0.020853005
0.020642368
0.020440318
0.020246472
0.020060482
0.019882012
0.019710757
0.019546425
0.019388745
0.01923746
0.019092334
0.01895314
0.018819667
0.018691717
0.018569104
0.018451652
0.018339196
0.01823158
0.018128661
0.018030299
0.017936364
0.017846737
0.017761301
0.017679952
0.017602587
0.017529111
0.017459437
0.017393481
0.017331164
0.017272415
0.017217163
0.01716535
0.017116912
0.017071797
0.017029954
0.016991338
0.016955905
0.016923616
0.016894437
0.016868336
0.016845286
0.016825262
0.016808242
0.016794207
0.016783142
0.01677504
0.016769886
0.016767679
0.016767679
0.016767679
0.016767679
0.016767679
0.016767679
0.016767679
0.016767679
0.016767679
0.016767679
0.016767679
0.016767679
0.016767679
0.016767679
0.016767679
0.016767679
0.016767679
0.016767679
0.016767679
0.016767679
0.016767679
0.016767679
0.016767679
0.016767679
0.016767679
0.016767679
0.016767679
0.016767679
0.016767679
0.016767679
0.016767679
0.016767679
0.016767679
0.016767679
0.016767679
0.016767679
0.016767679
0.016767679
0.016767679
0.016767679
0.016767679
0.016767679
0.016767679
0.016767679
0.016767679
0.016767679
0.016767679
0.016767679
0.016767679
0.016767679
0.016767679
0.016767679
0.016767679
0.016767679
0.016767679
0.016767679
0.016767679
0.016767679
0.016767679
0.016767679
0.016767679
0.016767679
0.016767679
0.016767679
0.016767679
0.016767679
0.016767679
0.016767679
0.016767679
0.016767679
0.016767679
0.016767679
0.016767679
0.016767679
0.016767679
0.016767679
0.016767679
0.016767679
0.016767679
0.016767679
0.016767679
0.016767679
0.016767679
0.016767679
0.016767679
0.016767679
0.016767679
0.016767679
0.016767679
0.016767679
0.016767679
0.016767679
0.016767679
0.016767679
0.016767679
0.016767679
0.016767679
0.016767679
0.016767679
0.016767679
0.016767679
0.016767679
0.016767679
0.016767679
0.016767679
0.016767679
0.016767679
