1599.912
541.0392
249.9495
177.2922
139.69543
115.90961
99.14253
86.29524
76.36701
68.36409
61.790363
56.24859
51.695267
47.556854
44.013443
41.03678
38.33963
35.753468
33.568035
31.589691
29.895617
28.18986
26.744404
25.360266
24.080647
22.976006
22.056154
20.946379
20.278994
19.520536
18.519283
17.841724
17.196583
16.380766
15.79383
15.189274
14.641084
14.149068
13.843065
13.27964
12.736412
12.430024
11.968175
11.644639
11.270499
10.950812
10.761033
10.414536
10.0323925
9.726876
9.479255
9.234184
8.993357
8.880666
8.665693
8.299847
8.069346
7.9132867
7.7417693
7.5731783
7.3879
7.3363104
7.0998883
6.8847733
6.739057
6.586301
6.458075
6.389177
6.2292757
6.09729
5.9387393
5.879631
5.7475176
5.5928764
5.481289
5.3998694
5.305425
5.2364073
5.1129456
5.011651
4.944049
4.8320575
4.726052
4.65593
4.5925
4.526192
4.451569
4.396155
4.309527
4.316512
4.2004657
4.101632
4.0447335
4.003594
3.958406
3.8796923
3.807544
3.7771678
3.7230017
3.6683846
3.6093235
3.5781069
3.518523
3.483124
3.4434912
3.437434
3.3727398
3.3052583
3.2668467
3.2198663
3.1986244
3.155987
3.1529713
3.0688527
3.058604
3.0298288
2.9786742
2.9210665
2.916882
2.871731
2.819432
2.8253446
2.752882
2.751523
2.7806733
2.683258
2.6507561
2.6469743
2.6207504
2.5824194
2.5503604
2.5540733
2.5106823
2.4936705
2.4746964
2.4476328
2.4325726
2.408905
2.3995218
2.376572
2.3398266
2.301705
2.2898855
2.2811406
2.2574327
2.2278163
2.2152786
2.1936908
2.1798604
2.166088
2.1509814
2.1216576
2.1155794
2.0922935
2.0775957
2.0685608
2.0500636
2.0269556
2.0175188
2.0068774
1.9823676
1.9831392
1.9467784
1.9372383
1.9671605
1.9244838
1.9203706
1.9024101
1.9055266
1.8809539
1.8564186
1.8403537
1.8229384
1.8316187
1.8255126
1.8072165
1.8174555
1.7820276
1.8300618
1.8097981
1.7494041
1.742438
1.7397624
1.7226682
1.7271042
1.699753
1.6788819
1.6798896
1.6738651
1.6587557
1.646571
1.6353557
1.6175305
1.6045468
1.5923183
1.5959185
1.5784396
1.5688747
1.5584503
1.5530607
1.544077
1.5329387
1.5201404
1.5219688
1.5072979
1.505183
1.4941216
1.4800702
1.4768795
1.4794796
1.4595255
1.4525101
1.4442896
1.4461147
1.4399276
1.4268739
1.4179454
1.4196032
1.4161357
1.4121144
1.3939908
1.3917953
1.3933862
1.3786988
1.3685789
1.3648585
1.3622448
1.3521018
1.358066
1.3732878
1.348673
1.3339919
1.3316128
1.3240583
1.3212315
1.3118882
1.3189626
1.304214
1.3044431
1.2963043
1.2924986
1.2937355
1.2885889
1.2854142
1.2820857
1.2673911
1.2723092
1.2732452
1.2717495
1.2457533
1.2509109
1.2490747
1.238465
1.2359194
1.2328745
1.2271696
1.2262629
1.2271976
1.21858
1.2143955
1.2183914
1.2101583
1.2007172
1.2044963
1.1997784
1.215054
1.1934841
1.1898005
1.1817412
1.1873637
1.1814094
1.1826501
1.1876179
1.1702728
1.173208
1.1665026
1.174632
1.164359
1.1710123
1.1693399
1.1809883
1.1525693
1.1567858
1.1652911
1.1549014
1.1629577
1.1547503
1.1590465
1.1519948
1.1508069
1.141328
1.1461731
1.1375215
1.1329648
1.1378627
1.125578
1.1276538
1.1287203
1.1284462
1.1153396
1.1283541
1.1084305
1.1139327
1.1069815
1.114834
1.1044254
1.0939735
1.0925872
1.089391
1.0873699
1.0976527
1.0825486
1.0791951
1.0787929
1.0791893
1.0798538
1.0816947
1.0748322
1.0770392
1.0826778
1.0677589
1.0684923
1.0704697
1.0721314
1.0660067
1.0561976
1.0631167
1.0667312
1.0572387
1.0636506
1.059184
1.054684
1.0509317
1.0404558
1.037723
1.0378561
1.0372312
1.0341344
1.0405005
1.0393811
1.0303398
1.0273702
1.0362116
1.0326765
1.0278417
1.0380151
1.0287222
1.0258974
1.0238515
1.0205866
1.0176398
1.0182893
1.0094973
1.0178747
1.0111542
1.0158781
1.008262
1.0109019
0.99680996
0.99633706
1.0060371
0.99542713
0.9904084
0.9976285
0.99302655
0.99200785
0.98500353
0.9919762
0.99357164
0.9826281
0.98621345
0.9811358
0.9792315
0.97349006
0.9672328
0.97388893
0.97212815
0.9779442
0.96789443
0.96900785
0.9716182
0.9702343
0.96239567
0.96493244
0.9731735
0.9639689
0.9684249
0.9684112
0.9648736
0.966307
0.9572664
0.9544261
0.9613074
0.95308995
0.9518196
0.9553321
0.9454183
0.9547661
0.9379554
0.9442721
0.93989104
0.9429036
0.94401735
0.936857
0.9313911
0.93762195
0.93191844
0.93361866
0.92806107
0.9323138
0.93390805
0.9219197
0.91977304
0.92510796
0.9122731
0.9205327
0.92474616
0.917109
0.9205304
0.9120955
0.910178
0.90895826
0.9065183
0.90778697
0.89929134
0.9017533
0.90626895
0.910963
0.8978235
0.9010166
0.8938709
0.8962625
0.89801615
0.8881805
0.883939
0.88691837
0.8858338
0.879391
0.8865644
0.8815364
0.8884121
0.8811021
0.8835496
0.8825335
0.87990785
0.8770036
0.873353
0.872441
0.8762075
0.8769372
0.86389977
0.8708779
0.87052536
0.8663448
0.85713947
0.8673719
0.8643255
0.8639963
0.8599538
0.85842633
0.8635727
0.859711
0.8497965
0.86051303
0.8544077
0.85039383
0.85324144
0.84741586
0.8520026
0.8517704
0.8466801
0.8545249
0.8481646
0.8400101
0.8441191
0.84279305
0.84113127
0.8419128
0.8346805
0.8370786
0.84224266
0.8457993
0.8501655
0.85783416
0.8438325
0.83739805
0.84111893
0.8415294
0.83996373
0.8404102
0.84831685
0.8345579
0.8324353
0.8324638
0.83789474
0.8399924
0.82862747
0.8382694
0.8367392
0.83588547
0.82921255
0.8316911
0.8373961
0.8334469
0.8399078
0.83832914
0.83799726
0.82566535
0.8316376
0.8293522
0.8226758
0.8264809
0.82767147
0.8650365
0.832181
0.8345496
0.8285641
0.82817614
0.8328732
0.8319627
0.8311642
0.8272756
0.8279187
0.8303618
0.82571745
0.81811893
0.84271175
0.8223432
0.8213671
0.8142602
0.823493
0.8156684
0.82448137
0.8097319
0.81958777
0.8183522
0.8209133
0.8140392
0.81322056
0.8145504
0.8177401
0.8110328
0.81310624
0.80854565
0.8134151
0.8086261
0.816117
0.8178704
0.81748223
0.8084035
0.8070101
0.81811106
0.80493885
0.8077594
0.81052774
0.81447506
0.81153464
0.8179688
0.81283134
0.80991304
0.81391627
0.8163406
0.81489694
0.80934334
0.8099025
0.8138335
0.816466
0.81689113
0.8166902
0.8195146
0.8119523
0.8105733
0.8095497
0.81717414
0.81236273
0.81351763
0.8156355
0.8132061
0.8186863
0.81041765
0.81385595
0.8158371
0.8084543
0.8045332
0.8107144
0.8155051
0.8091149
0.8158193
0.8047796
0.8087463
0.79885477
0.8073118
0.80263764
0.8065143
0.8023868
0.80528665
0.8071069
0.807642
0.7976398
0.7985396
0.8030062
0.80250126
0.8076744
0.80292374
0.8032989
0.80659926
0.79621595
0.7982053
0.8021686
0.79890794
0.80233353
0.79847497
0.79192126
0.7959579
0.792594
0.7986849
0.78419626
0.79134595
0.7964945
0.7917133
0.7959436
0.78547317
0.7882874
0.8043829
0.7895322
0.78661203
0.7968071
0.79825103
0.7821266
0.7845107
0.78278226
0.79038984
0.7862992
0.78507864
0.7832533
0.7807052
0.7853061
0.7796616
0.7784109
0.7872195
0.78264976
0.77397317
0.77623403
0.7735857
0.7694713
0.77642983
0.77180225
0.7696499
0.77188736
0.77591467
0.77317435
0.77628297
0.78010386
0.7688934
0.7738549
0.77796966
0.7693566
0.7747558
0.7691701
0.7682673
0.7700946
0.7723992
0.7722115
0.7691525
0.76761895
0.7716623
0.77476364
0.7759076
0.76821727
0.76995474
0.7703327
0.7713541
0.77084076
0.7751403
0.76395243
0.7787061
0.7687557
0.7714351
0.7684896
0.76994056
0.7676362
0.7675301
0.76598066
0.76354
0.775821
0.7651401
0.76684445
0.77147996
0.76555234
0.7690767
0.765357
0.7695507
0.7709828
0.75930244
0.7580073
0.76704013
0.7643122
0.76209337
0.76237637
0.76412004
0.7652261
0.7707728
0.76521856
0.7610424
0.7602328
0.7570673
0.7595233
0.767823
0.77006954
0.7660457
0.7634394
0.77128917
0.76933354
0.76420337
0.75814
0.7547513
0.75947374
0.7633429
0.75590324
0.7599367
0.7600472
0.76591045
0.74597937
0.7586971
0.7480734
0.7591258
0.7527889
0.75523007
0.7535596
0.75424653
0.7553049
0.74646306
0.7477256
0.7529084
0.75756043
0.7465573
0.7508082
0.7517979
0.75006205
0.74637944
0.7448513
0.7435643
0.74657416
0.7437393
0.7463397
0.74166995
0.75150764
0.74319243
0.74399745
0.7419016
0.74209887
0.74001414
0.7412565
0.7360986
0.7391793
0.73669755
0.729388
0.7314993
0.7376853
0.7367595
0.7318
0.7315548
0.7372733
0.7375948
0.73829144
0.73340887
0.7249954
0.7321156
0.7316482
0.7294143
0.7265217
0.7317122
0.72703415
0.72706914
0.72679406
0.7301555
0.71864337
0.7264136
0.72915673
0.7226053
0.71443504
0.7258641
0.7279507
0.7234073
0.7207558
0.7257278
0.72489285
0.7239349
0.7318073
0.7284135
0.72092867
0.73152775
0.7278183
0.72621715
0.72221506
0.7185061
0.7224899
0.7218651
0.72243375
0.7253066
0.71848005
0.717263
0.7229271
0.72050524
0.7179385
0.7215323
0.72388655
0.7201481
0.72236365
0.7207384
0.7262752
0.7232028
0.7201218
0.7187725
0.7172023
0.72462344
0.7205139
0.7167286
0.71802104
0.71803975
0.72110397
0.72677755
0.7191589
0.726659
0.7187201
0.72036344
0.7257419
0.7180088
0.7223189
0.7164097
0.71130174
0.7187991
0.71599585
0.7130796
0.71607935
0.71583337
0.7098402
0.7140091
0.7184985
0.71432585
0.7164476
0.7125337
0.710831
0.7086961
0.7090027
0.7069835
0.71607184
0.7128657
0.70333093
0.7053929
0.70086104
0.7041096
0.7013333
0.70417374
0.7040713
0.7003623
0.7015584
0.7023943
0.70177966
0.70280397
0.696435
0.6965125
0.6998147
0.69869757
0.6995361
0.6932599
0.69807655
0.700596
0.6887059
0.6977818
0.6983263
0.7004927
0.6961532
0.68710095
0.68672884
0.6922999
0.6889636
0.68630874
0.6888014
0.6945338
0.68453693
0.68166584
0.6820872
0.68993676
0.6854725
0.6920448
0.67762417
0.68130916
0.6821923
0.6846283
0.68110406
0.67421037
0.6793418
0.68084085
0.6826994
0.67575693
0.6761187
0.6714153
0.6745141
0.67459655
0.6810825
0.6769589
0.67993534
0.6709075
0.667735
0.6784947
0.6674609
0.67441595
0.677957
0.6812586
0.6718747
0.67282546
0.6725051
0.6727281
0.67373604
0.67481107
0.66484296
0.6649069
0.6704563
0.6679956
0.67306316
0.668385
0.6669332
0.6696834
0.6703013
0.6681928
0.6642331
0.6740154
0.6728926
0.6665755
0.66731143
0.66480684
0.6708339
0.6612448
0.66785514
0.66674316
0.658299
0.66588557
0.66670233
0.6610034
0.6703747
0.6670709
0.65848494
0.66064245
0.65784395
0.6651003
0.66166914
0.66568965
0.66589135
0.65453476
0.6611265
0.6572212
0.6530763
0.6552224
0.65804136
0.660764
0.65606314
0.66294533
0.66046274
0.65624964
0.64943546
0.6564401
0.6433497
0.6537331
0.64713943
0.644476
0.64458793
0.6535266
0.649343
0.6459573
0.6432196
0.647533
0.6504065
0.64909947
0.64999
0.6475579
0.64630747
0.65478635
0.6433605
0.6582784
0.65297526
0.6447908
0.6453737
0.65010494
0.65073586
0.652172
0.6579327
0.6500718
0.648625
0.6430564
0.6512948
0.6528253
0.6515315
0.6429797
0.6490059
0.65297604
0.6481161
0.6553066
0.65164804
0.64141583
0.6455353
0.6489785
0.6453818
0.64440244
0.64786667
0.6470166
0.64657503
0.64700544
0.6463777
0.6530061
0.64896667
0.6545792
0.64256704
0.64877933
0.64467776
0.6513748
0.64590526
0.6489246
0.65068346
0.649844
0.64672256
0.6475607
0.6507602
0.64938056
0.6425786
0.64588696
0.63666314
0.6453625
0.6529981
0.6422856
0.64580256
0.6469947
0.6459016
0.6451164
0.6432987
0.648839
0.64542943
0.6451493
0.64926285
0.6463433
0.6502476
0.64710605
0.64614946
0.647552
0.64232576
0.63224137
0.64784503
0.63117504
0.64235526
0.6407703
0.64014417
0.64037997
0.64539254
0.6472705
0.63456047
0.639385
0.63694036
0.63244253
0.6373299
0.63563734
0.6346412
0.6370943
0.63831013
0.63429964
0.63511246
0.63265425
0.6325087
0.63750654
0.63670987
0.63298833
0.6328217
0.6323365
0.628861
0.6308313
0.63225
0.61949116
0.62208486
0.63656753
0.62154675
0.62180823
0.62449294
0.6207584
0.6197716
0.6277877
0.61957294
0.6280906
0.62189937
0.6205884
0.6194243
0.62509423
0.6192693
0.6222338
0.61961
0.6268706
0.6184952
0.6254313
0.62492275
0.62600756
0.621917
0.6231571
0.62088305
0.6200428
0.6200431
0.62091106
0.62967104
0.6230206
0.6172056
0.62477887
0.62302244
0.6242109
0.6199413
0.620337
0.6201509
0.6191738
0.62024724
0.6221108
0.6254132
0.6195368
0.6176618
0.621952
0.61888224
0.6170296
0.6210301
0.6171008
0.6141678
0.6144928
0.6228764
0.61804926
0.6195346
0.61816514
0.6104892
0.6176052
0.6181474
0.6191063
0.60895044
0.6107256
0.61388725
0.61929715
0.62278444
0.6263077
0.6189464
0.61641777
0.60628146
0.61245745
0.6213987
0.61097836
0.6138359
0.6092422
0.62045974
0.6126692
0.61721736
0.61433554
0.6140683
0.6174762
0.6201253
0.6155081
0.6150183
0.6235818
0.6183081
0.6167807
0.61817455
0.61460006
0.61982393
0.62291044
0.6164533
0.6176209
0.61462194
0.6116756
0.6140341
0.6153602
0.61715686
0.60920405
0.61487365
0.6092103
0.61290085
0.61770105
0.6077583
0.6032606
0.60190904
0.608045
0.6106862
0.6059727
0.6011136
0.59711444
0.6006355
0.60196185
0.60541695
0.5990062
0.59459317
0.5974503
0.6045377
0.5971574
0.59687984
0.6004043
0.5975671
0.59763086
0.59367317
0.6007381
0.59368926
0.5954796
0.5949502
0.5952959
0.5951181
0.5931509
0.5851962
0.5908944
0.59501106
0.59058535
0.58824426
0.59249747
0.5920576
0.5843208
0.58546644
0.58576524
0.5850399
0.5909888
0.5981145
0.5873506
0.584527
0.58509076
0.5848536
0.5821056
0.5838282
0.5838801
0.5757716
0.5749805
0.57645863
0.57965446
0.5809672
0.5758992
0.57692695
0.572221
0.57111967
0.5710124
0.5721226
0.5712574
0.5696438
0.5691584
0.57503796
0.5700764
0.5727695
0.57283765
0.5681068
0.5697118
0.56773853
0.5669103
0.5703635
0.56789416
0.5672911
0.5717286
0.56455183
0.56822455
0.5630005
0.56866395
0.5712269
0.57053953
0.5740744
0.5682643
0.5617544
0.5724205
0.56834716
0.5666757
0.5746225
0.5664442
0.5651054
0.567918
0.5647878
0.5605821
0.56141293
0.5708033
0.5723598
0.56682813
0.5695525
0.5716317
0.5611058
0.5661102
0.566195
0.56959224
0.5705814
0.56933856
0.56711817
0.57458186
0.5702612
0.5687908
0.5706646
0.567277
0.5700558
0.56730175
0.5662092
0.5783655
0.5738234
0.58364904
0.5798817
0.5699281
0.56878465
0.5703958
0.5744075
0.5693255
0.56609666
0.5729722
0.57469785
0.56872714
0.5691214
0.56597155
0.5744836
0.57136863
0.5723245
0.5677246
0.5742553
0.5776606
0.57151634
0.5737222
0.5684217
0.57367355
0.5635434
0.56928027
0.5652916
0.57344246
0.5666574
0.5638456
0.5663879
0.5621518
0.56501424
0.5691325
0.56628084
0.56818134
0.5647671
0.55954605
0.568225
0.56909764
0.56797427
0.5661355
0.5666834
0.5697629
0.5633706
0.5596774
0.56161624
0.5596167
0.55945975
0.56486213
0.5605145
0.56057984
0.56273526
0.5579978
0.56019783
0.5616663
0.5577509
0.5584062
0.55806965
0.5627508
0.55964774
0.55803967
0.56222546
0.55093527
0.55425245
0.55864525
0.5539387
0.5550314
0.56019557
0.5572546
0.5589118
0.5533919
0.56116843
0.55428016
0.5560781
0.55726695
0.55510724
0.5578477
0.55246615
0.55659384
0.55425
0.55152524
0.5515921
0.55789137
0.55418587
0.5610789
0.55124164
0.55479115
0.55599326
0.5540835
0.5466465
0.5483674
0.55032635
0.5545381
0.54557896
0.549857
0.5548373
0.55159986
0.5559022
0.55281574
0.5581461
0.5507472
0.54684883
0.5509166
0.56201625
0.54452497
0.55249685
0.54879117
0.55408275
0.5491123
0.548481
0.5487804
0.55493724
0.5555234
0.5483415
0.5387561
0.5548229
0.55253375
0.5552168
0.5576245
0.5495775
0.554217
0.55362344
0.54554033
0.5548791
0.5590427
0.55027336
0.5512802
0.5489031
0.55302155
0.5539237
0.5532369
0.5580479
0.5501492
0.55129325
0.55359554
0.55326205
0.5481434
0.5526911
0.54826504
0.5571684
0.55064213
0.54851
0.54645
0.5511823
0.55427176
0.54211855
0.5477787
0.5513931
0.5550375
0.5509406
0.55497545
0.55008125
0.5494428
0.5509001
0.54626775
0.54921615
0.5476458
0.55056673
0.5468392
0.54793936
0.54540807
0.5437596
0.546344
0.5408274
0.5394446
0.5454126
0.54684854
0.54305553
0.5377842
0.5392431
0.5453364
0.53999364
0.54721236
0.5409839
0.5366909
0.53697425
0.54426974
0.5348546
0.5404483
0.5353545
0.53361106
0.54863244
0.54164046
0.5334442
0.5349798
0.529348
0.5338277
0.52489936
0.5292179
0.5299841
0.5317781
0.53240895
0.5239637
0.53098047
0.527409
0.52451396
0.52343345
0.5266726
0.5218567
0.52244365
0.5231488
0.52520317
0.51840156
0.52315146
0.52243847
0.5243404
0.51924783
0.52241915
0.51914614
0.52115524
0.5182374
0.5202944
0.5178877
0.5149113
0.5128603
0.51878136
0.5217437
0.5196375
0.51173997
0.5161894
0.51130545
0.52110094
0.5124322
0.5118475
0.5130504
0.51876265
0.51532114
0.50931525
0.51309216
0.5095566
0.50464004
0.509962
0.50510186
0.50707614
0.50881606
0.5090057
0.5085457
0.5094371
0.50746894
0.5098178
0.50783974
0.5089098
0.5030112
0.50141394
0.5051968
0.5049438
0.50520486
0.50936663
0.50850123
0.5091255
0.5079106
0.5072806
0.50275826
0.5090702
0.50560445
0.50263333
0.5076221
0.5007252
0.49536684
0.50181794
0.50072724
0.5038856
0.50536335
0.50361073
0.5022444
0.49966738
0.5010513
0.49970582
0.49913594
0.49892086
0.4994807
0.4921556
0.5007893
0.49457327
0.5003675
0.49577478
0.49766967
0.49451125
0.50770766
0.50010055
0.498068
0.4972006
0.49658352
0.49246317
0.49745592
0.49758586
0.50688195
0.49567002
0.49739215
0.49859437
0.49864388
0.5007315
0.5016248
0.49644673
0.50375605
0.49674165
0.49807155
0.5007718
0.49996915
0.5055475
0.501879
0.50222796
0.49976012
0.49737394
0.49229392
0.50393474
0.5014582
0.50220317
0.504784
0.50438786
0.5000457
0.4977019
0.49966618
0.50211424
0.5060866
0.5022578
0.5037771
0.5062178
0.50149816
0.5025834
0.5047112
0.5008551
0.5078088
0.49849796
0.5025482
0.49545732
0.49555406
0.50358623
0.49168175
0.50619847
0.5045774
0.49953064
0.4962721
0.5047614
0.49910617
0.499532
0.49758574
0.49834925
0.4951245
0.4965486
0.5005008
0.49404982
0.4842098
0.49260405
0.4967764
0.4929333
0.4923333
0.48702732
0.49422815
0.4949578
0.49253273
0.49081263
0.4901463
0.4890424
0.48768136
0.48911354
0.49206096
0.49374297
0.4941387
0.4939504
0.48679334
0.4913413
0.488165
0.49155816
0.4881966
0.49537358
0.48807663
0.4833517
0.48546705
0.48376173
0.4812732
0.48634985
0.48619968
0.4800974
0.48074985
0.48671943
0.4836208
0.4730908
0.48042858
0.47407818
0.4782717
0.47625765
0.4851556
0.48077503
0.48493448
0.47294852
0.48010975
0.48279607
0.480862
0.48030043
0.47314557
0.47938645
0.47807923
0.47540835
0.48184848
0.47204304
0.4774556
0.47405034
0.47588557
0.48206487
0.47418725
0.47923928
0.47520813
0.4779638
0.47583356
0.4757324
0.47867206
0.48439193
0.47666058
0.47918352
0.4680146
0.47056082
0.46760625
0.47668302
0.4735775
0.46795446
0.48199755
0.4748706
0.47545305
0.47054756
0.47444016
0.46996075
0.47777313
0.4741838
0.47494712
0.47364584
0.47676748
0.46657607
0.47012278
0.46595353
0.46987906
0.46604332
0.47145215
0.47646374
0.47342983
0.47228524
0.4732763
0.46817875
0.47502312
0.47018895
0.4666766
0.46439272
0.47508326
0.4717943
0.46438402
0.46872216
0.46909067
0.46786955
0.4692924
0.4612087
0.47292298
0.46195152
0.45897424
0.4725753
0.47120503
0.4717205
0.47112608
0.4640562
0.46106005
0.47093225
0.46922436
0.46509278
0.45779198
0.46417746
0.4656806
0.46306443
0.46326768
0.46018374
0.4600898
0.45899418
0.466105
0.4634519
0.45355204
0.46519107
0.46388522
0.45974016
0.46539935
0.4629817
0.45775476
0.46594068
0.45859152
0.46212134
0.4628673
0.4634768
0.46282968
0.46522546
0.46260786
0.45705184
0.464385
0.46494037
0.46255872
0.46626604
0.4617392
0.4619236
0.4619301
0.46499082
0.46671447
0.46606287
0.46768293
0.45905542
0.46490282
0.4688601
0.46633053
0.4618168
0.4600787
0.4663615
0.46446544
0.46261492
0.4576368
0.4594573
0.4518132
0.4574939
0.4666482
0.45814878
0.45720643
0.45282498
0.4560462
0.45613676
0.46026552
0.45434946
0.4597362
0.45663372
0.45695782
0.45595643
0.46238244
0.4489894
0.45601112
0.4484068
0.45659116
0.4542576
0.45262957
0.4465437
0.45675564
0.452067
0.45453984
0.45651546
0.4486203
0.45205745
0.45319772
0.45637998
0.4539385
0.46052378
0.45162964
0.45267916
0.4531783
0.45837283
0.45413014
0.45125595
0.44893798
0.44744408
0.4467348
0.4530959
0.45481035
0.45446736
0.4516682
0.4472215
0.44508687
0.4543421
0.44861606
0.4541588
0.4495323
0.44835737
0.44967934
0.4504418
0.45130748
0.44866648
0.45032635
0.45034096
0.4512685
0.44724262
0.4521492
0.44984046
0.44891515
0.4451422
0.44671503
0.44683766
0.44792646
0.44438934
0.44726175
0.44746837
0.45111868
0.4493187
0.44335097
0.44910958
0.44341075
0.44562745
0.44946393
0.44150126
0.44654617
0.44684106
0.44984415
0.44977537
0.44456434
0.4444329
0.44333428
0.44931594
0.4486562
0.44618842
0.4416261
0.4438412
0.4444141
0.44735092
0.44972068
0.44326296
0.4493047
0.44407594
0.4493427
0.44249132
0.4384422
0.44434148
0.4381487
0.44636092
0.4373262
0.44027865
0.43734577
0.44486195
0.44281328
0.4349526
0.440628
0.43636367
0.43946317
0.4431656
0.43718866
0.44293448
0.43480545
0.43658713
0.43838736
0.43734735
0.44126427
0.43776023
0.4479717
0.4416292
0.44196397
0.438374
0.4355836
0.4399558
0.43957555
0.43520305
0.44405302
0.44319132
0.44119018
0.44029418
0.44668984
0.44154707
0.44390243
0.43314385
0.4403032
0.44098127
0.43702886
0.4392968
0.43857187
0.4388422
0.4450761
0.44259766
0.44301915
0.44563365
0.44148386
0.43824804
0.43636072
0.43937433
0.43690035
0.444232
0.4464004
0.438197
0.43292096
0.43518886
0.4308204
0.43597642
0.43275073
0.43620887
0.4384358
0.4370072
0.4333967
0.43354544
0.43810493
0.438731
0.44036466
0.43642825
0.43290251
0.43009055
0.433976
0.4287421
0.43078995
0.4306675
0.4329158
0.43066126
0.43029958
0.4345626
0.43185455
0.42990512
0.43551037
0.43041706
0.43730816
0.428627
0.43262938
0.4286538
0.43310702
0.43729922
0.4315456
0.4277478
0.42898303
0.43010494
0.4315402
0.43280604
0.43529156
0.42558032
0.43135396
0.4278163
0.42633507
0.43292156
0.42847654
0.4277037
0.42207912
0.4284045
0.4237959
0.42343444
0.4206273
0.42187437
0.42425317
0.42197067
0.41765177
0.42155987
0.42384544
0.42215112
0.42155412
0.41799232
0.42349333
0.41989893
0.4121292
0.4224382
0.4144887
0.41305348
0.41993973
0.42244342
0.4266138
0.4214668
0.41428342
0.41969255
0.4156618
0.42249155
0.4210573
0.41651443
0.42261294
0.4121696
0.4178135
0.42061463
0.42181116
0.42279932
0.41701177
0.42711002
0.4198123
0.41379356
0.41809708
0.4195657
0.4178768
0.41788492
0.41891986
0.4161199
0.4154669
0.41475868
0.4176045
0.42114237
0.41325068
0.41176176
0.41012502
0.41935453
0.41491738
0.41534305
0.41307896
0.41190565
0.4082039
0.4219876
0.4138236
0.42035806
0.4138363
0.41791415
0.4120977
0.41863355
0.42417392
0.41125327
0.4202062
0.41879997
0.41719797
0.41311815
0.41591385
0.41814777
0.41914058
0.41687685
0.4204557
0.42008728
0.4202113
0.41621488
0.4164368
0.41297668
0.41560185
0.41287458
0.41237324
0.4111205
0.41508666
0.4128369
0.41337872
0.41446957
0.40544674
0.4169291
0.41092044
0.40608093
0.41612178
0.40287292
0.41115
0.41064486
0.40962976
0.41347992
0.4084968
0.40767452
0.41212237
0.40915912
0.40897486
0.4088954
0.40744042
0.41114694
0.40792525
0.41242656
0.40778825
0.40300196
0.40724173
0.40953052
0.41209602
0.40581352
0.41319922
0.40582117
0.40879834
0.40776592
0.40305346
0.41029358
0.4041191
0.40632692
0.40856823
0.40741318
0.40471733
0.40829843
0.407295
0.40597165
0.4079638
0.40289795
0.40727097
0.40293446
0.4076306
0.40672287
0.4030658
0.4020688
0.4026676
0.4067245
0.400505
0.40272292
0.40147847
0.40513435
0.39801678
0.4024701
0.403292
0.4042144
0.3953045
0.40382835
0.3993671
0.39810628
0.39963445
0.40437245
0.39841977
0.39717534
0.3967158
0.3931204
0.39643863
0.4021558
0.40243906
0.40036625
0.39498457
0.3990552
0.40980765
0.39883703
0.39836812
0.40286744
0.399342
0.40064323
0.4011381
0.40182093
0.39608064
0.40112054
0.3927238
0.39606905
0.39769545
0.39321113
0.39900532
0.3911053
0.3896905
0.39132282
0.39761597
0.3911097
0.39580974
0.3919584
0.393876
0.39342892
0.3899619
0.39312547
0.38838267
0.39213154
0.39589617
0.39428785
0.39617765
0.39381102
0.39286995
0.38776413
0.3959911
0.3866672
0.39316502
0.38865528
0.39706132
0.39429766
0.3861355
0.39458442
0.39326406
0.39229918
0.39931512
0.4007168
0.39768013
0.39946866
0.39166725
0.3939916
0.3912342
0.39474872
0.39468774
0.39659753
0.39669684
0.39613897
0.3933314
0.39749056
0.38860548
0.39062285
0.3895911
0.38847715
0.39230642
0.3919944
0.38869405
0.3899793
0.3943102
0.38682017
0.39604262
0.39023843
0.3902948
0.39194044
0.39403453
0.3883273
0.39538705
0.3892271
0.3857599
0.38638538
0.38511863
0.38893715
0.39049986
0.3863022
0.39330187
0.38606963
0.38415003
0.37860492
0.38437012
0.38131273
0.37941104
0.37757874
0.38478863
0.38248035
0.38270804
0.38009325
0.38195857
0.38150313
0.3745193
0.3765205
0.37334177
0.37555122
0.37989336
0.38057044
0.38016385
0.37460178
0.37807664
0.37351587
0.3764894
0.37271476
0.37544388
0.37833402
0.37181
0.37465596
0.36678106
0.37224746
0.369873
0.37129694
0.37313223
0.38191614
0.36956176
0.37565708
0.37676844
0.37022787
0.37104934
0.37372452
0.3751519
0.36814553
0.3753338
0.37020192
0.36949518
0.3759678
0.3730436
0.3669855
0.36859977
0.3668273
0.37360224
0.3691817
0.36935088
0.37594298
0.36911795
0.37363693
0.36668324
0.36916557
0.36628398
0.36604738
0.36926872
0.37180042
0.36758256
0.36450088
0.3639161
0.36528555
0.36753178
0.36498263
0.36741516
0.36891305
0.36772656
0.3667134
0.3736601
0.36641216
0.37236258
0.37207782
0.36497885
0.36560005
0.3649035
0.37321368
0.3678971
0.36889783
0.367446
0.36415344
0.36858296
0.36778146
0.36478817
0.37184832
0.3702538
0.37073952
0.37289822
0.36819673
0.3655028
0.3696048
0.3614018
0.36466718
0.36080638
0.36625463
0.36620894
0.36900842
0.370395
0.372277
0.3622317
0.36248684
0.36636844
0.36787942
0.36856005
0.36603934
0.36799368
0.37273744
0.36320153
0.37020615
0.36437047
0.37264943
0.36611056
0.3685115
0.37033507
0.36891106
0.37230802
0.3682788
0.3634251
0.37755635
0.3731254
0.3694836
0.3755637
0.37394902
0.3678778
0.36562014
0.36948815
0.37246668
0.36406654
0.37059927
0.3743887
0.37441218
0.36987105
0.36343482
0.3700191
0.36403695
0.3707738
0.36663315
0.37673843
0.37251648
0.3667302
0.37175727
0.36911836
0.36947533
0.3642819
0.3738827
0.36302242
0.36659244
0.36753523
0.37192717
0.3702588
0.3670291
0.36943465
0.3713397
0.36783183
0.37107158
0.36711097
0.36754915
0.36271662
0.36775446
0.36660486
0.36260104
0.36428025
0.36511013
0.37128213
0.3651522
0.36748728
0.3679922
0.36468536
0.3655214
0.36179954
0.36664656
0.36500165
0.3637594
0.36404192
0.35832855
0.36636555
0.36321923
0.36141163
0.36160558
0.36253905
0.36383656
0.36374483
0.36822352
0.36129707
0.36439082
0.36569834
0.36497068
0.36271468
0.3576359
0.3629633
0.36188182
0.36385724
0.36154813
0.36034966
0.367273
0.3699625
0.36686742
0.3660399
0.36253804
0.36002472
0.35935897
0.36694956
0.36024812
0.36258462
0.36454523
0.36240536
0.36493725
0.36699325
0.3557288
0.36213568
0.36375463
0.36419594
0.36502627
0.3632761
0.3624677
0.36499593
0.35919657
0.36137396
0.3579578
0.3624717
0.36214522
0.36500856
0.3623904
0.35747474
0.3547928
0.35929066
0.35645193
0.35862195
0.35862023
0.35630488
0.3542862
0.35731286
0.35362145
0.35172525
0.35382324
0.35509574
0.35536107
0.35377926
0.3487831
0.35608026
0.3465899
0.35020176
0.34724873
0.3544191
0.35261032
0.34376156
0.3489517
0.34832215
0.3512764
0.34500155
0.34855887
0.3521365
0.34537882
0.35417265
0.34857735
0.3436494
0.35070932
0.3474638
0.34733254
0.35328352
0.34828204
0.3418161
0.34806854
0.35276195
0.35135508
0.34666795
0.348672
0.3575921
0.3544975
0.34967136
0.3522104
0.34602967
0.34649116
0.34548926
0.35109487
0.3410306
0.35104257
0.35181445
0.34535044
0.34640107
0.3434487
0.34561828
0.3509817
0.34925485
0.34325027
0.35475975
0.34612098
0.35529166
0.3467308
0.34849602
0.34767097
0.35173696
0.35145834
0.34818196
0.34438
0.34088883
0.3538716
0.3483002
0.34715918
0.34753987
0.34965885
0.34792265
0.3567012
0.35274622
0.35152742
0.34742913
0.34394875
0.34341338
0.353128
0.3512529
0.34923565
0.34944382
0.34884056
0.34870753
0.34817845
0.34942028
0.34955364
0.3472116
0.3497679
0.35283414
0.3472277
0.3577355
0.35425952
0.356699
0.3489846
0.35161492
0.34853438
0.35112897
0.35247558
0.34473604
0.34520382
0.3461914
0.35462496
0.3502841
0.348785
0.34646723
0.35090056
0.351789
0.35110137
0.3435867
0.34811926
0.34447727
0.3472559
0.34373358
0.34449866
0.34973547
0.3433267
0.3434014
0.33954775
0.3487395
0.34076086
0.34440994
0.34523648
0.34801924
0.34869707
0.34336996
0.35175776
0.3457364
0.34944347
0.35314715
0.35324493
0.34378737
0.3467951
0.3458739
0.34750924
0.34766084
0.34506193
0.351483
0.3537939
0.34983432
0.35125467
0.34842047
0.34540242
0.34483993
0.3472973
0.35345438
0.34350175
0.34958953
0.3499551
0.3487369
0.35039404
0.3442977
0.34807426
0.338543
0.3428913
0.34235767
0.34390953
0.34474173
0.3401439
0.34349194
0.33997536
0.33896598
0.33442336
0.3376358
0.33999345
0.33498648
0.33756503
0.33892927
0.33928174
0.33438107
0.33629048
0.3374935
0.33745602
0.33499086
0.3308676
0.33799124
0.33509558
0.33264422
0.33204004
0.33521938
0.33427715
0.3346819
0.32957
0.3357494
0.33497
0.33414203
0.33060396
0.32810763
0.3344461
0.33299127
0.3347715
0.3307417
0.33099362
0.33122373
0.33572868
0.32943824
0.32922077
0.33139238
0.32933986
0.33107632
0.3260262
0.3299249
0.33087984
0.33701307
0.33319092
0.33166265
0.3305877
0.3278503
0.32763854
0.3295903
0.32918254
0.33010727
0.32915652
0.32589698
0.33285612
0.32539737
0.3288221
0.32545575
0.33523902
0.33090836
0.3304892
0.33122617
0.32791355
0.33190164
0.3285903
0.3326602
0.3332208
0.32504198
0.3273106
0.32103395
0.32791576
0.32403415
0.32661134
0.329144
0.32116014
0.32740372
0.3327489
0.32667795
0.32484883
0.32475683
0.32107356
0.31905216
0.32282168
0.32358244
0.32070175
0.32809705
0.32185465
0.32427502
0.32038888
0.32455415
0.31583834
0.3216392
0.3202545
0.31650957
0.31623027
0.31693837
0.3196324
0.3207195
0.3190891
0.32272208
0.3167947
0.31993777
0.31509712
0.31610712
0.31959924
0.3134179
0.31877953
0.31832507
0.32167315
0.3188087
0.31159297
0.31916222
0.31835088
0.31540653
0.3154619
0.3153721
0.31459966
0.31266934
0.31663838
0.3190597
0.31749216
0.31290248
0.32013345
0.31097594
0.31225285
0.3138159
0.3183404
0.314097
0.31428194
0.31318775
0.31225306
0.314873
0.3114023
0.31577337
0.31490335
0.31471318
0.31579396
0.31378242
0.3146578
0.31313667
0.31111395
0.31196117
0.3147829
0.31711623
0.3104056
0.31133768
0.3244418
0.3154162
0.320303
0.31390432
0.3184208
0.31611165
0.31061092
0.313488
0.31426203
0.3174219
0.31971487
0.31393206
0.31016636
0.3118842
0.31614974
0.3100711
0.31667075
0.3133869
0.31629783
0.31113988
0.31690302
0.3166192
0.31183487
0.3153285
0.31186625
0.3157269
0.31461418
0.3180103
0.31599337
0.31889844
0.32384655
0.31435555
0.31447637
0.31651628
0.31603426
0.31706178
0.31387135
0.32154644
0.31673506
0.31298226
0.31274965
0.31561804
0.3160428
0.31779158
0.3148447
0.31923446
0.31513178
0.31798047
0.31329885
0.31639543
0.31539652
0.31511486
0.32047674
0.311628
0.31520692
0.31669834
0.32050475
0.31756786
0.32743573
0.3234976
0.3180043
0.3159326
0.3215561
0.32172707
0.3233216
0.31649393
0.32017744
0.32166258
0.32441252
0.31943306
0.3157028
0.31847242
0.32434043
0.3198843
0.32843485
0.31633693
0.31936827
0.3164335
0.313531
0.3214788
0.3217104
0.31285527
0.31850615
0.3145415
0.31323764
0.31280887
0.31520438
0.31452417
0.31923994
0.31141827
0.31221056
0.31872472
0.31947628
0.3126393
0.3210464
0.31762755
0.32142967
0.3151014
0.31378153
0.31835526
0.32041407
0.3153049
0.30975622
0.31737366
0.31369558
0.31600416
0.31154945
0.31299508
0.31279275
0.31446496
0.3156693
0.31335688
0.31762463
0.31218612
0.3054879
0.31369445
0.30960077
0.31629673
0.3107942
0.31590974
0.32354638
0.3153293
0.31313065
0.31105807
0.31800646
0.31315896
0.3170127
0.31678882
0.30977982
0.31613517
0.31357643
0.31644318
0.31402868
0.31693426
0.3140118
0.3194593
0.3179693
0.30802816
0.31665036
0.3136251
0.31444517
0.3125859
0.32664838
0.31574836
0.3115249
0.31412542
0.31550676
0.31277192
0.31133142
0.31529695
0.31747752
0.31766123
0.31572735
0.3140052
0.3098107
0.32181025
0.3091137
0.31998298
0.3157849
0.31637043
0.31496286
0.31679693
0.314693
0.3151824
0.3152186
0.31400362
0.3131686
0.31223685
0.31255034
0.30757526
0.30209318
0.30929565
0.30789346
0.3120829
0.311929
0.31579655
0.31328672
0.31264356
0.30867055
0.31264648
0.31151912
0.30629432
0.30424613
0.31006387
0.3054873
0.3128588
0.3032865
0.3050357
0.31283212
0.31313497
0.30635095
0.30642036
0.3076785
0.30349523
0.3083335
0.31283447
0.31233776
0.30530387
0.30687138
0.3058569
0.31469354
0.305941
0.3101184
0.31370434
0.3087287
0.3140413
0.30720547
0.30748087
0.30762258
0.31050742
0.30778867
0.30598065
0.30432582
0.31180492
0.3052919
0.3044916
0.3052318
0.3064787
0.31116223
0.30578798
0.30334723
0.30141637
0.3030076
0.29920292
0.30193177
0.301606
0.29717335
0.3011478
0.2965357
0.30120832
0.30282834
0.2956273
0.3021834
0.29983166
0.29824248
0.29654744
0.29555193
0.29740712
0.3017587
0.29240328
0.29827634
0.29838964
0.2990525
0.2983124
0.30089685
0.29633376
0.29259425
0.2904606
0.29768828
0.2915737
0.2902975
0.2891279
0.29519695
0.2938932
0.29517198
0.2910017
0.2929361
0.2938863
0.292671
0.294908
0.29055992
0.29054633
0.29498133
0.29420212
0.29075092
0.29170653
0.2889086
0.29220834
0.28486052
0.290624
0.29460832
0.28832346
0.2860636
0.29356816
0.2859421
0.29344967
0.2912655
0.2930122
0.29884207
0.28796843
0.2898332
0.29053208
0.29425365
0.29036784
0.2941176
0.2929033
0.29327986
0.29341
0.29495028
0.3006098
0.29212105
0.29423118
0.2910589
0.28912768
0.29472202
0.2898481
0.29087514
0.28656355
0.29151902
0.29546067
0.289768
0.29340962
0.29236194
0.2926631
0.29250118
0.29316247
0.2879188
0.29061785
0.29382887
0.2957299
0.28795767
0.28513947
0.2888727
0.29209554
0.29118454
0.2898583
0.28589207
0.28866047
0.28744504
0.28483334
0.28995278
0.28291696
0.28355142
0.28050962
0.27998322
0.28323716
0.28412813
0.28753668
0.28401965
0.28166655
0.28092748
0.27577105
0.277756
0.2791409
0.2756018
0.28095832
0.28109354
0.27445012
0.27830982
0.2761868
0.27632576
0.27387702
0.2768987
0.27834347
0.27316785
0.274693
0.2717124
0.2744083
0.28107914
0.27043504
0.2843355
0.2770894
0.27758196
0.27912182
0.2738021
0.27619
0.27647272
0.27677834
0.27486345
0.27609745
0.27867642
0.27846053
0.2760422
0.27544698
0.27792752
0.27279025
0.2736265
0.2765276
0.28063166
0.27224678
0.27726057
0.276534
0.28464985
0.26932785
0.27007526
0.27350625
0.2756942
0.26564434
0.27123034
0.27371138
0.27050364
0.26859808
0.279395
0.270761
0.26779044
0.27264008
0.27460635
0.2756705
0.2690494
0.26297507
0.27143288
0.26684105
0.26845625
0.2723292
0.26824114
0.2706635
0.27024525
0.27522627
0.27536395
0.26363078
0.26773766
0.274268
0.27164152
0.2778505
0.27276528
0.27351782
0.27632666
0.27099404
0.27063844
0.27080524
0.2700218
0.27454764
0.27036354
0.26692435
0.26620352
0.27521235
0.26621777
0.2732831
0.26859137
0.26626992
0.27161035
0.27140385
0.2684565
0.27238905
0.2681442
0.2721741
0.2625645
0.27035722
0.27058005
0.26681924
0.26536483
0.27425772
0.27276677
0.27246347
0.2683657
0.26777047
0.27167127
0.26925206
0.2771905
0.2715622
0.26915506
0.27728003
0.27582374
0.2748556
0.27568403
0.26474738
0.2748566
0.2739326
0.27154094
0.27475497
0.26794246
0.26576582
0.2713967
0.2724627
0.27215993
0.26925182
0.26469737
0.2721147
0.27300754
0.27269197
0.2751817
0.27110258
0.27102476
0.2701819
0.27294704
0.2638905
0.2636331
0.26753965
0.26872954
0.27613485
0.2770385
0.27132174
0.27292484
0.2722213
0.26448607
0.27407932
0.2657855
0.26985967
0.26993397
0.2715993
0.26764277
0.2676471
0.27257746
0.2696867
0.27433193
0.26479164
0.2691198
0.27259266
0.2701563
0.26134822
0.27059305
0.26903334
0.26276904
0.2673801
0.26550525
0.26445198
0.26324195
0.26222914
0.26028037
0.26990232
0.26721665
0.26871714
0.27082074
0.26708972
0.2657416
0.26160303
0.26246125
0.2627504
0.25821745
0.26329747
0.25886795
0.2592552
0.26791933
0.25679868
0.2648323
0.25691235
0.25530794
0.26067883
0.25225025
0.26136175
0.25641572
0.25757092
0.25329787
0.25613272
0.25423625
0.25227115
0.2538036
0.25444084
0.25448683
0.2518936
0.26217017
0.25188786
0.25623676
0.2577716
0.24942547
0.24804644
0.25279066
0.25352067
0.2513033
0.2504673
0.25676528
0.25210962
0.24868698
0.2558191
0.25349513
0.25369197
0.25158286
0.24517873
0.24894999
0.25080463
0.24948528
0.24694563
0.252894
0.24725595
0.24722347
0.24678673
0.24480328
0.24894372
0.2453526
0.25072515
0.24489717
0.24729529
0.24684018
0.2507996
0.24999526
0.24576312
0.24859561
0.2569093
0.2472702
0.25186953
0.24414244
0.24025415
0.24429922
0.25420305
0.24599725
0.2501656
0.24806075
0.25207102
0.24735567
0.24235472
0.25040612
0.24613154
0.24475695
0.24883108
0.2455654
0.24289756
0.24198215
0.24738021
0.24942602
0.24223728
0.25015908
0.24974698
0.2488494
0.24618463
0.24231134
0.23999634
0.24523914
0.24822061
0.24988513
0.24657057
0.24754919
0.25229836
0.25013307
0.2530654
0.24248661
0.24387036
0.24917111
0.2558056
0.24388503
0.24746777
0.24614415
0.25077912
0.24930505
0.25193164
0.24993868
0.2528427
0.25236192
0.2519283
0.25179124
0.250603
0.2486017
0.25015455
0.252263
0.24931954
0.24602394
0.24809092
0.25380775
0.24826549
0.24532709
0.25279856
0.24927427
0.25640452
0.25449395
0.25653487
0.24865235
0.24989507
0.25159845
0.25281316
0.25332293
0.24801801
0.25884464
0.25539204
0.25316265
0.2530507
0.2521643
0.25167757
0.24793467
0.2550568
0.24603991
0.24832529
0.2429652
0.25817543
0.24679467
0.24946053
0.24504125
0.24380684
0.2506561
0.24611154
0.23950088
0.23836926
0.24683148
0.24540976
0.246375
0.24268575
0.24983694
0.24771722
0.2455968
0.24629715
0.24324298
0.24170141
0.23934413
0.24271144
0.25108793
0.2475202
0.25445464
0.2530295
0.24263208
0.2477938
0.2529857
0.24337682
0.24308695
0.24773791
0.2424823
0.24732241
0.24710296
0.24492212
0.24908765
0.24841742
0.2369569
0.24931988
0.2430065
0.24311867
0.23881128
0.24520785
0.24472272
0.24647792
0.24029759
0.23659322
0.23616509
0.24074721
0.23950163
0.23753664
0.2439065
0.23743074
0.23938374
0.23260705
0.23503546
0.22881047
0.23273265
0.23246446
0.235004
0.23346101
0.23392113
0.23101209
0.2400147
0.23717663
0.23993196
0.23642296
0.23355338
0.23456207
0.23478724
0.24075271
0.23689182
0.23267563
0.23372947
0.23788252
0.23518582
0.23064406
0.23504354
0.23667677
0.23515826
0.23856752
0.24159923
0.2354823
0.23936398
0.23706219
0.23362142
0.23302622
0.2377603
0.2364993
0.2384244
0.23632777
0.24061164
0.24286719
0.2321625
0.23596573
0.24118072
0.24374297
0.23584944
0.24360427
0.23348388
0.23905121
0.24261643
0.23701218
0.23929884
0.24538834
0.24676368
0.23912832
0.24005948
0.23696558
0.23320201
0.2350017
0.23386392
0.24528866
0.24531938
0.23844396
0.24379715
0.24029474
0.24117431
0.23846747
0.23712368
0.24340108
0.24540278
0.23458564
0.23725748
0.24495707
0.2428265
0.2419827
0.24274743
0.23729554
0.23898973
0.24145807
0.24604136
0.2406571
0.23911086
0.23846266
0.24206029
0.24491982
0.23736952
0.23592459
0.23915373
0.2427925
0.23932314
0.2388621
0.24459638
0.24103451
0.23958786
0.23519093
0.24107777
0.2383496
0.23162161
0.23770091
0.23697273
0.23737878
0.23250607
0.24378484
0.2374891
0.23717505
0.23568927
0.23506738
0.23442131
0.24261144
0.23253334
0.2364593
0.23384272
0.23544925
0.2409034
0.23710814
0.23227067
0.23927647
0.23732775
0.23647873
0.23875807
0.23718062
0.2380062
0.23470932
0.23991539
0.24313852
0.23951732
0.24551342
0.22955397
0.2362929
0.23713072
0.23914036
0.23662718
0.24084508
0.23605505
0.23368041
0.22845025
0.23656693
0.23487055
0.23588836
0.23501591
0.23461735
0.23606789
0.23724654
0.23386866
0.23628592
0.23248063
0.23501496
0.23213592
0.23735128
0.23381725
0.2358194
0.23808995
0.23695882
0.24025433
0.23455752
0.23984525
0.24689785
0.2415502
0.2413561
0.23741972
0.23289742
0.23072949
0.23174967
0.23374675
0.23816422
0.23736404
0.23930667
0.23006107
0.2366047
0.24156645
0.237065
0.244143
0.23817477
0.23457664
0.23346625
0.22996393
0.23012735
0.23543434
0.2342539
0.23535584
0.2296595
0.22380444
0.2296985
0.23154382
0.2339608
0.23246138
0.22646578
0.22947223
0.22536673
0.23214397
0.2289598
0.22488879
0.22632754
0.22521514
0.22671613
0.22947052
0.22496532
0.22752291
0.23386565
0.22643074
0.22494005
0.22050497
0.22640586
0.23245583
0.22179165
0.23466296
0.22926165
0.2329695
0.22753102
0.22460085
0.22559991
0.22837095
0.23780613
0.23013644
0.22641554
0.2302144
0.23530084
0.22334746
0.22440791
0.2294402
0.2280075
0.22941267
0.23218983
0.22567384
0.23392917
0.23284227
0.22969359
0.23071674
0.22594088
0.22838196
0.22704789
0.23652779
0.22513999
0.22951132
0.22348061
0.22613247
0.22784504
0.22469856
0.21924248
0.2217642
0.22562443
0.22335994
0.22372843
0.22388802
0.2240637
0.23647209
0.222735
0.22720659
0.22438405
0.22335443
0.22795226
0.22873895
0.22546421
0.22557065
0.23069738
0.22876751
0.2260885
0.21668608
0.22656965
0.22124407
0.22438534
0.23220943
0.21953273
0.22265445
0.22766982
0.22232255
0.21666302
0.2210627
0.22956505
0.2202764
0.22810553
0.22440886
0.22300377
0.2256791
0.22280091
0.22434498
0.22600465
0.21800508
0.21522251
0.22125539
0.22496119
0.22360599
0.22656192
0.22583929
0.22484773
0.22425415
0.22527985
0.22606567
0.21899396
0.22778091
0.22274509
0.22344092
0.22375481
0.21825528
0.2232484
0.22800763
0.22186334
0.21934478
0.21326305
0.2202884
0.2218448
0.21599181
0.22148322
0.21680638
0.21886434
0.21921541
0.22246751
0.22429071
0.22015926
0.21755849
0.22168982
0.22227286
0.22293365
0.21805236
0.22067694
0.22009549
0.23019849
0.22205965
0.22080146
0.21846482
0.22061324
0.22094403
0.22242561
0.22261052
0.21664503
0.22378537
0.21548083
0.22337475
0.22022548
0.22047192
0.22406948
0.21878378
0.22348887
0.22604434
0.22200504
0.22712423
0.2197166
0.22076936
0.22705784
0.22053333
0.22597511
0.21883425
0.2191986
0.21814401
0.22215629
0.22319819
0.22091533
0.22256528
0.22117032
0.22622518
0.22764027
0.21928692
0.21931063
0.22608867
0.22070763
0.21672635
0.22063325
0.2175643
0.21251418
0.21659309
0.2181973
0.218335
0.22292757
0.21687432
0.21452841
0.22822781
0.21812163
0.22073898
0.21655928
0.22001657
0.21005028
0.22021823
0.21350741
0.2149803
0.21579498
0.21526758
0.22316183
0.21364997
0.21874958
0.21190958
0.21933775
0.20761615
0.22436267
0.20597729
0.21130705
0.21460158
0.21149062
0.21710137
0.21733825
0.21657312
0.21107507
0.21377333
0.20816469
0.21521854
0.21137479
0.21667401
0.21819016
0.21011007
0.21532583
0.21165526
0.2067866
0.21393229
0.21387394
0.21314216
0.20570645
0.21079108
0.2149531
0.2156151
0.21586394
0.2072228
0.21470648
0.21003279
0.20768669
0.21380584
0.21400638
0.20981745
0.20964684
0.21301769
0.21204303
0.2103649
0.21141292
0.2120698
0.2088883
0.21047674
0.21101879
0.20853269
0.21131966
0.20533203
0.20921357
0.20760296
0.21184818
0.2139582
0.20957601
0.21019031
0.20643106
0.20473252
0.20998688
0.210488
0.20075047
0.20494035
0.20569232
0.20550732
0.20696673
0.20936261
0.2103477
0.2103981
0.20582247
0.21251155
0.20331961
0.2062875
0.21498454
0.2065428
0.20640223
0.2086646
0.20820719
0.20944194
0.20440024
0.21244511
0.20685863
0.20532852
0.2042169
0.21130677
0.19973671
0.20438123
0.2058449
0.20705266
0.20622465
0.20238562
0.20158152
0.20259158
0.1993825
0.20368536
0.20093375
0.20013835
0.19945031
0.20533228
0.2043969
0.20435736
0.20628732
0.20056386
0.20200513
0.19925134
0.20412782
0.20349021
0.20577778
0.19772579
0.20532921
0.194824
0.19698744
0.20301117
0.20510533
0.1937322
0.20130491
0.20475563
0.20460035
0.20403446
0.20431697
0.1995522
0.20117
0.2005347
0.20063607
0.19762093
0.2031306
0.2020707
0.19725572
0.2045291
0.19910353
0.20490727
0.19667447
0.20328334
0.20361188
0.20425376
0.20015801
0.20059387
0.1985743
0.20883934
0.19801359
0.19390555
0.19507603
0.2001796
0.1986205
0.19549626
0.19982068
0.2025302
0.20011923
0.20243625
0.2012614
0.20062482
0.20385028
0.20335071
0.1950143
0.19676262
0.20013669
0.19420525
0.19647288
0.19670561
0.19773541
0.20176007
0.19581817
0.20218718
0.19932745
0.19773196
0.2048319
0.20073947
0.1940966
0.19629887
0.19262832
0.19345413
0.19330393
0.19722962
0.19871141
0.1985408
0.20300962
0.1961804
0.1994566
0.19631337
0.19488506
0.20201328
0.19784276
0.19356705
0.19260813
0.19091216
0.19420184
0.19652775
0.19788726
0.19741389
0.19392005
0.1930879
0.19238032
0.19142663
0.18510027
0.19311701
0.19125298
0.19335106
0.18975934
0.19665033
0.18994057
0.18682727
0.1995983
0.19282618
0.18799515
0.18949187
0.19078988
0.18342192
0.18784647
0.19310983
0.18688202
0.18700363
0.18582945
0.19030324
0.18664198
0.18964808
0.19213891
0.18553464
0.18876506
0.1890393
0.1817987
0.18827519
0.18977953
0.19096112
0.18805917
0.19045092
0.18624978
0.18371841
0.18561174
0.1816175
0.18728979
0.18808666
0.1853553
0.18877041
0.19110139
0.18275167
0.18956763
0.18429582
0.18559349
0.18498607
0.18870121
0.18684393
0.18653256
0.19294019
0.18069454
0.18823445
0.1797684
0.18562895
0.18899088
0.1841993
0.19440305
0.18423216
0.18209587
0.18337739
0.18096359
0.1820337
0.18770656
0.18641427
0.18740468
0.18402086
0.18643595
0.18427184
0.19365513
0.18520433
0.17936188
0.18522255
0.18095651
0.1876836
0.17830633
0.17645559
0.18122533
0.18487127
0.18543574
0.18623847
0.18212792
0.17885542
0.17628486
0.18262507
0.18237466
0.18194716
0.18656588
0.1928192
0.18061905
0.18293862
0.18723455
0.17814197
0.18761602
0.1853052
0.18640222
0.18487833
0.17750493
0.18016344
0.18071876
0.1838141
0.18577597
0.18541642
0.18774237
0.18845375
0.19307038
0.18732755
0.180665
0.18735483
0.1872664
0.18395889
0.18395185
0.18483692
0.18229422
0.18719965
0.18092911
0.1780012
0.18740481
0.18558756
0.17709288
0.18353117
0.18105572
0.18502973
0.18130042
0.1801338
0.18694155
0.17679685
0.17814812
0.18188153
0.18060513
0.18986356
0.1871211
0.1792973
0.1861455
0.18041432
0.18028294
0.17636314
0.17869152
0.1785713
0.18489292
0.17043987
0.18117236
0.17750053
0.17939271
0.17857222
0.17208515
0.1716002
0.18042372
0.17267294
0.17942588
0.177148
0.18039282
0.1738926
0.17496747
0.17696312
0.17353679
0.17784731
0.16949901
0.17049196
0.17440645
0.17379995
0.17486672
0.17716835
0.17301492
0.1706548
0.1787002
0.17550528
0.17644942
0.17504944
0.17443779
0.17440477
0.16998695
0.17643738
0.17154874
0.17628482
0.16774498
0.17878254
0.16952865
0.17030668
0.17016976
0.17022875
0.17766841
0.17441967
0.17500672
0.17838399
0.17037061
0.1665768
0.16637273
0.16984212
0.17304382
0.1701708
0.17037074
0.1686352
0.17451619
0.16929632
0.16666643
0.17212424
0.17610851
0.16898954
0.16905251
0.1743683
0.17307654
0.16988659
0.17167553
0.16940291
0.17680553
0.16683614
0.17578138
0.17807133
0.16914485
0.17094249
0.1762692
0.1704708
0.16915372
0.16735315
0.16593876
0.17368382
0.17434719
0.16970694
0.16854918
0.16873403
0.1752428
0.16445969
0.17069136
0.17104338
0.17658783
0.16994959
0.16170166
0.16510378
0.17233041
0.1629568
0.16063932
0.16856708
0.15980378
0.16727196
0.16464236
0.16415545
0.16712064
0.16935155
0.16810378
0.16176814
0.16272226
0.1667299
0.16524394
0.166547
0.16844423
0.16075857
0.16609578
0.16297437
0.15934007
0.16230942
0.1587695
0.1690587
0.15814582
0.15436979
0.15639077
0.16583644
0.1533662
0.16459021
0.16554505
0.16708322
0.15865676
0.15688832
0.15631728
0.16220401
0.16245249
0.1627801
0.16440538
0.15880646
0.15966333
0.15746921
0.15974993
0.16133787
0.15503469
0.1592759
0.16354308
0.1665543
0.15584067
0.16581482
0.1606778
0.16139291
0.15510677
0.15795049
0.1605005
0.154181
0.16488363
0.160956
0.1617354
0.16953121
0.15725704
0.16496475
0.16209269
0.15969679
0.15809873
0.16189548
0.16189553
0.16290131
0.16322505
0.16265343
0.16608083
0.16395557
0.16458537
0.16297087
0.16663337
0.16326381
0.16303444
0.16385658
0.15948045
0.15912296
0.17131037
0.15703939
0.15976815
0.1628449
0.16259438
0.15978822
0.16031449
0.16114984
0.16383664
0.15704218
0.16068481
0.15786837
0.16409056
0.15214148
0.15555237
0.15273017
0.16094959
0.15704684
0.16230883
0.14807539
0.15418777
0.16471818
0.1531961
0.15337323
0.14959405
0.14886262
0.14826836
0.16362442
0.1519532
0.15392902
0.15600902
0.15391307
0.157646
0.15837918
0.15743817
0.15932299
0.16015805
0.1498733
0.15613243
0.15523085
0.15393014
0.16310538
0.15689282
0.16136722
0.16029237
0.16001317
0.15911548
0.15621208
0.15617262
0.1605448
0.15472896
0.16288608
0.1590934
0.15539032
0.15692085
0.15811177
0.15607737
0.15616798
0.15556167
0.16376387
0.15255608
0.15853289
0.15912698
0.15706472
0.15624331
0.15380074
0.15632702
0.15771909
0.16268815
0.15733008
0.1571677
0.16601671
0.16611654
0.16228361
0.16251181
0.15194406
0.1653791
0.15706904
0.15759692
0.16211343
0.15647238
0.16018276
0.15623645
0.16722858
0.16245876
0.15424506
0.15767638
0.15858349
0.16312745
0.16052036
0.1578274
0.1556356
0.16511555
0.15743692
0.1650965
0.15649147
0.15793195
0.16033272
0.15337501
0.15849042
0.16009527
0.1584577
0.16374904
0.14740844
0.15534285
0.15783404
0.15362684
0.15532936
0.15327923
0.15140755
0.15458764
0.15721563
0.15238415
0.15595292
0.1554491
0.15242274
0.15760335
0.15355198
0.15649052
0.15521108
0.15411122
0.1624463
0.16002433
0.15735346
0.15246329
0.1524022
0.14617409
0.15132007
0.16541944
0.16288565
0.15636586
0.16340683
0.15631716
0.1534696
0.15424576
0.14901912
0.15396902
0.15433535
0.15048262
0.14621489
0.1528057
0.14897786
0.15091442
0.15547001
0.15080772
0.14936541
0.15255798
0.15534948
0.15727782
0.15105477
0.15061648
0.1570266
0.15570833
0.1468155
0.15304098
0.15131822
0.15674789
0.15284742
0.15328181
0.15260236
0.15236472
0.14955892
0.15752454
0.15134223
0.1538499
0.15850411
0.15259747
0.1468941
0.15076275
0.15474509
0.14308254
0.15162843
0.16191244
0.14845662
0.14926337
0.15862072
0.15334702
0.1515761
0.15211731
0.15416873
0.15449293
0.1444098
0.14741471
0.15513062
0.15007335
0.15447822
0.15121917
0.14781708
0.14564824
0.15436117
0.15044513
0.14812331
0.14861266
0.14725104
0.14713609
0.15200183
0.1474931
0.14640005
0.14890453
0.14607926
0.15253611
0.14418334
0.15773621
0.15624025
0.1533549
0.15435556
0.15363458
0.14713717
0.14758606
0.15005608
0.15379533
0.14939386
0.14261515
0.1524004
0.14736964
0.14997594
0.1494908
0.1522131
0.14113344
0.14988703
0.15136802
0.14749488
0.14806114
0.15087982
0.1506462
0.15529227
0.14962856
0.14938693
0.14342625
0.14653717
0.1515294
0.14885497
0.14982887
0.1500242
0.1487657
0.1580066
0.15369663
0.14465906
0.14986032
0.1492649
0.14129469
0.14312351
0.14428622
0.14789025
0.15006426
0.14790988
0.14724049
0.15314181
0.14938599
0.14525627
0.146483
0.14393133
0.15036371
0.15233284
0.14513977
0.15323529
0.15320459
0.15139097
0.148601
0.14613591
0.1509712
0.15028729
0.14574896
0.15468578
0.14919996
0.15633926
0.15084982
0.15527594
0.15087672
0.14826655
0.14723098
0.15041725
0.14051025
0.13990493
0.14810938
0.14105633
0.14483829
0.142555
0.15144533
0.14566626
0.15030135
0.14561269
0.1392018
0.15163727
0.15246004
0.14368086
0.15188706
0.14981201
0.13656883
0.14962907
0.15313946
0.14526036
0.14166354
0.14802505
0.14717269
0.14187925
0.1349603
0.14391084
0.13817853
0.14008254
0.14079857
0.14395578
0.14031073
0.14680356
0.14339428
0.13971281
0.14402664
0.1416514
0.1386204
0.14409615
0.14130105
0.14772716
0.14050382
0.14344187
0.14520319
0.14688978
0.14041768
0.14564684
0.14054321
0.14886427
0.14985889
0.13724537
0.14024666
0.13512385
0.13800496
0.1368832
0.13286507
0.1411249
0.1356581
0.14025442
0.13707761
0.1365162
0.1298955
0.13641939
0.13611536
0.13088766
0.1387283
0.13165712
0.13299803
0.13217486
0.12910242
0.13656808
0.125353
0.124549806
0.12777072
0.13920262
0.13247205
0.13372785
0.13179572
0.12670861
0.13315338
0.13201399
0.13203943
0.13119537
0.12434048
0.12637702
0.12396554
0.13352191
0.1296124
0.13111955
0.1306613
0.13366471
0.12164694
0.12399359
0.12424988
0.12612298
0.12798901
0.13276619
0.13020582
0.12349386
0.12742734
0.13236892
0.124254756
0.12508678
0.12639515
0.12653528
0.12646192
0.12735021
0.13203166
0.13260613
0.124755636
0.13701686
0.12839054
0.13076517
0.1250659
0.12519993
0.12735952
0.13238081
0.12666956
0.13419229
0.13042536
0.13565673
0.12735105
0.1219542
0.12814105
0.12782054
0.13097598
0.12604387
0.12482233
0.13052338
0.12788518
0.12834756
0.12775193
0.1261708
0.12948793
0.13033709
0.12680522
0.12402441
0.13135399
0.12025387
0.13097487
0.11834382
0.12730487
0.12780961
0.11947734
0.12853643
0.12421722
0.12510137
0.13009575
0.12553182
0.120784976
0.12769891
0.12860833
0.12896954
0.123577476
0.13185239
0.124643594
0.13197075
0.12151372
0.12230148
0.12691845
0.12294985
0.12322518
0.124929965
0.12734446
0.12869985
0.12517413
0.1296266
0.117455065
0.12655292
0.1277996
0.12749608
0.12394577
0.12224432
0.1255663
0.124467075
0.12970199
0.1210466
0.1289658
0.12461874
0.12961121
0.124247156
0.12823544
0.12023666
0.13007721
0.12270772
0.12672551
0.12214456
0.12847312
0.13408391
0.12450798
0.12641294
0.12279616
0.12895691
0.12592109
0.1363965
0.12542753
0.12702326
0.134436
0.12609638
0.12673075
0.13726246
0.13430654
0.13979298
0.13182469
0.12727638
0.13122284
0.13194478
0.14046133
0.13436186
0.12945504
0.12963697
0.12916876
0.12980649
0.13277355
0.13942587
0.13279009
0.1278346
0.12959327
0.1307451
0.12543446
0.13459714
0.13671724
0.12956826
0.13223875
0.13374145
0.12960392
0.13481115
0.13988265
0.12749074
0.1304467
0.1252919
0.12257858
0.13796988
0.13058788
0.12998979
0.13461876
0.1350894
0.12990342
0.124585934
0.13068691
0.13542947
0.1274497
0.13416037
0.13319506
0.1232925
0.13301647
0.12556386
0.13257529
0.13097762
0.12858652
0.12931097
0.12643781
0.13176748
0.12513153
0.13403341
0.14079952
0.14243007
0.13501361
0.1336612
0.12657578
0.13391347
0.12985769
0.12997386
0.12676115
0.13369264
0.13842382
0.12918596
0.12604633
0.12549047
0.12750652
0.130946
0.13270836
0.13457257
0.1273934
0.12826483
0.12310689
0.13446411
0.1325259
0.1212856
0.13120939
0.13523488
0.12730347
0.13056134
0.13022478
0.12806793
0.12827796
0.1232258
0.13311616
0.1256006
0.12419191
0.1284413
0.12382651
0.12218255
0.11964709
0.117917545
0.1264554
0.13348755
0.123161174
0.12076197
0.119937204
0.12121034
0.12197615
0.12031881
0.1152118
0.12572464
0.12254258
0.12385225
0.115019135
0.121768475
0.11951664
0.11798943
0.12247274
0.11444591
0.1161007
0.12127632
0.118399814
0.11810899
0.12170912
0.121889845
0.122414485
0.11056726
0.10897194
0.11585082
0.120572776
0.11904249
0.117071986
0.112360105
0.115331076
0.112710685
0.11965144
0.12114354
0.11762307
0.11515363
0.121453665
0.12389482
0.12027504
0.12291085
0.115538366
0.118202955
0.116927885
0.12307074
0.122382954
0.11724514
0.122412734
0.122947596
0.12839057
0.12018483
0.122762494
0.12033593
0.12246808
0.11891895
0.11617185
0.12301822
0.12227852
0.12416672
0.11773197
0.12891836
0.12012272
0.1224478
0.1307381
0.11897499
0.12532914
0.12233679
0.11967623
0.12020831
0.12086816
0.12265767
0.1268798
0.12325533
0.122648336
0.124319606
0.128224
0.12026643
0.1289064
0.12031222
0.11893868
0.11744442
0.120827675
0.12136079
0.12008535
0.116364196
0.12234719
0.124941446
0.11672413
0.12582444
0.11794051
0.1251797
0.120930456
0.11875237
0.1218911
0.12920982
0.121020585
0.124101855
0.1277496
0.12216486
0.1169884
0.12230161
0.12572247
0.12627836
0.114846915
0.1190621
0.120074965
0.11043304
0.11280495
0.11934754
0.12139154
0.11528718
0.11756096
0.11444831
0.116930574
0.11997427
0.1118089
0.10863946
0.11735904
0.107397646
0.111455694
0.11401894
0.11874197
0.11700961
0.11111087
0.1140432
0.11724236
0.119140334
0.11792895
0.115941435
0.116165
0.11214341
0.11401488
0.10848881
0.11289024
0.108788714
0.11771498
0.11406011
0.111450456
0.11774425
0.121149175
0.10940364
0.10619066
0.11579753
0.110514574
0.11616651
0.11832258
0.10743122
0.1141829
0.11361315
0.11498714
0.11265903
0.10969995
0.10891894
0.11476577
0.11810766
0.12393607
0.11435496
0.11528254
0.11136788
0.11344917
0.11408994
0.112682626
0.10837774
0.11137935
0.108967565
0.1189631
0.11525602
0.104038835
0.115385614
0.11242945
0.11294439
0.11858468
0.12031369
0.12206183
0.11243141
0.10983723
0.11873661
0.115602516
0.11837843
0.11194405
0.11447365
0.11326033
0.115721114
0.11594002
0.11119008
0.11724925
0.11836818
0.119421504
0.11105566
0.119733416
0.10602259
0.110219054
0.11243364
0.12056865
0.12002792
0.11783066
0.12485532
0.10958003
0.11420982
0.11054456
0.113285206
0.10791572
0.109890975
0.118127234
0.114914015
0.11029339
0.10987277
0.10994008
0.10865415
0.10592393
0.116972804
0.10712281
0.11538824
0.121093325
0.10919151
0.11180291
0.114784405
0.1097741
0.10908812
0.11084997
0.11755804
0.10383723
0.11211517
0.11528268
0.11515275
0.10882304
0.108420044
0.11513809
0.12047811
0.10993128
0.11012868
0.1130059
0.1146511
0.12027633
0.11076084
0.1109914
0.110213295
0.118882224
0.11475665
0.120378114
0.10988292
0.109373406
0.11201573
0.11282934
0.1131776
0.10966268
0.112242475
0.11233172
0.11211695
0.107184745
0.11226517
0.11309071
0.10710251
0.1164449
0.11468998
0.107759856
0.114212684
0.10959273
0.11329703
0.10513475
0.11654883
0.11340903
0.10214215
0.10708923
0.11209796
0.113719
0.11004942
0.107392825
0.11039012
0.10486686
0.10990886
0.11033993
0.11283612
0.1092937
0.10755017
0.110358536
0.11228653
0.10871057
0.11014398
0.106936485
0.11206429
0.10983955
0.10484598
0.10819195
0.10663466
0.111678116
0.114751324
0.10810802
0.11928204
0.116958976
0.109114796
0.11570803
0.10960746
0.11752692
0.1203527
0.11780958
0.10921931
0.1115706
0.105082594
0.10670372
0.11730331
0.11075099
0.10544381
0.118807614
0.105054624
0.11723475
0.116383396
0.11927598
0.110993296
0.10429373
0.11030605
0.10544194
0.11401455
0.11637429
0.11291021
0.11334199
0.11187687
0.11028143
0.10953644
0.10994701
0.11866318
0.105757385
0.11286406
0.110902056
0.11133293
0.11529715
0.111627296
0.10680882
0.109936304
0.10542109
0.10514207
0.110052325
0.11492811
0.11515107
0.11090411
0.11367022
0.110101715
0.11594319
0.11978214
0.10567939
0.10736383
0.1121365
0.106523566
0.110429555
0.107807465
0.11662039
0.10670632
0.10169314
0.10842518
0.1036671
0.10318198
0.1140253
0.11108311
0.11176774
0.10726301
0.11210779
0.11260552
0.10727096
0.103771105
0.11210694
0.10700155
0.1151738
0.10917569
0.12028804
0.09837311
0.1099207
0.11513997
0.107372776
0.10760146
0.10256971
0.10244473
0.11316973
0.111003295
0.11360702
0.10546202
0.107312776
0.10188131
0.1147179
0.10177796
0.10493806
0.10502363
0.10709135
0.1090397
0.10472354
0.103411935
0.103076324
0.10641725
0.10401166
0.09740199
0.10133024
0.10556655
0.11834887
0.10217777
0.10560657
0.10482677
0.1017055
0.10448033
0.102349594
0.102033176
0.104182646
0.09650442
0.09908666
0.10186896
0.09781801
0.10405385
0.10315459
0.106043935
0.10110859
0.09792012
0.09569141
0.09700665
0.103703246
0.10657643
0.09552115
0.10050583
0.10454116
0.09807346
0.10077886
0.10265706
0.09181489
0.10236296
0.09993755
0.106771864
0.09518956
0.105127245
0.09210313
0.10594522
0.09860598
0.099044815
0.09914938
0.10965296
0.11261099
0.09252527
0.100696586
0.10413407
0.09206419
0.0996173
0.08970601
0.09437272
0.09411321
0.094128974
0.10411934
0.0960515
0.09751463
0.09364523
0.09728278
0.099319555
0.09338216
0.092176914
0.09281508
0.098400936
0.097358815
0.09295652
0.094717026
0.093002275
0.094042905
0.09566232
0.091784306
0.0987233
0.096538715
0.088873975
0.099820666
0.09787236
0.094835624
0.09897986
0.095699884
0.09355679
0.09936179
0.09505197
0.09473166
0.099280804
0.096236534
0.08843142
0.09246995
0.098045625
0.10509434
0.09513238
0.086113065
0.09250921
0.090509556
0.089412384
0.102510475
0.090179406
0.09246616
0.08566635
0.09533274
0.09540377
0.089586064
0.09046445
0.09230563
0.0865149
0.086329654
0.09701255
0.09843601
0.088535674
0.08931444
0.100703135
0.09392928
0.09145285
0.08790556
0.09552711
0.08942535
0.09454604
0.08751524
0.094415404
0.09435584
0.086263776
0.090311326
0.099181324
0.10413287
0.09479376
0.08872116
0.0950412
0.09894607
0.09658096
0.101111144
0.092157364
0.094656326
0.09022496
0.09403662
0.097238034
0.09697522
0.09636149
0.09619638
0.093466625
0.095338896
0.09292698
0.09700744
0.09720549
0.09638171
0.09385115
0.09128571
0.089989536
0.10334564
0.094296634
0.08941591
0.09772124
0.0926474
0.09952958
0.09771194
0.092162795
0.085237935
0.08838334
0.08986865
0.09406762
0.090596735
0.091804616
0.09972128
0.09733208
0.096127294
0.08751234
0.093590625
0.08720409
0.08969184
0.086530834
0.090353146
0.08887292
0.09342953
0.08621513
0.08696225
0.085977316
0.08989637
0.08314108
0.09985425
0.099983536
0.08572482
0.08966571
0.084222846
0.086187415
0.094246596
0.08134153
0.094192855
0.08781774
0.088636436
0.089469485
0.08854866
0.092530906
0.09682386
0.091173634
0.09546475
0.09366814
0.093720295
0.09507224
0.08723239
0.0919541
0.09917439
0.09676175
0.098094195
0.09404739
0.09048473
0.094991416
0.09230771
0.08885587
0.09102201
0.09387441
0.092081964
0.08874695
0.09470223
0.0888342
0.089858204
0.08949362
0.0904125
0.08901025
0.09408853
0.100881204
0.092941284
0.092829876
0.09298985
0.10010767
0.09064705
0.09370393
0.08559311
0.09521844
0.100326836
0.08818836
0.09336355
0.08787722
0.08940685
0.096381746
0.09301646
0.09074751
0.09151817
0.085605346
0.078381844
0.09228717
0.08900704
0.08601506
0.087678455
0.08665916
0.08520861
0.08862985
0.08597627
0.08949083
0.09070129
0.09428254
0.087197274
0.09046804
0.093908235
0.08608589
0.085537486
0.09227353
0.09542729
0.08872204
0.092029676
0.087624945
0.08710902
0.096191786
0.09945179
0.09208003
0.08480068
0.090298764
0.09377297
0.085345894
0.092740424
0.09399756
0.09660126
0.084598646
0.098194666
0.090063214
0.0931561
0.08932367
0.09690359
0.09130555
0.093578584
0.09412718
0.091033936
0.09516851
0.09256468
0.092011586
0.09800884
0.09026883
0.098305054
0.091533735
0.09198408
0.09320582
0.088015795
0.102453925
0.09507371
0.09937904
0.09702174
0.09301466
0.09270381
0.09931546
0.09031288
0.091315605
0.09283408
0.088081166
0.0972642
0.092609316
0.08528695
0.08758573
0.092352554
0.09093835
0.091980696
0.09179746
0.08792502
0.09104693
0.086606644
0.10697291
0.09711947
0.08697502
0.09051025
0.101408154
0.09011179
0.08748044
0.08956108
0.08957411
0.09288107
0.10608995
0.078794226
0.08608954
0.10985097
0.094054714
0.09922413
0.083959766
0.0926238
0.0948589
0.08998481
0.09338286
0.08813886
0.09805544
0.09216098
0.08922202
0.09346181
0.089458235
0.08754514
0.09073591
0.089731924
0.079985425
0.08110469
0.09458858
0.081307955
0.08910943
0.08752138
0.09209832
0.08722882
0.08290339
0.08073668
0.07747632
0.0908976
0.083145395
0.08174251
0.09388638
0.08767839
0.083541244
0.09259273
0.09293313
0.091606244
0.09146764
0.0850746
0.07973226
0.09177944
0.08943868
0.08624038
0.08814834
0.0908505
0.08352147
0.09010716
0.092531025
0.08843253
0.07888492
0.09300335
0.08524034
0.0913267
0.08560471
0.07854331
0.08046132
0.08144594
0.085667
0.08321311
0.089710474
0.09216503
0.089738026
0.081409596
0.097376436
0.08687952
0.083270505
0.08069142
0.09567581
0.087474704
0.0858038
0.083056666
0.08530687
0.08850465
0.08325783
0.084338576
0.08151323
0.08911505
0.07821824
0.08313299
0.092712425
0.08321435
0.08148144
0.08483769
0.08981417
0.08395121
0.105788805
0.077623606
0.08552048
0.08327998
0.0868896
0.08117057
0.0787675
0.090250224
0.0802817
0.07903396
0.08414689
0.07893877
0.09133456
0.0789808
0.0820513
0.08146602
0.09107047
0.077835634
0.08688576
0.089098215
0.08022319
0.08512278
0.08773013
0.08232282
0.08276497
0.07911608
0.07857843
0.087977774
0.08729096
0.08279289
0.08564438
0.0815849
0.08595801
0.07724926
0.076196514
0.07842506
0.083424576
0.076377705
0.07356468
0.075574726
0.07958017
0.07694002
0.07765911
0.0817503
0.078892976
0.08447512
0.079618536
0.080282435
0.07982789
0.07710716
0.0757793
0.07462387
0.07335995
0.075577326
0.082520105
0.07470954
0.072947875
0.07406195
0.07542919
0.076578096
0.080717064
0.07705102
0.074861735
0.07360463
0.072664805
0.072017916
0.07223769
0.074157104
0.07624419
0.07677396
0.07568272
0.0749417
0.07248462
0.071896695
0.069237866
0.07141855
0.071360804
0.07297472
0.07447418
0.07634146
0.07441453
0.07270633
0.07135519
0.073595084
0.07361827
0.07443955
0.07391684
0.07292969
0.07043954
0.07251866
0.07344425
0.078081734
0.07679881
0.07727522
0.071662486
0.07202755
0.07218013
0.076189466
0.07667053
0.07647738
0.075829856
0.07727857
0.07592013
0.07858664
0.079477236
0.08446724
0.080396324
0.079613514
0.0781211
0.078741156
0.075564414
0.075565256
0.07609668
0.078086935
0.07894175
0.07963255
0.07975377
0.077601105
0.0753564
0.07339459
0.076585546
0.075582504
0.07720497
0.07521404
0.07733114
0.076174356
0.07821858
0.07925594
0.08049982
0.08100337
0.077695295
0.07716213
0.07395346
0.07536022
0.07372153
0.07479318
0.07413376
0.076551616
0.0782444
0.07963842
0.080491796
0.08117016
0.08029325
0.078944325
0.080288045
0.084220625
0.084795274
0.08050804
0.07786623
0.078423284
0.07975401
0.07951313
0.07909962
0.07883073
0.08398726
0.09466042
0.082946695
0.07871006
0.08413812
0.08232952
0.08174364
0.076265946
0.076763466
0.076620854
0.07959425
0.07786829
0.07547162
0.07432667
0.07606699
0.077058226
0.07764477
0.077321194
0.07569125
0.073204175
0.07150033
0.074517086
0.078267805
0.08081345
0.082982905
0.08197855
0.08230386
0.07849977
0.077007174
0.072859794
0.07575243
0.07569891
0.077812575
0.078081734
0.08001362
0.08062048
0.07837899
0.078336164
0.080695495
0.08211126
0.08158766
0.08255741
0.08183919
0.08209789
0.08222427
0.08321729
0.0837187
0.08093647
0.082855664
0.08341147
0.08518293
0.084232725
0.08590678
0.08302837
0.08090272
0.0777457
0.0837387
0.08571334
0.08844839
0.08544725
0.09132344
0.10281821
0.09105552
0.084379904
0.08315622
0.08522871
0.0858734
0.08427242
0.085707754
0.08795425
0.09097048
0.089889355
0.091865115
0.089665785
0.08892904
0.08557419
0.084502436
0.08982226
0.09889923
0.09220522
0.09163013
0.09603339
0.09801788
0.09556681
0.092693515
0.086548485
0.08949213
0.08904908
0.09928717
0.11121234
0.09383608
0.08457448
0.085056365
0.08571568
0.08597139
0.08734071
0.08810697
0.08865461
0.087586135
0.08588721
0.08568318
0.08459352
0.08400857
0.08827047
0.08853539
0.088041
0.08628505
0.09063296
0.09128445
0.08945038
0.086464584
0.09130486
0.092713125
0.09028906
0.089795575
0.08847274
0.09134979
0.08919098
0.08995316
0.088876754
0.08687035
0.085933566
0.085651495
0.08847695
0.085838325
0.0846087
0.08120171
0.08277847
0.083713636
0.08363238
0.08448861
0.0855599
0.087022185
0.086219296
0.08607607
0.08485724
0.08340269
0.08187988
0.08023742
0.08163883
0.08069679
0.08557937
0.08037443
0.082245745
0.07942362
0.08306317
0.081006855
0.07677553
0.08057349
0.08384447
0.09119375
0.08537505
0.083011985
0.07723626
0.08026901
0.07964581
0.08194379
0.083746865
0.0879747
0.089688234
0.08939344
0.08603065
0.08690497
0.08583624
0.09023488
0.08938454
0.08995346
0.08734847
0.08611523
0.08737082
0.08417507
0.0809513
0.07879988
0.08098642
0.082417496
0.085337766
0.08543075
0.086086325
0.08154432
0.07973456
0.07908805
0.08347996
0.08411452
0.08623154
0.08162355
0.085584745
0.08402105
0.08721566
0.08457381
0.08454151
0.08104704
0.07922522
0.076091535
0.08313143
0.08509312
0.0885655
0.082296886
0.08264669
0.08427047
0.082287155
0.08249368
0.07880072
0.07835524
0.07708957
0.07633024
0.076224394
0.07297602
0.07438458
0.0813185
0.0847335
0.08819326
0.08375802
0.0822968
0.07911685
0.0794084
0.07811277
0.075393364
0.07313448
0.07075636
0.0740801
0.07572331
0.08181815
0.08245224
0.08218454
0.0814317
0.07551659
0.07724832
0.076055676
0.07783657
0.07860706
0.07875092
0.08090662
0.090793855
0.08879402
0.091261804
0.08073665
0.08132295
0.08034217
0.08001607
0.07971161
0.078925215
0.07626111
0.07773043
0.07836978
0.07945358
0.07552688
0.07777377
0.080245875
0.085746236
0.08254734
0.07754071
0.07747218
0.07775096
0.08168993
0.079187445
0.077563606
0.07845053
0.07982988
0.08337007
0.08091797
0.078540266
0.074521914
0.07645497
0.07964922
0.08196694
0.07906536
0.078392476
0.0767068
0.07893807
0.08078253
0.08161881
0.07917427
0.07565921
0.07859118
0.07949807
0.078584775
0.07358281
0.07774303
0.07867854
0.07708535
0.07373777
0.07833055
0.08129605
0.08499715
0.08133595
0.07969253
0.07400459
0.07457579
0.07651322
0.07894384
0.07396308
0.0768296
0.07532217
0.078855105
0.076098025
0.07848464
0.0786528
0.08250249
0.083050445
0.08329508
0.08025858
0.08203869
0.08261795
0.08710434
0.08523853
0.08426118
0.084018596
0.08815641
0.09438868
0.09008749
0.08578678
0.079415575
0.0797501
0.08211516
0.08714175
0.08592207
0.086576775
0.083375126
0.0821454
0.07798859
0.07669764
0.08033396
0.084085405
0.086127944
0.08672303
0.08559108
0.085320055
0.08634176
0.085455485
0.086429834
0.08272893
0.07866523
0.07740634
0.079476744
0.08369227
0.082919136
0.084787205
0.083968475
0.08402851
0.081096835
0.07904169
0.07811491
0.08264614
0.082957685
0.08490464
0.07732891
0.07948761
0.07609229
0.08200051
0.080197096
0.080379575
0.07527472
0.07677187
0.07844979
0.08025614
0.081568435
0.08114337
0.08399824
0.08506552
0.09037763
0.091170266
0.088444375
0.08763127
0.08335885
0.08424658
0.081388116
0.080024436
0.07967265
0.08273711
0.08724465
0.08553371
0.08155875
0.0805965
0.07680468
0.07951178
0.07646152
0.08060735
0.07774623
0.07992491
0.07959661
0.078861386
0.07724228
0.07605664
0.074665874
0.071763724
0.07661692
0.07767733
0.081483334
0.08085654
0.08074011
0.08166249
0.079721674
0.07702907
0.076576546
0.076918595
0.07893693
0.075302064
0.07277237
0.07463348
0.08035028
0.08025415
0.083857894
0.07861721
0.07725033
0.07298924
0.07210817
0.07592976
0.07602053
0.07709318
0.07441635
0.074056245
0.07164487
0.07385905
0.07439552
0.07767875
0.07632266
0.076149896
0.07734673
0.0762644
0.0752093
0.07267098
0.07050785
0.06722494
0.06857528
0.070293054
0.072985224
0.069340475
0.066390514
0.06451454
0.06710587
0.07153873
0.077968925
0.080172725
0.0787462
0.0734576
0.072660044
0.076673284
0.07776272
0.077726096
0.06916161
0.0662265
0.06306501
0.06474231
0.07012728
0.07731843
0.07825438
0.07526804
0.07061875
0.0744865
0.074798025
0.078216344
0.079939134
0.07629298
0.072407104
0.074749924
0.07932211
0.08418795
0.07942624
0.081992865
0.08055614
0.079907216
0.07497447
0.07357904
0.07476154
0.07613969
0.076175444
0.077904694
0.08349052
0.086829595
0.08843342
0.08474731
0.08232551
0.07876491
0.07545391
0.07156423
0.07180906
0.07867663
0.083438195
0.13491386
0.23201638
0.15112233
0.10014531
0.07682607
0.07351351
0.07757583
0.08399329
0.08946905
0.083181396
0.07806899
0.079211615
0.07981306
0.078837104
0.0737027
0.0771015
0.07925972
0.07872053
0.07453831
0.07825344
0.08305025
0.08345142
0.078983344
0.07716278
0.07538853
0.07378773
0.07305598
0.07329094
0.077454776
0.07582659
0.07581329
0.07324088
0.06843554
0.07293534
0.07493433
0.082243934
0.07913372
0.07825394
0.074660674
0.07491584
0.07115122
0.0750719
0.07252067
0.07563533
0.06761111
0.07095679
0.070160195
0.07585166
0.07077792
0.06853043
0.06640944
0.07158552
0.07341148
0.07314867
0.07217602
0.07113689
0.07201972
0.070145525
0.07191204
0.07549149
0.080420345
0.07990971
0.07711159
0.07502546
0.072653286
0.07033363
0.068813264
0.06882437
0.06692236
0.0711716
0.07246402
0.075282335
0.07238055
0.07932792
0.07624269
0.075493254
0.07038075
0.07314678
0.0753573
0.07223001
0.07731173
0.07473439
0.08078972
0.0773901
0.07571497
0.074011065
0.07265793
0.07708766
0.0779783
0.075700216
0.072562605
0.069097586
0.07278631
0.07024614
0.06727785
0.067623764
0.07225409
0.07621235
0.07467129
0.07416381
0.07336983
0.07244578
0.07113336
0.07178819
0.06976619
0.0661538
0.06567386
0.06939693
0.07377335
0.073147625
0.072083585
0.070186794
0.06917883
0.06782591
0.06841033
0.071590155
0.07282187
0.07159818
0.07177912
0.073298424
0.07160057
0.06989305
0.06974219
0.07260122
0.07690187
0.0756414
0.08451715
0.079671495
0.07692788
0.067869335
0.0676467
0.06802652
0.06900712
0.06967556
0.06724127
0.06756497
0.06706799
0.07016332
0.07297082
0.075342484
0.07544895
0.07279496
0.06838022
0.06331665
0.060932938
0.061084405
0.06103442
0.06145234
0.06356048
0.06465637
0.062797755
0.06211714
0.059130233
0.060444854
0.062035106
0.06417083
0.06989748
0.07175789
0.0730137
0.07322129
0.07060879
0.068118446
0.06362352
0.064347714
0.064079694
0.06577893
0.0646113
0.065806195
0.063091934
0.06240119
0.062383577
0.06153671
0.06294547
0.06230963
0.065779835
0.065522045
0.065750785
0.0642449
0.0675152
0.06498231
0.06431484
0.062218174
0.060926374
0.059501432
0.058692932
0.060129933
0.06569035
0.06578576
0.066635676
0.066476986
0.06773654
0.06296557
0.06414285
0.061099235
0.060087577
0.058905218
0.059125945
0.0588249
0.06127259
0.065531515
0.06387914
0.06462131
0.06527419
0.06392554
0.06140813
0.060764555
0.060181104
0.059717685
0.0600014
0.060687706
0.059929375
0.061011963
0.059779655
0.060353372
0.05735261
0.05655756
0.05468581
0.054169983
0.052568704
0.053150643
0.053915743
0.05278383
0.053447977
0.05630795
0.055880625
0.059124563
0.058177646
0.05804104
0.060028113
0.058094002
0.054712772
0.055940326
0.0558611
0.04907625
0.05154364
0.051655814
0.052566927
0.053866107
0.05451154
0.052306242
0.0527611
0.05338392
0.050670065
0.051671986
0.053184096
0.052961983
0.05330413
0.054354694
0.053331863
0.052928284
0.05349564
0.051370632
0.05187113
0.05105664
0.052750073
0.05083826
0.050842877
0.050728295
0.051939804
0.051365115
0.05306342
0.053306304
0.052299764
0.054038033
0.057199832
0.057302196
0.056931034
0.057182003
0.05940333
0.05567791
0.05638094
0.05910771
0.06016914
0.060488082
0.0645048
0.06267829
0.06368976
0.06516936
0.061176114
0.05787652
0.059789017
0.056363247
0.05580427
0.05406727
0.05445523
0.05413576
0.05570017
0.05256316
0.053536713
0.052476212
0.052919645
0.05378315
0.05812368
0.0609035
0.06409719
0.06315
0.06110192
0.059144747
0.058309823
0.05513121
0.057350796
0.05732577
0.057122927
0.059351854
0.06258738
0.06332546
0.06676017
0.06724927
0.0682838
0.06865028
0.066977784
0.06658361
0.06759521
0.06331497
0.06448856
0.06566119
0.06405293
0.06276542
0.067379355
0.062129427
0.059868384
0.05994772
0.060199995
0.058866274
0.06185841
0.064444095
0.06588582
0.065973
0.064940855
0.06504267
0.06368808
0.06338729
0.061398715
0.06513918
0.06569787
0.06509634
0.0652975
0.06608854
0.062199917
0.060855187
0.060207326
0.061144516
0.06302088
0.061992925
0.060800828
0.05896445
0.056293976
0.05744573
0.05528374
0.054520156
0.05642904
0.055576175
0.055255737
0.05303105
0.054510344
0.056580182
0.060010098
0.06363436
0.06454129
0.06447103
0.061918158
0.057242613
0.05556133
0.056757662
0.055570778
0.0585099
0.06016479
0.06270931
0.062207688
0.057896595
0.058065385
0.05642251
0.056314345
0.058799136
0.05971319
0.06186982
0.06173385
0.060975403
0.061534714
0.06470323
0.06439603
0.06342937
0.06630313
0.06842817
0.06749023
0.06664302
0.06522285
0.06868804
0.064058065
0.066059396
0.067089215
0.070645295
0.06761212
0.0683477
0.06556501
0.06446672
0.06088297
0.062268633
0.064606875
0.0625142
0.06376068
0.067173295
0.06898292
0.06595882
0.07268666
0.07206605
0.07252457
0.06832865
0.07063578
0.067355245
0.070218995
0.067564666
0.06818525
0.06990598
0.07248273
0.07097545
0.073068276
0.07321009
0.071418986
0.06754963
0.06656758
0.06644706
0.068907596
0.07104885
0.070231155
0.07130516
0.06898439
0.06538444
0.06438773
0.060950283
0.06305819
0.06374499
0.06725786
0.07236449
0.07362447
0.07678829
0.07666234
0.076502554
0.0756674
0.07700486
0.07854726
0.07865485
0.08134178
0.08042325
0.07778268
0.07755024
0.075973935
0.07404499
0.0756764
0.07622245
0.07355984
0.07471275
0.073594496
0.07019602
0.07063454
0.07157302
0.07107028
0.07064623
0.07491372
0.07564891
0.076650634
0.0780719
0.07572191
0.07280438
0.0750498
0.0767624
0.07473173
0.07731371
0.07727308
0.074066415
0.07422284
0.077536486
0.078073084
0.07938526
0.08013912
0.07851389
0.07748535
0.07515726
0.07436414
0.07487022
0.074442424
0.07462275
0.07588217
0.07459123
0.0755185
0.0747598
0.072823405
0.071541384
0.07405958
0.07239977
0.072653845
0.06859438
0.06748542
0.066081576
0.063154414
0.061427977
0.061050206
0.06472677
0.06462608
0.06370461
0.06466233
0.06492556
0.066393614
0.06587868
0.070673876
0.07445216
0.07294564
0.073681355
0.071930595
0.06677547
0.066076
0.059356205
0.060605906
0.059395622
0.058158644
0.058446437
0.0590935
0.062170547
0.06321056
0.0632051
0.062172428
0.06398587
0.06560486
0.06586014
0.0626185
0.059108406
0.05729185
0.05774407
0.057925534
0.056506615
0.056749508
0.05857316
0.060592018
0.062431544
0.061491903
0.059713997
0.062231857
0.060549356
0.059385218
0.06010809
0.059286233
0.060063858
0.060632285
0.06268082
0.06422165
0.06375564
0.0653835
0.06419819
0.06439591
0.06869308
0.065219015
0.065201916
0.0656087
0.062263723
0.06299018
0.061589357
0.05513045
0.05635766
0.056939702
0.05532059
0.053951584
0.05647458
0.058080185
0.058914997
0.05734536
0.056960717
0.055885773
0.05866339
0.060218215
0.05646641
0.05999198
0.05986913
0.05964212
0.058399152
0.05740692
0.05992897
0.06121715
0.061219633
0.064687446
0.0641662
0.06566386
0.06566567
0.06490072
0.06522108
0.06263931
0.059315603
0.061041232
0.05956252
0.058041394
0.057170384
0.056705955
0.057198398
0.05908024
0.05844343
0.059428647
0.061206467
0.06636095
0.06567038
0.06592276
0.06424327
0.06810608
0.06774435
0.06570056
0.06510649
0.064194605
0.06331811
0.066323645
0.06386363
0.063506514
0.06273906
0.06126537
0.061626766
0.062294636
0.06027882
0.05883272
0.056806337
0.056730486
0.056989186
0.059192635
0.059543308
0.0616692
0.061350476
0.06003117
0.06345577
0.063412264
0.062846094
0.060826298
0.058161695
0.05791886
0.059643093
0.06009679
0.058806907
0.061177988
0.064467855
0.06594612
0.06484951
0.0663781
0.063820064
0.063948125
0.0667077
0.0636825
0.06417303
0.06499929
0.063132964
0.063274726
0.06517878
0.064213276
0.06508464
0.06567596
0.06655722
0.0696997
0.06822276
0.068486206
0.06736874
0.06551708
0.065394245
0.06652891
0.06575049
0.06752274
0.06583959
0.0671976
0.0675629
0.06818753
0.06993334
0.06734405
0.06532325
0.062125158
0.0631759
0.062254168
0.06204597
0.06296845
0.060672186
0.0609098
0.061833896
0.061758198
0.0657391
0.06554292
0.06855312
0.0662962
0.06591198
0.06783028
0.06910083
0.06661979
0.06507936
0.064306386
0.06404563
0.06676105
0.066603534
0.067185566
0.0655709
0.06671631
0.068288825
0.07035027
0.070453145
0.07151213
0.07200168
0.07251207
0.072316706
0.07400088
0.073546164
0.07323833
0.07163461
0.070417866
0.06835037
0.06860551
0.06855486
0.06699248
0.0644607
0.06264382
0.06314206
0.06359121
0.06255718
0.06301953
0.05872053
0.059652437
0.059147615
0.06187476
0.062349137
0.06198225
0.061569825
0.0590293
0.05537941
0.05546094
0.055534746
0.05409643
0.052511547
0.050439984
0.049556963
0.048273657
0.049860623
0.050999567
0.051783185
0.05374876
0.052052926
0.053427797
0.05404551
0.055508286
0.0555544
0.05618108
0.057177644
0.054408986
0.055749364
0.0543656
0.056471348
0.05772435
0.056710668
0.056979146
0.057578824
0.058245018
0.05795394
0.05693359
0.056235738
0.054029375
0.055762384
0.054002687
0.054003596
0.054168183
0.053010028
0.05167337
0.0500556
0.049669784
0.049754806
0.049543973
0.049806334
0.050136514
0.049292706
0.047710564
0.047002066
0.046191078
0.04657411
0.047869444
0.048177075
0.04856646
0.04805887
0.047371123
0.04822456
0.047908545
0.04864263
0.049562216
0.050432667
0.050089434
0.0521823
0.053052068
0.052520584
0.052528623
0.05426329
0.056137092
0.0575091
0.058289044
0.05701764
0.05906187
0.05836451
0.059876096
0.05730281
0.056595903
0.056327604
0.057257563
0.056316976
0.05337568
0.05179274
0.052481867
0.05428255
0.052380085
0.054425925
0.053816546
0.054912694
0.05465612
0.055829752
0.056231346
0.05564748
0.05862493
0.06003121
0.061126396
0.06038468
0.05988481
0.05897809
0.05758099
0.056895692
0.05679617
0.058888786
0.061640963
0.06236248
0.06427048
0.06252858
0.063701876
0.0645953
0.06584601
0.06670144
0.06647734
0.06723012
0.06878072
0.06679078
0.063962355
0.06370408
0.064796306
0.06406339
0.06587518
0.06740123
0.06635414
0.06730955
0.066629544
0.06374384
0.063442595
0.06410782
0.06350683
0.06333328
0.06261233
0.06140238
0.059856854
0.058258604
0.06110553
0.06203879
0.06317742
0.06697811
0.06787916
0.06919515
0.072399125
0.071464635
0.07127317
0.072197914
0.072521955
0.0734979
0.07067342
0.069417365
0.071739025
0.07025926
0.07121439
0.068755254
0.066135325
0.06840834
0.07005024
0.07200549
0.07095576
0.07181461
0.07381877
0.071735
0.07009797
0.07161772
0.0694273
0.07211568
0.07402008
0.074638896
0.07370216
0.07426115
0.07375785
0.07562082
0.077305235
0.07989943
0.08176268
0.08071282
0.08420198
0.084243566
0.0829488
0.08580071
0.08638054
0.089356825
0.090395
0.090041265
0.08842921
0.08755744
0.08883066
0.08475721
0.084592976
0.08261477
0.0800999
0.08075112
0.079073876
0.07929292
0.07890649
0.07426931
0.07350644
0.071797684
0.07007978
0.07059916
0.07085387
0.07157294
0.07056652
0.070969105
0.0684862
0.07021415
0.06905184
0.06900124
0.070864655
0.07138601
0.07214852
0.07320385
0.07398272
0.073353715
0.07343793
0.072657794
0.07020855
0.07068097
0.073588304
0.07437925
0.07480297
0.07361752
0.07328386
0.074358754
0.07368332
0.0732742
0.07270205
0.0739194
0.07571
0.07737257
0.07819625
0.07588682
0.073581316
0.07133433
0.072256625
0.072278485
0.07330462
0.073780075
0.07472286
0.07506566
0.074705936
0.07313755
0.07242052
0.07435023
0.07390163
0.07412195
0.07281788
0.07302317
0.0744127
0.07261942
0.07261854
0.0728931
0.07239109
0.070494875
0.070459336
0.071709566
0.07001632
0.06815891
0.06854758
0.06868928
0.06864105
0.06825981
0.06906047
0.06915721
0.07063824
0.07038106
0.06826023
0.06721122
0.06574397
0.06499379
0.064636305
0.06342418
0.064608306
0.065911666
0.0641962
0.06437846
0.061978213
0.060023695
0.059907906
0.059209168
0.057692226
0.056535535
0.054502107
0.05322939
0.05447268
0.05405523
0.05283922
0.05387565
0.054519273
0.05361361
0.055467166
0.05424554
0.05299094
0.052422237
0.052124836
0.052330717
0.05251483
0.052779198
0.053156238
0.054354157
0.055372585
0.05487458
0.05606217
0.05852907
0.057950437
0.05707485
0.05681365
0.058764268
0.05845343
0.058191694
0.05877916
0.057242405
0.05835765
0.05999319
0.059449915
0.06058592
0.06257595
0.06275595
0.061726343
0.060976844
0.05889575
0.057270966
0.057919335
0.05807057
0.057691086
0.05595285
0.05506324
0.053302802
0.053148195
0.053030595
0.051154282
0.04963141
0.04921657
0.048744097
0.04860716
0.04819998
0.04707615
0.046171457
0.046699658
0.046916727
0.045309093
0.04580862
0.045964517
0.045891833
0.047146384
0.048129108
0.047952347
0.04681891
0.0478929
0.04854183
0.048841357
0.04841591
0.05028492
0.050593924
0.050468706
0.050263066
0.05135341
0.051471215
0.05140886
0.050411254
0.05108375
0.05131841
0.052034438
0.05074055
0.05069597
0.050385926
0.05184034
0.051500726
0.051385354
0.050844282
0.050414134
0.049041577
0.048700277
0.048065256
0.04824841
0.04857581
0.048124436
0.0474249
0.04765797
0.04744243
0.046583347
0.046225976
0.046399258
0.04716753
0.046462927
0.04555736
0.04459003
0.044725318
0.043896515
0.04354369
0.04344197
0.043510698
0.04326395
0.044215117
0.0446799
0.043767132
0.044149175
0.043478724
0.043186676
0.043470327
0.043556347
0.044440996
0.044081878
0.045475632
0.04565527
0.04501047
0.045530632
0.04506677
0.04626023
0.04635906
0.047394816
0.048918474
0.047897663
0.04725946
0.04674006
0.047013715
0.047169298
0.048824493
0.049500443
0.05052969
0.050900087
0.050432757
0.04986956
0.049008362
0.04905662
0.050726973
0.049340036
0.048616916
0.048852045
0.04782542
0.048197888
0.048812114
0.0490525
0.04843706
0.04848163
0.04846961
0.049192347
0.048182327
0.048798747
0.0486835
0.049184047
0.049355827
0.049852457
0.050559722
0.05067838
0.05100356
0.051737938
0.050951827
0.0505162
0.049677502
0.049468562
0.0499067
0.05094119
0.051741328
0.05079393
0.05068845
0.051093586
0.05163161
0.051222675
0.05052783
0.051055606
0.05175987
0.051727813
0.052667595
0.052337185
0.052251678
0.052347757
0.05250792
0.05097182
0.049668018
0.05005632
0.04906016
0.04826862
0.048228193
0.048302878
0.047803454
0.048028886
0.048704755
0.048292812
0.04804526
0.047782797
0.047133192
0.046477646
0.04673745
0.04747715
0.046975244
0.047755253
0.047708273
0.048008595
0.04852252
0.04911112
0.048681267
0.04878835
0.04896059
0.04929478
0.04967894
0.050367333
0.050843153
0.051593263
0.050878324
0.051332984
0.050571717
0.05084778
0.050783474
0.051280797
0.051968575
0.053634495
0.05460782
0.054544885
0.05494791
0.055401236
0.05636279
0.057281733
0.057599053
0.05806141
0.05864378
0.05829879
0.05755626
0.05662422
0.054699212
0.05432948
0.053421117
0.05286387
0.05237079
0.05267489
0.05129542
0.050393008
0.049352314
0.04929942
0.049475323
0.048339814
0.048113093
0.047972534
0.04689088
0.04653309
0.045673456
0.045754764
0.045394722
0.044386793
0.04424874
0.0434159
0.043478604
0.042857032
0.042375937
0.042305093
0.04217833
0.042096175
0.041664373
0.04107598
0.04102418
0.04028416
0.04029081
0.040031657
0.03995337
0.039630935
0.039242018
0.03853008
0.03806482
0.03772831
0.037370794
0.036838893
0.036358796
0.035798024
0.035164595
0.03475449
0.034113087
0.033836987
0.033347987
0.03277302
0.032340128
0.031817626
0.031319804
0.030845141
0.030392244
0.029959835
0.029546734
0.029151857
0.028774202
0.028412843
0.028066926
0.027735652
0.02741829
0.027114151
0.0268226
0.026543047
0.026274934
0.026017752
0.025771013
0.025534272
0.025307106
0.02508912
0.02487995
0.024679244
0.02448668
0.024301952
0.024124777
0.023954883
0.023792021
0.023635952
0.02348645
0.02334331
0.023206329
0.023075325
0.022950124
0.022830559
0.022716476
0.022607727
0.02250418
0.022405706
0.022312181
0.022223495
0.022139542
0.022060221
0.021985441
0.021915114
0.021849161
0.021787507
0.021730082
0.021676822
0.021627668
0.021582566
0.021541467
0.021504328
0.021471104
0.021441765
0.021416277
0.02139461
0.021376748
0.021362664
0.021352349
0.02134579
0.021342982
0.021342982
0.021342982
0.021342982
0.021342982
0.021342982
0.021342982
0.021342982
0.021342982
0.021342982
0.021342982
0.021342982
0.021342982
0.021342982
0.021342982
0.021342982
0.021342982
0.021342982
0.021342982
0.021342982
0.021342982
0.021342982
0.021342982
0.021342982
0.021342982
0.021342982
0.021342982
0.021342982
0.021342982
0.021342982
0.021342982
0.021342982
0.021342982
0.021342982
0.021342982
0.021342982
0.021342982
0.021342982
0.021342982
0.021342982
0.021342982
0.021342982
0.021342982
0.021342982
0.021342982
0.021342982
0.021342982
0.021342982
0.021342982
0.021342982
0.021342982
0.021342982
0.021342982
0.021342982
0.021342982
0.021342982
0.021342982
0.021342982
0.021342982
0.021342982
0.021342982
0.021342982
0.021342982
0.021342982
0.021342982
0.021342982
0.021342982
0.021342982
0.021342982
0.021342982
0.021342982
0.021342982
0.021342982
0.021342982
0.021342982
0.021342982
0.021342982
0.021342982
0.021342982
0.021342982
0.021342982
0.021342982
0.021342982
0.021342982
0.021342982
0.021342982
0.021342982
0.021342982
0.021342982
0.021342982
0.021342982
0.021342982
0.021342982
0.021342982
0.021342982
0.021342982
0.021342982
0.021342982
0.021342982
0.021342982
0.021342982
0.021342982
0.021342982
0.021342982
0.021342982
0.021342982
0.021342982
