681.4309
230.4382
106.457924
75.511894
59.498764
49.367958
42.226562
36.754673
32.526066
29.11748
26.317612
23.957272
22.017931
20.255308
18.746105
17.478294
16.329529
15.228036
14.297222
13.45461
12.733073
12.00656
11.390916
10.801387
10.256374
9.785888
9.394107
8.921434
8.637183
8.314142
7.8876915
7.599107
7.3243294
6.9768586
6.7268724
6.4693813
6.235897
6.026339
5.896007
5.6560345
5.4246635
5.2941675
5.097458
4.959658
4.8003054
4.6641455
4.583315
4.4357357
4.272974
4.1428494
4.0373826
3.933003
3.83043
3.7824333
3.6908724
3.535052
3.4368777
3.3704093
3.2973568
3.225551
3.1466374
3.1246648
3.0239685
2.932347
2.870284
2.8052225
2.7506087
2.7212636
2.653159
2.5969439
2.5294144
2.504239
2.4479697
2.3821054
2.334578
2.2999003
2.2596748
2.2302787
2.177694
2.134551
2.1057582
2.058059
2.0129094
1.9830432
1.9560273
1.9277856
1.8960023
1.8724004
1.835504
1.8384792
1.7890527
1.7469578
1.7227237
1.7052016
1.6859553
1.6524297
1.6217005
1.6087627
1.5856925
1.5624301
1.5372748
1.5239792
1.4986013
1.4835243
1.4666439
1.4640641
1.4365097
1.4077681
1.391408
1.3713982
1.3623508
1.3441908
1.3429064
1.3070788
1.3027138
1.2904578
1.2686702
1.2441341
1.2423519
1.2231212
1.2008461
1.2033644
1.1725013
1.1719224
1.1843381
1.1428472
1.1290041
1.1273934
1.116224
1.0998982
1.0862437
1.0878251
1.0693442
1.0620985
1.0540171
1.0424902
1.0360758
1.0259954
1.0219989
1.0122242
0.9965737
0.9803369
0.9753029
0.97157824
0.9614806
0.9488665
0.94352645
0.9343318
0.9284412
0.92257535
0.9161411
0.90365165
0.9010627
0.8911449
0.8848849
0.8810367
0.87315845
0.86331636
0.85929704
0.85476464
0.84432554
0.84465414
0.8291674
0.8251042
0.83784854
0.81967175
0.81791985
0.81027025
0.8115976
0.80113167
0.7906816
0.7838393
0.77642184
0.7801189
0.7775182
0.76972556
0.77408653
0.75899714
0.7794558
0.7708251
0.7451022
0.7421352
0.74099565
0.73371494
0.7356043
0.723955
0.7150656
0.71549475
0.71292883
0.7064935
0.70130384
0.696527
0.6889349
0.6834049
0.6781966
0.67973006
0.67228544
0.6682116
0.6637716
0.6614761
0.65764976
0.6529058
0.6474548
0.64823353
0.64198494
0.64108413
0.63637286
0.63038814
0.62902915
0.63013655
0.62163776
0.61864984
0.61514854
0.61592585
0.6132907
0.6077309
0.6039281
0.6046342
0.6031573
0.6014446
0.5937254
0.59279025
0.59346795
0.58721226
0.582902
0.5813175
0.58020425
0.57588416
0.57842433
0.58490765
0.57442373
0.5681708
0.5671575
0.5639399
0.5627359
0.5587565
0.56176955
0.5554879
0.55558544
0.552119
0.55049807
0.55102485
0.54883283
0.5474807
0.546063
0.53980434
0.5418991
0.5422977
0.54166067
0.53058845
0.5327851
0.53200305
0.52748424
0.52639997
0.5251031
0.5226733
0.52228713
0.5226852
0.51901484
0.5172326
0.51893455
0.51542795
0.5114068
0.51301634
0.51100695
0.5175131
0.50832605
0.50675714
0.50332457
0.50571924
0.50318325
0.50371164
0.50582755
0.49843994
0.4996901
0.49683416
0.50029653
0.49592116
0.49875492
0.4980426
0.5030039
0.49089968
0.49269563
0.49631816
0.49189296
0.49532428
0.49182868
0.49365848
0.49065503
0.49014908
0.48611185
0.48817548
0.4844906
0.48254985
0.48463592
0.47940364
0.4802878
0.480742
0.48062527
0.47504294
0.48058602
0.47210023
0.47444373
0.47148305
0.47482756
0.4703944
0.4659427
0.4653523
0.46399096
0.46313012
0.46750972
0.46107668
0.45964837
0.45947707
0.45964584
0.4599289
0.46071294
0.4577901
0.45873013
0.46113166
0.45477745
0.45508984
0.45593205
0.45663977
0.45403114
0.44985333
0.45280024
0.45433974
0.45029673
0.4530277
0.45112523
0.44920865
0.44761044
0.44314858
0.44198462
0.4420413
0.44177514
0.44045615
0.44316763
0.44269085
0.43884003
0.43757522
0.4413409
0.43983522
0.43777603
0.44210905
0.438151
0.43694788
0.43607652
0.43468592
0.43343082
0.4337075
0.4299628
0.4335309
0.4306685
0.4326805
0.42943668
0.43056107
0.42455903
0.42435762
0.42848903
0.42397007
0.4218325
0.42490768
0.42294762
0.42251375
0.41953048
0.42250025
0.42317978
0.41851875
0.4200458
0.41788313
0.41707206
0.4146267
0.41196162
0.41479656
0.41404662
0.41652378
0.4122434
0.4127176
0.41382942
0.41324
0.40990138
0.41098183
0.41449186
0.41057143
0.41246936
0.41246352
0.4109568
0.4115673
0.40771675
0.40650702
0.4094379
0.4059379
0.40539685
0.4068929
0.40267044
0.4066518
0.39949185
0.40218222
0.40031627
0.40159935
0.40207374
0.399024
0.396696
0.3993498
0.3969206
0.39764473
0.39527765
0.39708897
0.397768
0.39266196
0.39174765
0.39401987
0.3885533
0.3920712
0.3938658
0.39061302
0.3920702
0.38847765
0.38766095
0.38714147
0.3861022
0.38664255
0.38302413
0.38407272
0.38599604
0.38799527
0.38239896
0.38375896
0.3807155
0.3817341
0.382481
0.37829182
0.37648532
0.37775424
0.37729234
0.37454826
0.37760347
0.375462
0.37839046
0.375277
0.37631944
0.37588668
0.37476835
0.37353137
0.37197652
0.37158808
0.3731923
0.37350312
0.36795023
0.37092236
0.37077218
0.3689916
0.3650709
0.36942908
0.36813155
0.36799136
0.3662696
0.365619
0.36781093
0.36616614
0.3619434
0.36650777
0.36390743
0.36219782
0.36341068
0.36092943
0.36288303
0.36278412
0.3606161
0.36395732
0.36124834
0.3577752
0.3595253
0.3589605
0.35825273
0.3585856
0.35550523
0.3565266
0.35872608
0.36024094
0.36210054
0.3653668
0.35940322
0.3566627
0.3582475
0.3584223
0.35775545
0.3579456
0.3613132
0.355453
0.35454896
0.35456112
0.35687423
0.35776764
0.35292712
0.35703382
0.35638204
0.35601845
0.35317633
0.35423198
0.35666186
0.35497984
0.35773164
0.35705924
0.3569179
0.35166553
0.3542092
0.3532358
0.35039222
0.3520129
0.35251996
0.3684344
0.35444063
0.3554495
0.35290015
0.3527349
0.35473546
0.35434768
0.35400754
0.35235134
0.35262528
0.3536658
0.3516877
0.34845135
0.35892588
0.35025054
0.3498348
0.34680784
0.35074028
0.34740764
0.35116124
0.34487918
0.34907696
0.34855074
0.34964153
0.34671372
0.34636506
0.34693146
0.34829
0.34543324
0.34631637
0.34437394
0.3464479
0.34440818
0.3475987
0.34834552
0.3481802
0.34431338
0.34371993
0.348448
0.34283772
0.34403905
0.34521812
0.3468994
0.345647
0.34838742
0.34619927
0.3449563
0.34666136
0.34769395
0.34707904
0.3447137
0.34495184
0.3466261
0.34774733
0.3479284
0.34784284
0.34904578
0.34582487
0.34523755
0.34480157
0.34804896
0.3459997
0.34649158
0.3473936
0.3463589
0.348693
0.34517127
0.34663567
0.3474795
0.34433502
0.34266496
0.34529766
0.34733808
0.34461638
0.34747192
0.3427699
0.34445938
0.3402464
0.3438484
0.3418576
0.34350875
0.34175077
0.34298587
0.34376115
0.34398904
0.33972892
0.34011215
0.34201455
0.34179953
0.34400284
0.34197947
0.34213924
0.34354493
0.3391225
0.3399698
0.34165785
0.34026906
0.34172806
0.34008464
0.33729333
0.3390126
0.33757985
0.34017405
0.3340031
0.3370483
0.33924112
0.33720472
0.3390065
0.33454695
0.3357456
0.34260094
0.33627576
0.33503202
0.33937427
0.33998927
0.3331216
0.33413702
0.33340085
0.33664104
0.3348988
0.33437893
0.33360147
0.33251622
0.3344758
0.3320717
0.33153903
0.33529076
0.33334443
0.32964888
0.33061185
0.32948387
0.32773146
0.33069524
0.32872427
0.32780755
0.32876053
0.33047584
0.32930866
0.3306327
0.33226007
0.32748535
0.32959855
0.33135107
0.32768264
0.32998222
0.3276032
0.32721868
0.32799694
0.32897854
0.32889858
0.32759568
0.32694253
0.32866466
0.3299856
0.3304728
0.32719737
0.32793736
0.32809836
0.32853338
0.32831475
0.330146
0.3253809
0.3316647
0.32742667
0.3285679
0.32731333
0.32793134
0.32694986
0.32690468
0.32624477
0.32520524
0.33043593
0.32588676
0.32661265
0.328587
0.32606232
0.3275634
0.3259791
0.3277653
0.32837525
0.32340038
0.32284874
0.326696
0.32553414
0.32458907
0.3247096
0.32545227
0.32592338
0.3282858
0.32592016
0.32414147
0.32379663
0.3224484
0.32349443
0.32702944
0.3279863
0.32627246
0.32516238
0.32850575
0.3276728
0.32548776
0.3229053
0.32146198
0.32347333
0.32512128
0.3219526
0.3236705
0.3237176
0.32621485
0.31772584
0.32314256
0.31861773
0.32332516
0.32062614
0.32166588
0.32095438
0.32124698
0.32169774
0.31793186
0.3184696
0.32067704
0.32265842
0.317972
0.31978253
0.32020405
0.3194647
0.31789622
0.3172454
0.31669724
0.31797916
0.31677178
0.3178793
0.3158904
0.32008043
0.31653884
0.31688172
0.31598902
0.31607306
0.31518513
0.3157143
0.31351742
0.31482956
0.31377256
0.3106593
0.3115585
0.31419328
0.31379893
0.3116866
0.31158218
0.31401774
0.31415468
0.31445143
0.31237185
0.3087884
0.311821
0.31162196
0.31067047
0.30943847
0.3116492
0.30965674
0.30967164
0.3095545
0.3109862
0.30608293
0.30939245
0.3105608
0.3077704
0.30429056
0.30915838
0.31004712
0.30811203
0.3069827
0.30910033
0.30874473
0.3083367
0.3116897
0.31024423
0.3070563
0.31157064
0.3099907
0.30930877
0.30760422
0.3060245
0.30772126
0.30745515
0.30769736
0.30892092
0.3060134
0.30549502
0.3079075
0.30687594
0.30578274
0.3073134
0.3083161
0.30672383
0.3076675
0.30697528
0.3093335
0.3080249
0.30671266
0.30613795
0.3054692
0.30863
0.30687964
0.30526742
0.3058179
0.30582586
0.30713096
0.30954745
0.30630255
0.30949694
0.30611563
0.30681556
0.30910638
0.3058127
0.30764842
0.30513158
0.30295604
0.30614927
0.30495533
0.30371323
0.3049909
0.3048861
0.3023335
0.30410913
0.30602127
0.30424404
0.30514774
0.30348074
0.30275553
0.30184624
0.3019768
0.3011168
0.3049877
0.30362216
0.2995611
0.30043936
0.29850915
0.29989278
0.2987103
0.29992008
0.29987645
0.29829675
0.29880616
0.29916218
0.29890043
0.29933667
0.296624
0.29665703
0.2980635
0.2975877
0.2979448
0.2952717
0.29732317
0.29839626
0.29333207
0.29719767
0.29742956
0.29835227
0.29650402
0.29264846
0.29248998
0.2948628
0.29344183
0.29231107
0.29337275
0.29581428
0.29155642
0.29033357
0.29051304
0.2938563
0.2919549
0.29475418
0.28861216
0.29018167
0.29055783
0.29159534
0.29009432
0.28715816
0.2893437
0.2899822
0.29077378
0.28781688
0.28797093
0.2859677
0.28728753
0.28732264
0.2900851
0.28832883
0.28959653
0.2857514
0.2844002
0.28898293
0.28428343
0.28724572
0.2887539
0.29016015
0.28616336
0.28656828
0.28643185
0.28652683
0.28695613
0.28741398
0.2831684
0.28319564
0.28555924
0.28451118
0.28666955
0.28467703
0.2840587
0.28523004
0.2854932
0.28459516
0.28290868
0.2870751
0.2865969
0.2839063
0.28421977
0.28315303
0.28572005
0.2816359
0.28445134
0.28397775
0.28038123
0.28361246
0.28396034
0.2815331
0.2855245
0.28411734
0.28046042
0.28137934
0.2801874
0.28327802
0.2818166
0.283529
0.28361493
0.278778
0.2815855
0.2799222
0.27815676
0.27907085
0.28027147
0.2814311
0.27942893
0.28236017
0.28130278
0.27950835
0.27660608
0.27958947
0.27401406
0.2784365
0.27562815
0.27449375
0.2745414
0.27834857
0.2765667
0.27512467
0.27395865
0.2757958
0.27701965
0.276463
0.27684227
0.2758064
0.27527383
0.27888513
0.27401865
0.28037244
0.27811375
0.27462783
0.27487612
0.27689123
0.27715993
0.27777165
0.2802252
0.2768771
0.2762609
0.27388912
0.27739802
0.2780499
0.2774988
0.27385643
0.27642313
0.27811408
0.27604416
0.2791067
0.27754846
0.27319038
0.27494493
0.27641144
0.27487957
0.27446243
0.27593789
0.27557582
0.2753878
0.2755711
0.27530372
0.27812687
0.2764064
0.2787969
0.27368072
0.27632663
0.2745797
0.27743208
0.27510253
0.2763885
0.27713764
0.27678007
0.27545062
0.2758076
0.2771703
0.27658272
0.27368563
0.2750947
0.27116612
0.27487135
0.27812347
0.27356082
0.27505878
0.27556652
0.27510095
0.2747665
0.27399233
0.27635205
0.27489984
0.2747805
0.27653256
0.2752891
0.276952
0.27561393
0.27520654
0.2758039
0.27357793
0.26928282
0.2759287
0.26882866
0.2735905
0.27291545
0.27264875
0.2727492
0.27488413
0.275684
0.27027056
0.2723254
0.2712842
0.2693685
0.2714501
0.27072924
0.27030495
0.27134976
0.2718676
0.27015945
0.27050567
0.26945868
0.26939666
0.27152532
0.27118602
0.26960096
0.26952997
0.26932332
0.26784307
0.26868224
0.26928648
0.26385227
0.26495698
0.2711254
0.2647278
0.26483914
0.2659826
0.26439202
0.26397172
0.26738593
0.2638871
0.26751494
0.26487797
0.2643196
0.26382378
0.26623872
0.2637578
0.26502043
0.26390287
0.26699528
0.26342806
0.26638228
0.26616567
0.26662773
0.2648855
0.26541364
0.2644451
0.26408723
0.26408735
0.26445702
0.26818806
0.2653555
0.26287884
0.2661044
0.2653563
0.2658625
0.26404402
0.26421255
0.2641333
0.26371711
0.2641743
0.264968
0.26637456
0.26387173
0.26307312
0.2649004
0.26359293
0.26280385
0.26450774
0.26283416
0.26158497
0.26172337
0.2652941
0.26323816
0.2638708
0.2632875
0.26001817
0.26304904
0.26327994
0.26368833
0.25936282
0.26011884
0.2614655
0.26376963
0.26525494
0.26675555
0.26362026
0.26254326
0.25822604
0.2608565
0.26466474
0.26022652
0.2614436
0.25948706
0.26426482
0.2609467
0.26288384
0.2616564
0.2615426
0.26299408
0.26412237
0.2621558
0.2619472
0.26559454
0.2633484
0.26269785
0.2632915
0.26176906
0.263994
0.2653086
0.26255837
0.26305568
0.26177838
0.2605235
0.26152802
0.26209283
0.26285806
0.2594708
0.26188558
0.2594735
0.26104534
0.26308984
0.25885504
0.25693938
0.25636372
0.25897714
0.26010206
0.25809452
0.25602496
0.25432163
0.25582132
0.25638625
0.25785783
0.25512734
0.25324777
0.2544647
0.25748333
0.25433993
0.2542217
0.25572285
0.25451443
0.2545416
0.25285596
0.255865
0.25286278
0.25362533
0.25339985
0.25354707
0.25347134
0.25263348
0.24924545
0.25167242
0.25342575
0.25154078
0.25054365
0.2523552
0.25216782
0.24887258
0.24936055
0.2494878
0.24917889
0.25171262
0.25474757
0.25016305
0.24896044
0.24920052
0.24909951
0.24792908
0.24866278
0.2486849
0.24523133
0.2448944
0.24552396
0.24688512
0.24744424
0.24528567
0.24572343
0.24371906
0.24324998
0.2432043
0.24367717
0.24330866
0.24262139
0.24241464
0.24491887
0.24280564
0.2439527
0.24398172
0.24196675
0.24265036
0.24180992
0.24145716
0.24292795
0.2418762
0.24161935
0.24350935
0.24045263
0.24201693
0.23979191
0.24220406
0.24329567
0.2430029
0.24450848
0.24203384
0.23926117
0.24380404
0.24206914
0.24135724
0.24474192
0.24125865
0.24068841
0.24188635
0.24055316
0.23876186
0.23911573
0.24311526
0.2437782
0.24142215
0.2425825
0.24346809
0.23898491
0.24111637
0.2411525
0.24259943
0.24302073
0.24249138
0.24154569
0.2447246
0.24288437
0.24225807
0.24305616
0.24161334
0.24279688
0.24162388
0.24115855
0.24633613
0.24440157
0.24858649
0.24698192
0.2427425
0.24225548
0.2429417
0.24465035
0.24248582
0.24111062
0.244039
0.24477401
0.24223097
0.2423989
0.24105732
0.24468274
0.24335605
0.24376316
0.24180397
0.2445855
0.2460359
0.24341893
0.24435847
0.24210088
0.24433775
0.2400231
0.24246657
0.2407677
0.24423932
0.24134944
0.24015184
0.24123466
0.23943041
0.24064958
0.24240363
0.24118906
0.2419985
0.24054432
0.23832059
0.2420171
0.24238877
0.24191032
0.24112715
0.24136052
0.24267212
0.23994952
0.23837656
0.23920232
0.23835067
0.23828383
0.2405848
0.23873307
0.23876089
0.23967893
0.23766118
0.2385982
0.23922363
0.23755598
0.2378351
0.23769175
0.23968555
0.23836389
0.23767899
0.23946181
0.23465312
0.23606594
0.23793691
0.23593232
0.23639773
0.23859723
0.23734462
0.23805045
0.23569942
0.23901159
0.23607776
0.23684353
0.23734988
0.23643
0.23759721
0.23530513
0.23706318
0.23606493
0.23490438
0.23493287
0.23761582
0.2360376
0.23897347
0.23478357
0.23629539
0.23680738
0.23599401
0.23282643
0.2335594
0.23439376
0.23618759
0.23237175
0.23419386
0.23631504
0.23493618
0.2367686
0.23545402
0.23772432
0.234573
0.23291261
0.23464517
0.23937269
0.23192284
0.23531821
0.2337399
0.23599367
0.23387669
0.23360777
0.23373531
0.23635761
0.23660727
0.23354837
0.22946577
0.23630893
0.23533392
0.23647667
0.23750217
0.2340748
0.23605084
0.23579803
0.2323553
0.23633285
0.2381062
0.23437117
0.2348
0.23378757
0.23554169
0.23592593
0.2356334
0.23768249
0.2343183
0.23480557
0.23578617
0.23564412
0.23346399
0.23540093
0.2335158
0.2373079
0.23452826
0.23362015
0.23274276
0.23475833
0.23607418
0.2308979
0.23330866
0.2348481
0.2364003
0.23465537
0.2363739
0.23428936
0.23401743
0.23463811
0.23266512
0.2339209
0.23325208
0.23449613
0.2329085
0.2333771
0.23229897
0.23159686
0.23269759
0.23034799
0.22975905
0.23230089
0.23291248
0.23129697
0.22905184
0.22967319
0.23226845
0.22999288
0.23306745
0.23041466
0.22858617
0.22870685
0.23181413
0.22780405
0.23018652
0.22801697
0.2272744
0.23367229
0.23069426
0.22720335
0.2278574
0.22545871
0.2273667
0.22356395
0.2254033
0.22572963
0.22649373
0.22676241
0.22316542
0.226154
0.22463286
0.2233998
0.22293958
0.2243192
0.22226803
0.22251803
0.22281833
0.22369336
0.22079642
0.22281948
0.2225158
0.22332586
0.22115685
0.2225076
0.22111356
0.22196926
0.2207265
0.22160263
0.22057757
0.21930985
0.2184363
0.22095819
0.22221988
0.22132283
0.21795912
0.2198542
0.21777405
0.22194612
0.21825397
0.21800491
0.21851726
0.2209502
0.2194844
0.2169264
0.21853505
0.2170292
0.21493515
0.21720187
0.21513183
0.2159727
0.2167138
0.21679457
0.21659863
0.21697828
0.21614002
0.21714044
0.21629795
0.21675372
0.21424142
0.2135611
0.21517229
0.21506451
0.21517572
0.21694829
0.21657969
0.21684557
0.21632814
0.21605979
0.21413368
0.21682203
0.2153459
0.21408045
0.21620527
0.21326776
0.21098553
0.21373317
0.21326861
0.21461381
0.21524322
0.21449673
0.2139148
0.21281719
0.21340665
0.21283358
0.21259086
0.21249925
0.21273768
0.20961781
0.21329504
0.21064752
0.21311541
0.21115927
0.21196635
0.2106211
0.21624169
0.2130017
0.212136
0.21176656
0.21150373
0.2097488
0.2118753
0.21193065
0.21589002
0.21111465
0.21184814
0.21236019
0.21238126
0.21327044
0.21365091
0.21144547
0.21455863
0.21157108
0.2121375
0.21328759
0.21294573
0.21532165
0.21375915
0.2139078
0.2128567
0.21184038
0.20967671
0.21463473
0.21357995
0.21389723
0.21499644
0.21482772
0.21297835
0.21198007
0.21281669
0.21385935
0.21555124
0.2139205
0.2145676
0.21560712
0.21359697
0.21405917
0.21496546
0.21332306
0.21628477
0.21231912
0.2140442
0.21102406
0.21106526
0.21448632
0.20941597
0.2155989
0.21490845
0.21275896
0.21137108
0.21498683
0.21257818
0.21275954
0.21193059
0.21225579
0.2108823
0.21148884
0.21317218
0.21042457
0.20623355
0.2098088
0.21158588
0.20994903
0.20969348
0.20743358
0.21050054
0.2108113
0.20977843
0.20904581
0.208762
0.20829183
0.20771214
0.20832212
0.2095775
0.21029389
0.21046244
0.21038224
0.20733392
0.20927097
0.20791814
0.20936334
0.2079316
0.21098839
0.2078805
0.20586807
0.20676902
0.20604269
0.2049828
0.20714502
0.20708106
0.204482
0.20475988
0.20730245
0.20598269
0.20149776
0.20462304
0.2019183
0.20370439
0.20284659
0.20663638
0.20477061
0.2065422
0.20143716
0.20448725
0.2056314
0.20480765
0.20456848
0.20152108
0.2041792
0.20362242
0.20248485
0.20522782
0.2010515
0.2033568
0.20190644
0.20268811
0.20531997
0.20196477
0.20411651
0.20239957
0.20357327
0.20266595
0.20262286
0.20387492
0.20631112
0.2030182
0.20409276
0.19933572
0.2004202
0.1991618
0.20302776
0.20170505
0.19931011
0.2052913
0.2022558
0.20250389
0.20041455
0.20207247
0.20016462
0.20349205
0.20196329
0.2022884
0.20173416
0.20306373
0.19872303
0.20023362
0.19845788
0.20012982
0.19849612
0.20079982
0.20293435
0.20164216
0.20115466
0.20157677
0.19940564
0.20232077
0.20026182
0.19876584
0.1977931
0.20234638
0.20094556
0.19778939
0.19963709
0.19979404
0.19927394
0.19987996
0.19643697
0.20142628
0.19675334
0.19548528
0.20127821
0.20069458
0.20091411
0.20066094
0.19764976
0.19637366
0.20057839
0.19985098
0.19809127
0.19498172
0.19770142
0.19834162
0.19722736
0.19731392
0.19600041
0.1959604
0.19549376
0.19852239
0.19739237
0.19317585
0.19813313
0.19757694
0.1958115
0.19822185
0.19719212
0.19496587
0.1984524
0.19532226
0.19682567
0.19714339
0.197403
0.19712737
0.19814777
0.1970329
0.19466649
0.19778982
0.19802634
0.19701196
0.19859098
0.19666292
0.19674146
0.19674422
0.19804785
0.19878198
0.19850445
0.19919446
0.19551985
0.19801036
0.19969583
0.19861844
0.19669595
0.19595568
0.19863163
0.19782406
0.1970359
0.19491564
0.19569102
0.19243525
0.19485477
0.19875374
0.19513369
0.19473232
0.19286619
0.19423817
0.19427674
0.19603525
0.1935155
0.19580981
0.1944884
0.19462644
0.19419993
0.19693689
0.19123255
0.19422323
0.1909844
0.19447027
0.19347636
0.19278297
0.19019088
0.19454034
0.19254336
0.19359657
0.19443803
0.19107534
0.19253929
0.19302495
0.19438033
0.19334047
0.19614525
0.19235708
0.19280408
0.19301668
0.19522913
0.19342208
0.1921979
0.19121066
0.19057436
0.19027227
0.19298159
0.1937118
0.19356571
0.1923735
0.19047956
0.18957038
0.19351235
0.19107354
0.1934343
0.19146378
0.19096336
0.1915264
0.19185115
0.19221987
0.19109501
0.19180198
0.1918082
0.19220325
0.19048856
0.19257838
0.19159503
0.19120093
0.18959396
0.19026385
0.19031608
0.19077982
0.18927331
0.19049671
0.19058472
0.19213945
0.19137281
0.18883103
0.19128373
0.1888565
0.18980063
0.19143467
0.18804322
0.19019194
0.19031754
0.1915966
0.1915673
0.18934783
0.18929186
0.18882394
0.19137163
0.19109063
0.19003956
0.18809639
0.18903983
0.18928385
0.19053468
0.19154403
0.18879355
0.19136684
0.18913981
0.19138302
0.1884649
0.18674031
0.18925293
0.1866153
0.19011302
0.18626498
0.18752249
0.18627332
0.1894746
0.18860203
0.18525402
0.18767129
0.18585502
0.18717515
0.18875208
0.1862064
0.18865366
0.18519135
0.1859502
0.18671696
0.18627399
0.18794228
0.18644986
0.19079909
0.18809772
0.18824029
0.18671127
0.18552278
0.18738498
0.18722302
0.1853607
0.18913005
0.18876305
0.18791072
0.1875291
0.19025312
0.18806273
0.18906592
0.18448366
0.18753295
0.18782175
0.18613835
0.1871043
0.18679553
0.18691067
0.18956581
0.1885102
0.18868971
0.18980327
0.1880358
0.18665761
0.18585376
0.18713732
0.1860836
0.18920629
0.19012985
0.18663587
0.18438871
0.18535465
0.18349405
0.18569009
0.1843162
0.1857891
0.18673758
0.18612911
0.18459134
0.1846547
0.18659666
0.18686332
0.18755911
0.18588252
0.18438086
0.1831832
0.18483807
0.18260887
0.18348108
0.18342893
0.18438652
0.18342628
0.18327223
0.18508792
0.18393451
0.18310422
0.18549159
0.18332227
0.1862573
0.18255985
0.18426453
0.18257125
0.18446796
0.1862535
0.18380292
0.18218537
0.18271148
0.18318933
0.18380062
0.18433978
0.1853984
0.18126221
0.1837213
0.18221454
0.18158367
0.18438898
0.18249576
0.18216659
0.17977098
0.18246508
0.18050219
0.18034823
0.17915262
0.17968377
0.18069695
0.17972478
0.1778853
0.17954983
0.18052329
0.17980164
0.17954737
0.17803034
0.18037333
0.17884241
0.17553313
0.17992392
0.1765381
0.1759268
0.17885979
0.17992614
0.18170239
0.17951019
0.17645065
0.17875451
0.17703775
0.17994665
0.17933579
0.17740089
0.17999834
0.17555036
0.17795418
0.17914723
0.17965686
0.18007773
0.1776127
0.18191373
0.1788055
0.17624202
0.17807496
0.17870048
0.17798114
0.1779846
0.1784254
0.17723285
0.17695472
0.17665307
0.17786518
0.179372
0.17601079
0.17537664
0.17467952
0.17861053
0.17672066
0.17690197
0.17593767
0.17543791
0.17386128
0.179732
0.17625482
0.17903796
0.17626022
0.17799705
0.1755197
0.17830345
0.1806632
0.17516007
0.17897326
0.17837434
0.17769203
0.17595436
0.1771451
0.17809655
0.17851941
0.17755525
0.17907955
0.17892262
0.17897543
0.1772733
0.17736782
0.1758941
0.1770122
0.17585061
0.17563708
0.17510352
0.17679277
0.17583455
0.17606533
0.17652994
0.17268696
0.17757751
0.1750183
0.17295708
0.17723365
0.17159072
0.17511608
0.17490092
0.17446858
0.17610843
0.17398603
0.17363581
0.17553023
0.17426813
0.17418964
0.17415582
0.1735361
0.17511477
0.17374259
0.17565979
0.17368424
0.17164569
0.17345148
0.17442632
0.175519
0.17284317
0.17598888
0.17284644
0.17411445
0.17367473
0.17166762
0.17475131
0.1721215
0.17306185
0.17401646
0.1735245
0.17237629
0.17390154
0.17347416
0.17291053
0.17375901
0.17160138
0.17346394
0.17161694
0.1736171
0.17323048
0.17167288
0.17124823
0.17150328
0.17323118
0.17058219
0.17152683
0.1709968
0.17255391
0.1695224
0.17141916
0.17176922
0.17216209
0.16836719
0.17199765
0.17009753
0.16956052
0.17021139
0.1722294
0.16969404
0.16916402
0.16896829
0.16743696
0.16885024
0.17128529
0.17140593
0.17052309
0.16823094
0.16996469
0.17454435
0.16987176
0.16967204
0.17158839
0.17008683
0.17064106
0.17085183
0.17114267
0.16869777
0.17084436
0.16726804
0.16869283
0.16938555
0.1674756
0.16994344
0.16657868
0.16597609
0.16667134
0.1693517
0.16658056
0.1685824
0.16694203
0.16775878
0.16756836
0.1660917
0.16743912
0.16541907
0.16701578
0.1686192
0.1679342
0.16873908
0.16773109
0.16733028
0.16515562
0.16865963
0.16468842
0.16745596
0.16553517
0.16911547
0.16793837
0.16446196
0.16806051
0.16749813
0.16708718
0.1700754
0.1706724
0.16937903
0.17014079
0.16681802
0.16780801
0.16663359
0.16813047
0.16810451
0.16891792
0.16896023
0.16872261
0.16752683
0.16929829
0.16551396
0.16637321
0.16593376
0.1654593
0.16709027
0.16695736
0.16555169
0.1660991
0.1679437
0.16475357
0.16868158
0.16620947
0.16623348
0.16693439
0.16782631
0.16539548
0.16840236
0.16577873
0.16430198
0.1645684
0.16402885
0.16565523
0.16632082
0.16453296
0.16751425
0.1644339
0.16361631
0.16125454
0.16371006
0.16240786
0.1615979
0.16081747
0.1638883
0.16290517
0.16300215
0.16188845
0.16268294
0.16248895
0.15951441
0.16036676
0.15901288
0.15995394
0.16180332
0.1620917
0.16191852
0.15954955
0.16102955
0.15908703
0.16035353
0.15874583
0.1599082
0.16113916
0.15836047
0.15957262
0.15621856
0.15854679
0.15753546
0.15814196
0.15892364
0.16266486
0.1574029
0.15999901
0.16047236
0.15768662
0.1580365
0.1591759
0.15978384
0.15679972
0.15986131
0.15767555
0.15737455
0.16013135
0.15888588
0.15630563
0.15699318
0.15623826
0.15912382
0.15724103
0.1573131
0.16012079
0.15721388
0.1591386
0.1561769
0.15723416
0.15600684
0.15590608
0.1572781
0.1583564
0.15655993
0.15524739
0.15499833
0.1555816
0.15653831
0.15545258
0.15648864
0.15712662
0.15662126
0.15618974
0.15914845
0.15606144
0.15859583
0.15847455
0.15545096
0.15571554
0.15541889
0.15895833
0.1566939
0.15712014
0.15650177
0.1550994
0.15698603
0.15664466
0.15536976
0.15837678
0.15769766
0.15790454
0.15882397
0.15682152
0.15567413
0.15742125
0.15392743
0.15531822
0.15367384
0.15599434
0.15597488
0.15716723
0.1577578
0.15855938
0.1542809
0.15438958
0.15604283
0.15668637
0.15697627
0.15590264
0.15673503
0.15875548
0.15469398
0.15767737
0.15519185
0.158718
0.15593298
0.15695558
0.15773228
0.15712576
0.15857258
0.15685648
0.1547892
0.16080794
0.15892074
0.15736961
0.15995924
0.15927152
0.15668568
0.15572411
0.15737155
0.15864016
0.15506239
0.15784481
0.15945879
0.15946878
0.15753464
0.15479334
0.1575977
0.1550498
0.15791914
0.15615556
0.16045958
0.15866138
0.1561969
0.15833803
0.15721406
0.15736611
0.15515412
0.15924327
0.15461768
0.15613823
0.15653977
0.15841039
0.1576998
0.15632421
0.15734877
0.15816016
0.1566661
0.15804596
0.15635908
0.1565457
0.15448743
0.15663314
0.15614352
0.15443821
0.15515342
0.15550688
0.15813565
0.1555248
0.15651935
0.1567344
0.15532596
0.15568204
0.15409684
0.15616128
0.15546067
0.15493158
0.15505192
0.15261848
0.15604159
0.15470152
0.15393163
0.15401423
0.15441181
0.15496445
0.15492538
0.15683292
0.15388283
0.15520053
0.1557574
0.15544748
0.15448661
0.15232345
0.1545925
0.15413189
0.15497325
0.15398976
0.15347931
0.15642808
0.1575736
0.15625533
0.15590289
0.15441138
0.1533409
0.15305735
0.15629032
0.15343606
0.15443122
0.15526628
0.15435487
0.15543324
0.15630893
0.1515112
0.15424001
0.15492955
0.15511751
0.15547116
0.15472573
0.15438142
0.15545824
0.1529882
0.15391558
0.15246058
0.15438312
0.15424408
0.15546362
0.1543485
0.15225483
0.15111256
0.15302826
0.1518192
0.15274346
0.15274271
0.15175657
0.15089677
0.15218589
0.15061365
0.14980602
0.1506996
0.15124159
0.15135458
0.15068085
0.14855291
0.1516609
0.14761879
0.14915715
0.14789939
0.15095338
0.15018299
0.14641415
0.14862472
0.14835659
0.14961486
0.14694229
0.14845741
0.14998119
0.14710297
0.1508484
0.14846528
0.14636637
0.14937332
0.14799099
0.14793508
0.15046972
0.1483395
0.14558555
0.14824857
0.15024757
0.14964837
0.14765203
0.1485056
0.15230481
0.15098678
0.14893124
0.15001266
0.14738017
0.14757673
0.14715001
0.14953753
0.14525098
0.14951526
0.14984402
0.14709088
0.14753836
0.14628088
0.14720497
0.14948934
0.14875384
0.14619638
0.15109847
0.14741907
0.15132502
0.14767879
0.14843063
0.14807925
0.14981101
0.14969234
0.14829688
0.14667754
0.14519061
0.1507202
0.14834723
0.14786124
0.1480234
0.14892592
0.14818643
0.15192537
0.15024087
0.14972177
0.14797623
0.14649387
0.14626585
0.15040347
0.14960484
0.14874566
0.14883432
0.14857739
0.14852072
0.14829537
0.14882429
0.1488811
0.14788358
0.14897235
0.15027831
0.14789043
0.15236591
0.15088542
0.15192443
0.14863874
0.14975904
0.14844696
0.14955205
0.15012561
0.14682919
0.14702843
0.14744906
0.15104106
0.14919221
0.14855371
0.14756654
0.14945477
0.14983317
0.14954029
0.14633968
0.14827017
0.14671898
0.14790244
0.14640222
0.14672808
0.14895853
0.14622892
0.14626074
0.14461942
0.14853434
0.14513609
0.14669031
0.14704235
0.14822757
0.14851627
0.14624736
0.14981988
0.14725527
0.14883417
0.15041164
0.15045328
0.14642514
0.1477062
0.14731383
0.14801034
0.14807491
0.14696799
0.14970283
0.15068708
0.14900064
0.1496056
0.14839846
0.14711301
0.14687344
0.14792009
0.1505425
0.14630349
0.14889638
0.1490521
0.14853324
0.14923905
0.1466425
0.148251
0.14419146
0.14604348
0.14581619
0.14647716
0.14683162
0.14487332
0.14629932
0.14480154
0.14437161
0.14243685
0.14380506
0.14480923
0.14267668
0.14377494
0.14435598
0.14450611
0.14241883
0.14323208
0.14374447
0.14372851
0.14267854
0.14092237
0.14395647
0.14272316
0.14167908
0.14142175
0.14277588
0.14237456
0.14254697
0.1403697
0.14300162
0.14266966
0.14231701
0.14081009
0.13974686
0.14244653
0.1418269
0.14258513
0.14086877
0.14097606
0.14107406
0.14299281
0.1403136
0.14022097
0.14114588
0.14027168
0.14101127
0.13886033
0.14052087
0.1409276
0.14353985
0.14191192
0.14126101
0.14080316
0.13963726
0.13954706
0.14037836
0.14020468
0.14059855
0.1401936
0.1388053
0.14176932
0.13859251
0.14005117
0.13861738
0.14278425
0.14093974
0.14076121
0.1410751
0.13966419
0.1413628
0.13995244
0.14168587
0.14192466
0.13844115
0.1394074
0.13673405
0.13966514
0.1380119
0.13910957
0.14018828
0.1367878
0.13944705
0.14172365
0.13913794
0.13835888
0.13831969
0.13675094
0.13588996
0.13749547
0.1378195
0.13659257
0.13974234
0.1370836
0.13811448
0.1364593
0.13823336
0.13452116
0.13699184
0.13640207
0.13480704
0.13468808
0.13498966
0.13613711
0.13660012
0.13590571
0.13745306
0.13492848
0.13626717
0.13420545
0.13463564
0.13612299
0.13349025
0.13577385
0.1355803
0.1370063
0.13578628
0.13271296
0.13593686
0.13559128
0.13433725
0.13436082
0.13432257
0.13399358
0.13317141
0.1348619
0.13589318
0.13522555
0.13327071
0.13635051
0.13245018
0.13299403
0.13365975
0.13558683
0.13377948
0.13385825
0.13339221
0.13299412
0.13411
0.13263176
0.13449349
0.13412292
0.13404192
0.13450225
0.1336455
0.13401835
0.13337046
0.13250895
0.1328698
0.13407162
0.13506542
0.13220726
0.13260424
0.13818552
0.13434136
0.13642274
0.13369742
0.13562107
0.13463755
0.1322947
0.13352011
0.13384977
0.13519563
0.13617224
0.13370922
0.13210535
0.13283701
0.13465378
0.13206477
0.1348757
0.13347705
0.13471685
0.13251999
0.13497461
0.13485372
0.132816
0.13430402
0.13282937
0.1344737
0.13399975
0.13544624
0.13458718
0.1358245
0.13793199
0.1338896
0.13394105
0.1348099
0.1346046
0.13504224
0.13368337
0.13695233
0.13490307
0.1333047
0.13320562
0.13442731
0.13460824
0.13535307
0.13409793
0.13596763
0.13422021
0.13543352
0.13343954
0.13475843
0.13433297
0.13421302
0.13649672
0.1327279
0.13425222
0.13488744
0.13650866
0.13525778
0.13946068
0.13778336
0.13544367
0.1345613
0.13695645
0.13702926
0.13770841
0.13480037
0.13636924
0.1370018
0.13817304
0.1360522
0.13446341
0.13564305
0.13814235
0.1362444
0.13988623
0.13473351
0.13602461
0.13477463
0.13353841
0.13692352
0.13702218
0.13325061
0.13565743
0.1339688
0.13341346
0.13323085
0.13425113
0.13396142
0.13596995
0.13263856
0.13297601
0.13575052
0.13607061
0.13315862
0.13673937
0.1352832
0.1369026
0.13420726
0.13364512
0.13559316
0.13647003
0.13429394
0.13193068
0.13517508
0.1336085
0.13459177
0.13269444
0.13331015
0.13322398
0.1339362
0.13444915
0.13346426
0.13528197
0.13296561
0.13011272
0.13360803
0.13186446
0.13471639
0.13237277
0.13455155
0.13780414
0.13430434
0.1333679
0.13248515
0.13544458
0.13337995
0.13502133
0.13492598
0.13194072
0.13464758
0.13355777
0.13477875
0.13375038
0.13498792
0.1337432
0.13606337
0.13542876
0.13119467
0.134867
0.1335785
0.13392776
0.13313589
0.13912533
0.13448283
0.13268398
0.13379158
0.13437992
0.13321511
0.13260157
0.13429056
0.13521932
0.13529755
0.13447388
0.13374038
0.13195387
0.1370647
0.13165702
0.13628642
0.13449839
0.13474777
0.13414827
0.13492943
0.13403334
0.13424176
0.1342572
0.13373971
0.13338406
0.1329872
0.13312073
0.13100176
0.12866685
0.1317345
0.13113728
0.13292164
0.13285609
0.13450336
0.13343437
0.13316043
0.13146825
0.13316168
0.13268152
0.13045618
0.12958382
0.1320617
0.13011247
0.13325211
0.1291751
0.12992013
0.13324074
0.13336973
0.1304803
0.13050987
0.13104573
0.12926401
0.13132471
0.13324174
0.13303019
0.13003433
0.13070197
0.13026989
0.13403356
0.1303057
0.13208494
0.13361225
0.13149303
0.13375574
0.13084425
0.13096157
0.13102192
0.1322506
0.13109265
0.13032258
0.12961777
0.13280325
0.13002923
0.12968838
0.13000365
0.13053472
0.13252951
0.13024053
0.12920097
0.12837858
0.12905632
0.12743583
0.1285981
0.12845935
0.1265714
0.12826419
0.12629981
0.12828997
0.12897995
0.1259129
0.12870526
0.12770362
0.12702675
0.12630482
0.12588081
0.12667097
0.12852438
0.12453975
0.12704119
0.12708944
0.12737176
0.12705654
0.1281573
0.1262138
0.12462108
0.123712316
0.12679072
0.12418641
0.12364286
0.1231447
0.12572962
0.12517431
0.12571898
0.123942785
0.12476668
0.1251714
0.12465377
0.12560654
0.12375463
0.12374884
0.12563777
0.1253059
0.12383598
0.12424299
0.12305129
0.12445671
0.12132715
0.12378191
0.12547891
0.12280208
0.12183957
0.1250359
0.121787824
0.12498543
0.12405515
0.12479909
0.12728214
0.12265087
0.1234451
0.123742774
0.12532786
0.12367281
0.1252699
0.124752715
0.1249131
0.12496853
0.12562455
0.12803505
0.12441954
0.12531827
0.12396715
0.12314461
0.12552734
0.12345144
0.12388887
0.12205249
0.12416311
0.12584195
0.12341734
0.12496836
0.124522135
0.12465041
0.12458145
0.124863096
0.122629724
0.1237793
0.12514693
0.12595661
0.12264628
0.121445954
0.123036005
0.12440868
0.12402066
0.1234558
0.1217665
0.122945614
0.12242793
0.121315576
0.12349603
0.12049935
0.120769575
0.11947402
0.11924982
0.120635726
0.121015206
0.122466974
0.120969
0.119966775
0.119651996
0.11745578
0.11830121
0.11889106
0.117383696
0.11966514
0.119722724
0.11689317
0.11853709
0.11763285
0.11769204
0.116649084
0.117936075
0.11855142
0.11634704
0.11699662
0.11572713
0.11687536
0.119716585
0.11518308
0.121103525
0.11801728
0.11822708
0.11888294
0.11661718
0.11763423
0.11775463
0.11788481
0.11706922
0.11759481
0.11869324
0.118601285
0.11757127
0.11731776
0.118374266
0.11618621
0.11654239
0.11777801
0.11952601
0.115954734
0.1180902
0.11778074
0.12123742
0.1147115
0.11502985
0.11649116
0.11742304
0.11314264
0.11552181
0.116578534
0.1152123
0.114400685
0.11899929
0.11532191
0.1140567
0.11612225
0.116959706
0.11741296
0.11459291
0.11200574
0.11560808
0.11365234
0.11434028
0.11598984
0.114248656
0.11528039
0.11510225
0.11722375
0.11728239
0.11228502
0.11403421
0.11681561
0.11569694
0.11834145
0.11617557
0.11649609
0.11769242
0.11542117
0.115269706
0.11534076
0.11500707
0.1169347
0.115152635
0.11368781
0.113380805
0.117217824
0.11338686
0.11639612
0.114397824
0.11340908
0.11568367
0.11559571
0.11434038
0.11601532
0.114207365
0.11592378
0.111830875
0.11514994
0.11524484
0.11364304
0.11302359
0.11681123
0.1161762
0.11604702
0.11430171
0.11404819
0.1157096
0.114679225
0.11806036
0.115663156
0.11463791
0.118098475
0.11747823
0.117065884
0.117418714
0.1127606
0.1170663
0.116672754
0.1156541
0.11702302
0.11412144
0.113194376
0.115592666
0.1160467
0.11591774
0.11467913
0.1127393
0.115898475
0.11627875
0.116144344
0.11720477
0.11546739
0.11543425
0.11507527
0.11625298
0.112395644
0.11228602
0.11394988
0.114456676
0.11761073
0.11799562
0.11556074
0.11624353
0.11594388
0.112649314
0.11673525
0.11320274
0.11493803
0.11496966
0.11567896
0.11399381
0.11399565
0.11609558
0.11486435
0.116842836
0.11277946
0.1146229
0.116102055
0.11506436
0.111312844
0.11525038
0.11458608
0.111917995
0.113881916
0.1130834
0.11263479
0.112119414
0.11168805
0.11085802
0.114956185
0.11381231
0.11445139
0.115347356
0.11375825
0.11318405
0.11142137
0.1117869
0.11191005
0.1099794
0.11214306
0.11025645
0.11042139
0.1141116
0.10937511
0.11279677
0.109423526
0.10874017
0.11102774
0.10743786
0.1113186
0.10921201
0.10970402
0.10788405
0.10909147
0.10828373
0.10744675
0.10809946
0.10837087
0.10839046
0.10728596
0.11166292
0.1072835
0.109135784
0.109789506
0.10623474
0.10564738
0.10766802
0.10797895
0.107034534
0.10667847
0.10936088
0.10737796
0.105920196
0.108957894
0.10796807
0.10805192
0.1071536
0.104425974
0.106032215
0.10682215
0.10626021
0.10517853
0.107712045
0.10531069
0.10529686
0.10511085
0.10426606
0.10602954
0.10450002
0.106788285
0.10430605
0.10532745
0.10513361
0.10682
0.10647742
0.104674876
0.10588128
0.10942223
0.105316766
0.1072757
0.103984594
0.1023285
0.104051374
0.10826959
0.104774594
0.10654997
0.10565347
0.10736152
0.10535316
0.103223175
0.10665241
0.104831785
0.104246326
0.105981566
0.10459066
0.10345438
0.10306449
0.105363615
0.10623497
0.10317316
0.106547184
0.10637166
0.105989374
0.104854405
0.1032047
0.102218695
0.1044517
0.10572156
0.10643051
0.10501878
0.105435595
0.10745835
0.106536105
0.107785046
0.103279345
0.103868715
0.1061264
0.10895215
0.10387496
0.10540091
0.10483716
0.10681128
0.10618345
0.10730215
0.10645332
0.107690185
0.10748542
0.10730073
0.10724235
0.10673625
0.105883874
0.106545255
0.10744329
0.10618961
0.10478596
0.105666324
0.10810122
0.105740674
0.104489155
0.107671395
0.106170334
0.10920723
0.10839349
0.10926276
0.10590544
0.10643475
0.10716024
0.10767761
0.10789473
0.10563527
0.110246524
0.108775996
0.107826464
0.10777878
0.107401244
0.10719395
0.10559977
0.10863321
0.10479276
0.10576615
0.103483185
0.10996149
0.10511423
0.10624967
0.10436741
0.103841655
0.10675888
0.10482327
0.10200767
0.101525694
0.105129905
0.10452437
0.10493548
0.10336416
0.10640998
0.10550716
0.104604036
0.10490232
0.1036015
0.10294492
0.101940915
0.10337511
0.10694281
0.10542324
0.10837674
0.10776974
0.103341304
0.10553978
0.10775109
0.103658505
0.10353504
0.10551597
0.10327751
0.105339
0.10524553
0.104316674
0.10609084
0.10580539
0.10092414
0.10618976
0.103500776
0.10354856
0.10171396
0.10443837
0.104231745
0.10497932
0.10234701
0.100769244
0.1005869
0.10253851
0.10200799
0.10117106
0.1038841
0.10112596
0.10195778
0.099071465
0.10010577
0.097454436
0.09912497
0.09901074
0.100092374
0.09943519
0.09963115
0.09839215
0.10222652
0.10101773
0.10219128
0.10069673
0.09947453
0.09990414
0.10000005
0.10254085
0.10089643
0.09910068
0.099549524
0.10131838
0.10016981
0.0982354
0.10010921
0.100804836
0.10015807
0.10161014
0.1029014
0.10029609
0.101949364
0.10096899
0.09950351
0.09925
0.10126633
0.10072925
0.101549186
0.10065619
0.10248077
0.10344144
0.09888213
0.10050199
0.10272315
0.10381445
0.10045246
0.10375538
0.099444926
0.10181615
0.10333464
0.100947686
0.10192162
0.10451525
0.10510103
0.101849
0.10224559
0.100927845
0.099324875
0.10009139
0.09960679
0.104472786
0.10448588
0.101557516
0.103837535
0.10234579
0.10272042
0.10156753
0.10099518
0.10366883
0.1045214
0.099914186
0.101052165
0.10433156
0.10342412
0.10306472
0.10339043
0.101068385
0.101789966
0.10284127
0.10479338
0.102500126
0.101841554
0.10156547
0.103097774
0.1043157
0.10109989
0.10048447
0.101859815
0.10340963
0.10193197
0.1017356
0.10417794
0.10266087
0.10204472
0.10017199
0.1026793
0.10151733
0.09865175
0.10124104
0.10093089
0.10110383
0.09902846
0.10383229
0.10115082
0.10101706
0.100384235
0.10011937
0.099844195
0.10333251
0.099040076
0.10071221
0.09959776
0.10028201
0.10260504
0.10098856
0.0989282
0.10191209
0.1010821
0.10072049
0.1016913
0.101019435
0.101371065
0.09996686
0.10218422
0.103557006
0.102014676
0.104568526
0.09777111
0.10064134
0.10099818
0.10185412
0.10078371
0.10258019
0.10054003
0.09952863
0.09730102
0.10075805
0.10003554
0.10046904
0.10009745
0.09992769
0.1005455
0.101047516
0.09960881
0.10063837
0.09901762
0.100097045
0.09887081
0.10109212
0.09958691
0.10043967
0.10140673
0.10092496
0.10232858
0.09990221
0.102154344
0.10515817
0.102880515
0.10279784
0.10112127
0.09919514
0.09827178
0.0987063
0.099556886
0.10143836
0.101097554
0.10192496
0.09798709
0.10077414
0.10288744
0.10097019
0.10398483
0.10144286
0.099910356
0.099437416
0.09794572
0.09801532
0.10027566
0.09977289
0.10024223
0.09781605
0.09532228
0.097832665
0.09861862
0.09964806
0.099009424
0.09645579
0.09773629
0.095987685
0.09887423
0.09751804
0.09578412
0.096396916
0.09592312
0.09656242
0.09773556
0.095816724
0.09690604
0.09960753
0.09644087
0.09580596
0.09391698
0.09643027
0.09900706
0.094465
0.09994712
0.09764661
0.09922584
0.09690949
0.09566148
0.09608701
0.09726724
0.101285845
0.09801919
0.0964344
0.0980524
0.1002188
0.09512764
0.09557931
0.09772265
0.09711243
0.09771093
0.09889377
0.09611849
0.09963459
0.09917165
0.09783057
0.09826635
0.096232235
0.09727193
0.09670372
0.10074138
0.09589112
0.097752936
0.095184356
0.09631383
0.097043246
0.0957031
0.09337926
0.09445331
0.09609745
0.09513296
0.09528991
0.09535788
0.0954327
0.10071766
0.09486679
0.096771315
0.09556915
0.095130615
0.09708891
0.09742398
0.09602921
0.09607454
0.09825811
0.09743614
0.096295096
0.092290446
0.09650004
0.09423178
0.09556969
0.098902114
0.09350288
0.09483248
0.09696862
0.09469112
0.09228063
0.09415453
0.09777583
0.093819626
0.09715419
0.09557971
0.09498127
0.09612073
0.094894856
0.095552504
0.096259385
0.09285223
0.091667086
0.0942366
0.095814966
0.095237754
0.09649674
0.09618896
0.095766634
0.09551382
0.095950685
0.09628538
0.093273416
0.09701593
0.09487109
0.09516744
0.095301144
0.09295879
0.09508546
0.09711249
0.094495535
0.09342284
0.09083252
0.09382474
0.09448764
0.09199475
0.09433363
0.092341684
0.09321821
0.09336773
0.094752856
0.09552939
0.09376974
0.09266202
0.094421625
0.09466995
0.09495139
0.09287237
0.09399022
0.09374257
0.09804562
0.094579145
0.094043255
0.09304804
0.093963094
0.094103985
0.09473501
0.09481377
0.09227297
0.09531415
0.09177711
0.09513927
0.09379794
0.0939029
0.095435165
0.09318389
0.09518787
0.0962763
0.094555885
0.09673624
0.09358119
0.09402958
0.09670796
0.09392905
0.09624681
0.09320539
0.09336057
0.09291141
0.0946203
0.095064074
0.09409176
0.0947945
0.09420036
0.096353315
0.09695603
0.09339819
0.09340829
0.09629518
0.09400329
0.0923076
0.09397161
0.092664495
0.09051356
0.09225084
0.0929341
0.09299275
0.094948806
0.092370614
0.091371454
0.09720627
0.09290187
0.09401665
0.09223644
0.09370896
0.08946414
0.093794845
0.09093659
0.091563925
0.09191091
0.091686286
0.095048584
0.09099731
0.093169324
0.09025605
0.09341984
0.0884274
0.095560044
0.08772938
0.08999942
0.09140262
0.0900776
0.09246732
0.09256822
0.09224234
0.08990061
0.09104985
0.08866104
0.091665395
0.09002827
0.092285305
0.09293106
0.0894896
0.09171109
0.090147726
0.08807408
0.09111755
0.091092706
0.090781026
0.08761402
0.08977966
0.09155233
0.09183429
0.091940284
0.08825987
0.0914473
0.08945669
0.08845745
0.09106369
0.091149114
0.089364976
0.0892923
0.09072801
0.09031289
0.089598134
0.09004451
0.09032429
0.08896923
0.08964577
0.089876644
0.088817775
0.09000479
0.08745455
0.089107774
0.088421784
0.0902299
0.091128595
0.08926214
0.089523785
0.087922655
0.08719922
0.089437135
0.08965058
0.08550318
0.08728773
0.08760801
0.08752921
0.0881508
0.089171246
0.08959082
0.089612275
0.08766344
0.09051244
0.08659743
0.08786151
0.09156573
0.08797024
0.08791037
0.08887395
0.088679135
0.08920504
0.08705769
0.09048414
0.08810476
0.08745306
0.0869796
0.089999296
0.085071415
0.08704959
0.08767299
0.088187404
0.08783473
0.08619963
0.085857145
0.08628735
0.08492054
0.086753204
0.08558125
0.08524247
0.08494943
0.08745466
0.087056264
0.08703942
0.08786143
0.08542371
0.08603757
0.08486468
0.08694166
0.086670086
0.087644406
0.08421492
0.08745335
0.08297899
0.083900444
0.08646606
0.087358
0.08251398
0.08573933
0.08720906
0.08714292
0.086901896
0.08702222
0.08499282
0.08568187
0.08541129
0.08545446
0.08417026
0.08651693
0.08606549
0.08401471
0.087112576
0.084801726
0.08727364
0.083767146
0.08658198
0.08672191
0.0869953
0.08525085
0.08543649
0.084576316
0.088948384
0.084337495
0.082587816
0.08308634
0.08526005
0.08459599
0.08326533
0.08510717
0.086261205
0.08523433
0.086221196
0.0857208
0.08544967
0.086823456
0.086610675
0.08306005
0.08380469
0.08524177
0.08271547
0.083681285
0.08378041
0.08421902
0.08593319
0.08340243
0.08611511
0.08489709
0.08421755
0.08724154
0.085498504
0.08266918
0.08360717
0.08204382
0.082395546
0.082331575
0.0840036
0.084634714
0.084562056
0.0864654
0.08355671
0.08495211
0.08361334
0.083005
0.08604104
0.08426474
0.08244364
0.08203522
0.08131287
0.08271401
0.08370466
0.084283695
0.084082074
0.082593985
0.08223957
0.08193819
0.081532
0.07883749
0.08225196
0.08145803
0.08235165
0.08082187
0.083756864
0.08089906
0.07957305
0.08501246
0.08212809
0.080070466
0.080707945
0.08126079
0.07812265
0.08000714
0.082248904
0.07959636
0.07964816
0.07914806
0.081053525
0.079494126
0.08077448
0.081835374
0.0790225
0.08039839
0.08051519
0.07743129
0.08018974
0.08083047
0.081333734
0.080097735
0.08111642
0.079327084
0.07824893
0.07905533
0.07735412
0.07977004
0.08010945
0.07894611
0.08040067
0.08139347
0.07783718
0.08074021
0.078494854
0.07904756
0.07878885
0.08037119
0.07958014
0.07944752
0.08217665
0.076961
0.08017239
0.07656655
0.07906266
0.08049457
0.07845375
0.08279971
0.07846774
0.07755786
0.07810368
0.07707561
0.07753138
0.07994755
0.07939715
0.07981898
0.078377746
0.07940638
0.07848465
0.08248115
0.07888181
0.07639341
0.07888957
0.07707259
0.07993778
0.07594383
0.07515556
0.07718708
0.078739956
0.07898037
0.07932227
0.07757151
0.076177694
0.07508285
0.07778326
0.0776766
0.07749452
0.079461716
0.08212511
0.076928854
0.0779168
0.079746515
0.07587383
0.07990899
0.07892477
0.07939201
0.07874296
0.0756025
0.0767348
0.07697133
0.07828968
0.07912528
0.07897214
0.079962805
0.08026579
0.0822321
0.07978613
0.07694843
0.079797745
0.07976008
0.078351356
0.07834836
0.07872532
0.077642344
0.07973165
0.07706092
0.07581387
0.07981903
0.07904503
0.075427
0.078169174
0.07711485
0.07880744
0.07721906
0.07672218
0.079621725
0.07530092
0.075876445
0.07746657
0.07692293
0.08086626
0.0796982
0.076365896
0.07928267
0.07684166
0.0767857
0.07511619
0.07610788
0.07605668
0.07874918
0.07259336
0.077164516
0.075600624
0.07640654
0.07605708
0.07329412
0.073087566
0.07684566
0.073544465
0.076420665
0.07545047
0.0768325
0.07406395
0.07452175
0.075371735
0.0739124
0.075748324
0.07219263
0.07261555
0.0742828
0.07402448
0.074478835
0.075459145
0.073690124
0.07268491
0.076111585
0.07475081
0.07515293
0.074556656
0.07429615
0.07428209
0.07240046
0.07514781
0.07306565
0.07508283
0.07144556
0.076146655
0.07220525
0.07253664
0.07247832
0.07250344
0.07567213
0.07428843
0.07453846
0.07597691
0.072563864
0.07094802
0.07086109
0.072338775
0.07370243
0.072478764
0.072563924
0.07182472
0.07432954
0.07210631
0.07098619
0.07331076
0.07500774
0.07197564
0.07200246
0.07426655
0.07371637
0.072357714
0.073119655
0.072151706
0.07530461
0.071058474
0.07486841
0.07584374
0.072041795
0.07280744
0.075076185
0.07260654
0.07204557
0.07127868
0.07067626
0.07397502
0.07425756
0.0722812
0.07178809
0.07186682
0.074639015
0.0700463
0.07270047
0.072850406
0.07521189
0.07238454
0.06887161
0.07032063
0.073398575
0.0694062
0.068419136
0.07179571
0.06806326
0.07124409
0.070124105
0.06991672
0.07117964
0.07212982
0.07159839
0.06889992
0.06930629
0.07101322
0.07038032
0.07093532
0.07174339
0.06846993
0.07074314
0.06941368
0.06786576
0.06913046
0.06762274
0.07200509
0.06735711
0.065748826
0.066609606
0.07063268
0.06532138
0.070101894
0.07050858
0.07116371
0.06757473
0.06682152
0.0665783
0.06908556
0.069191396
0.06933094
0.07002317
0.06763849
0.068003446
0.067068934
0.068040326
0.06871666
0.06603203
0.06783843
0.069655895
0.07093843
0.06637531
0.07062347
0.06843553
0.06874011
0.066062726
0.067273915
0.06836001
0.06566843
0.07022686
0.068554014
0.068885975
0.07220635
0.06697856
0.07026142
0.06903815
0.06801769
0.06733705
0.068954155
0.06895418
0.069382556
0.06952044
0.06927698
0.07073677
0.06983158
0.07009982
0.06941219
0.07097211
0.069536954
0.06943926
0.069789425
0.06792556
0.06777329
0.07296412
0.06688586
0.06804809
0.06935853
0.06925183
0.068056636
0.06828079
0.06863658
0.06978093
0.06688705
0.068438515
0.06723894
0.069889076
0.064799756
0.066252515
0.06505048
0.06855129
0.06688903
0.06913021
0.06306793
0.06567131
0.070156395
0.06524893
0.06532437
0.063714765
0.06340323
0.06315012
0.06969054
0.064719565
0.0655611
0.06644701
0.065554306
0.06714423
0.067456506
0.06705571
0.06785849
0.068214156
0.06383369
0.06649957
0.06611557
0.06556158
0.069469474
0.06682344
0.06872916
0.06827136
0.06815244
0.0677701
0.0665335
0.06651669
0.06837888
0.06590181
0.069376074
0.0677607
0.06618349
0.06683537
0.0673426
0.06647612
0.066514716
0.06625648
0.06974993
0.064976335
0.06752197
0.067775
0.066896655
0.0665468
0.065506466
0.066582456
0.06717536
0.06929177
0.06700967
0.066940516
0.07070947
0.07075198
0.06911947
0.06921666
0.06471567
0.07043789
0.066898495
0.067123316
0.06904698
0.06664436
0.06822468
0.06654388
0.07122562
0.06919406
0.0656957
0.06715717
0.06754352
0.06947888
0.06836847
0.06722149
0.06628796
0.070325635
0.06705518
0.07031753
0.06665249
0.06726602
0.06828856
0.06532514
0.067503884
0.068187416
0.067489944
0.06974362
0.06278387
0.06616327
0.06722432
0.0654324
0.066157535
0.06528434
0.06448716
0.065841615
0.06696092
0.06490311
0.06642311
0.06620853
0.064919546
0.06712606
0.06540051
0.06665209
0.06610715
0.065638706
0.069188766
0.0681572
0.06701963
0.06493682
0.06491081
0.062258136
0.06444991
0.070455074
0.06937589
0.06659899
0.06959787
0.06657825
0.065365426
0.06569601
0.06346989
0.06557813
0.06573416
0.06409322
0.062275514
0.065082654
0.06345232
0.06427713
0.06621744
0.06423169
0.06361738
0.06497715
0.066166095
0.06698742
0.06433691
0.06415023
0.06688041
0.06631894
0.06253132
0.06518287
0.06444912
0.06676171
0.06510043
0.065285444
0.06499605
0.06489483
0.0636998
0.0670925
0.06445934
0.0655274
0.06750972
0.06499397
0.0625648
0.06421253
0.06590868
0.060941394
0.06458124
0.06896138
0.063230306
0.06357391
0.06755938
0.06531322
0.06455895
0.06478946
0.06566319
0.06580128
0.061506696
0.06278654
0.06607289
0.0639189
0.06579501
0.06440693
0.06295792
0.06203417
0.06574516
0.06407725
0.06308835
0.063296765
0.062716834
0.06266787
0.06474027
0.06281993
0.06235438
0.063421085
0.062217746
0.06496783
0.06141024
0.06718265
0.066545494
0.06531657
0.06574277
0.06543569
0.06266833
0.06285952
0.06391154
0.065504156
0.06362949
0.060742326
0.06491004
0.06276734
0.06387741
0.063670784
0.06483026
0.060111236
0.06383954
0.06447033
0.06282069
0.06306186
0.06426239
0.06416289
0.06614174
0.063729465
0.06362654
0.061087783
0.06241278
0.06453906
0.06339997
0.063814774
0.06389797
0.06336195
0.06729781
0.06546212
0.06161286
0.06382817
0.06357457
0.06017991
0.060958844
0.061454058
0.062989086
0.06391503
0.06299744
0.06271234
0.06522581
0.06362615
0.061867222
0.06238971
0.061302904
0.06404257
0.06488126
0.061817605
0.065265626
0.06525255
0.064480096
0.0632918
0.062241875
0.06430131
0.06401002
0.062077068
0.06588342
0.06354691
0.066587664
0.06424961
0.06613477
0.06426107
0.063149355
0.06270829
0.064065374
0.059845805
0.059587993
0.06308241
0.06007839
0.061689194
0.060716704
0.06450325
0.062041845
0.064016014
0.062019024
0.059288517
0.06458501
0.06493544
0.061196223
0.064691395
0.06380759
0.058167085
0.06372967
0.06522481
0.061868966
0.060337014
0.0630465
0.06268346
0.060428888
0.057481986
0.06129418
0.058852684
0.05966364
0.05996861
0.061313324
0.05976083
0.06252624
0.061074167
0.059506163
0.0613435
0.060331848
0.05904089
0.06137311
0.06018262
0.06291962
0.05984307
0.061094437
0.06184461
0.062562965
0.05980638
0.06203357
0.059859846
0.06340393
0.06382756
0.05845524
0.059733544
0.057551645
0.058778763
0.05830098
0.056589592
0.060107596
0.057779193
0.059736844
0.058383785
0.05814467
0.055324793
0.058103435
0.057973944
0.05574737
0.059086844
0.056075104
0.056646224
0.05629562
0.054987013
0.058166772
0.05339006
0.053047974
0.05441982
0.059288867
0.0564222
0.056957066
0.05613414
0.053967446
0.056712385
0.0562271
0.056237936
0.055878434
0.052958816
0.053826217
0.05279912
0.05686935
0.05520422
0.055846144
0.055650964
0.056930173
0.05181159
0.052811068
0.05292023
0.05371801
0.05451279
0.056547474
0.05545697
0.052598223
0.054273568
0.056378268
0.052922305
0.053276684
0.053833935
0.053893622
0.053862374
0.054240715
0.056234628
0.056479305
0.053135637
0.058357913
0.05468381
0.055695202
0.05326778
0.05332487
0.054244682
0.056383338
0.05395081
0.05715488
0.05555048
0.057778604
0.05424107
0.051942457
0.05457754
0.05444103
0.055784993
0.053684317
0.053164046
0.055592224
0.05446857
0.054665502
0.054411817
0.053738378
0.055151206
0.055512883
0.05400859
0.052824195
0.055945996
0.051218256
0.05578452
0.050404735
0.054221403
0.054436382
0.050887518
0.05474595
0.05290632
0.05328289
0.05541009
0.053466227
0.051444463
0.05438923
0.05477657
0.05493041
0.052633837
0.05615827
0.053087916
0.056208685
0.051754847
0.05209037
0.05405682
0.05236652
0.05248379
0.053209886
0.05423826
0.05481555
0.05331388
0.05521027
0.050026193
0.053901132
0.054432113
0.054302845
0.052790705
0.052066024
0.053480916
0.053012732
0.05524238
0.051555894
0.054928817
0.053077333
0.05520371
0.052919067
0.054617748
0.051210925
0.055402193
0.052263394
0.05397464
0.052023534
0.054718982
0.05710872
0.053030156
0.053841516
0.052301064
0.054925036
0.053632025
0.058093686
0.05342181
0.054101463
0.057258677
0.053706687
0.05397688
0.058462515
0.057203535
0.059540305
0.056146476
0.05420927
0.05589014
0.05619762
0.059824966
0.0572271
0.0551372
0.05521469
0.055015266
0.055286888
0.056550607
0.059383955
0.05655765
0.05444703
0.055196073
0.055686656
0.05342476
0.057327304
0.058230303
0.055185426
0.056322824
0.05696286
0.05520061
0.057418454
0.0595785
0.05430057
0.055559564
0.053364042
0.052208394
0.058763817
0.05561969
0.05536496
0.057336513
0.057536975
0.055328168
0.05306336
0.055661872
0.057681814
0.054283094
0.05714128
0.056730136
0.052512463
0.05665407
0.053479876
0.05646617
0.05578569
0.054767277
0.05507583
0.053852107
0.056122106
0.05329574
0.057087205
0.05996901
0.06066349
0.05750469
0.056928676
0.05391087
0.05703612
0.055308692
0.05535817
0.053989824
0.05694206
0.05895716
0.055022594
0.053685367
0.05344862
0.05430729
0.055772223
0.056522842
0.057316847
0.054259107
0.054630265
0.052433405
0.05727065
0.056445137
0.051657688
0.055884406
0.057598934
0.054220807
0.05560839
0.055465043
0.054546405
0.054635856
0.052484054
0.05669653
0.053495526
0.052895535
0.05470543
0.052739907
0.052039713
0.05095982
0.05022317
0.053859595
0.056854714
0.052456528
0.051434666
0.051083382
0.05162563
0.051951807
0.051245913
0.04907075
0.053548355
0.05219306
0.05275087
0.048988692
0.051863354
0.050904255
0.05025379
0.052163314
0.04874454
0.049449347
0.051653735
0.05042858
0.050304715
0.051838074
0.051915046
0.0521385
0.047092557
0.046413083
0.04934292
0.051354084
0.05070231
0.049863037
0.047856163
0.04912155
0.04800548
0.05096167
0.05159718
0.050097752
0.049045973
0.05172927
0.052769
0.051227275
0.052349914
0.04920984
0.050344735
0.04980166
0.052418012
0.05212507
0.049936786
0.052137755
0.05236556
0.05468382
0.051188853
0.05228672
0.051253207
0.05216133
0.050649688
0.049479652
0.05239564
0.05208059
0.05288481
0.050144136
0.05490862
0.0511624
0.05215269
0.055683672
0.05067356
0.053379904
0.05210541
0.05097223
0.05119885
0.051479895
0.052242078
0.054040357
0.05249663
0.0522381
0.052949924
0.05461288
0.051223606
0.054903526
0.051243108
0.050658092
0.05002166
0.05146265
0.051689714
0.05114648
0.049561575
0.052109838
0.053214777
0.04971488
0.053590856
0.050232954
0.05331625
0.051506426
0.05057874
0.051915582
0.055032756
0.051544815
0.05285718
0.054410823
0.052032184
0.049827434
0.052090425
0.05354743
0.05378419
0.048915338
0.050710663
0.051142056
0.047035392
0.04804563
0.050832238
0.051702812
0.049102854
0.0500713
0.048745565
0.049802806
0.05109917
0.047621395
0.046271473
0.049985297
0.04574256
0.047470957
0.04856269
0.05057431
0.049836468
0.04732409
0.04857302
0.0499356
0.050743982
0.050228033
0.049381513
0.04947673
0.04776387
0.04856096
0.046207312
0.048081957
0.04633504
0.050136898
0.048580226
0.047468726
0.050149363
0.05159958
0.04659695
0.045228485
0.04932022
0.047070116
0.049477376
0.050395686
0.04575686
0.04863252
0.048389856
0.04897506
0.04798348
0.046723153
0.046390507
0.04888078
0.05030415
0.052786574
0.048705805
0.04910088
0.047433555
0.048320014
0.04859293
0.04799353
0.04616
0.04743844
0.04641122
0.050668497
0.049089584
0.044311985
0.049144782
0.047885697
0.048105016
0.05050732
0.051243734
0.051988296
0.04788653
0.046781622
0.050572027
0.049237162
0.050419472
0.047678955
0.048756357
0.04823958
0.049287673
0.04938091
0.047357827
0.049938537
0.050415106
0.050863735
0.047300573
0.050996587
0.045156904
0.04694425
0.04788748
0.051352326
0.05112202
0.05018617
0.053178094
0.04667208
0.04864399
0.04708289
0.04825018
0.04596322
0.046804518
0.050312486
0.04894392
0.04697591
0.04679676
0.04682543
0.046277728
0.045114882
0.049820792
0.045625504
0.049145896
0.051575795
0.0465066
0.047618844
0.048888717
0.046754733
0.04646257
0.04721297
0.05007005
0.044226117
0.04775184
0.04910094
0.049045596
0.046349663
0.04617802
0.049039353
0.051313765
0.04682168
0.04690576
0.048131216
0.048831936
0.051227823
0.047175005
0.047273207
0.046941794
0.050634045
0.048876893
0.051271174
0.046801083
0.046584073
0.047709487
0.048056018
0.048204347
0.04670728
0.047806058
0.04784407
0.047752596
0.045651883
0.04781573
0.04816734
0.04561686
0.04959595
0.0488485
0.045896832
0.048645206
0.046677485
0.048255216
0.044778753
0.049640212
0.048302915
0.043504152
0.045611203
0.047744513
0.04843494
0.046872
0.045740508
0.047017112
0.04466466
0.046812132
0.046995733
0.04805891
0.046550125
0.045807526
0.047003657
0.047824826
0.046301764
0.046912275
0.045546144
0.047730166
0.046782613
0.044655763
0.046080872
0.045417592
0.04756569
0.048874624
0.046045125
0.050804336
0.049814902
0.046473928
0.049282104
0.046683762
0.0500568
0.05126035
0.05017719
0.04651844
0.047519896
0.04475654
0.045447007
0.049961563
0.04717081
0.04491039
0.05060227
0.04474463
0.04993236
0.049569752
0.050801754
0.047274012
0.044420548
0.046981305
0.044909593
0.04856082
0.049565874
0.04809046
0.04827436
0.04765034
0.04697082
0.046653513
0.04682838
0.050540753
0.045043945
0.048070803
0.047235154
0.047418673
0.049107105
0.047544047
0.045491774
0.046823822
0.04490071
0.04478187
0.046873238
0.04894992
0.049044885
0.04723603
0.048414163
0.046894275
0.049382262
0.05101734
0.045010727
0.04572816
0.047760922
0.045370273
0.047033906
0.045917112
0.049670693
0.045448117
0.04331291
0.046180207
0.044153657
0.043947037
0.0485654
0.04731227
0.047603864
0.04568522
0.047748696
0.04796069
0.045688607
0.044197954
0.047748335
0.04557386
0.049054567
0.046499863
0.051232807
0.04189885
0.046817176
0.049040154
0.04573197
0.045829367
0.04368626
0.04363303
0.048200995
0.04727827
0.048387244
0.044918146
0.045706414
0.043393057
0.04886039
0.04334904
0.044694982
0.044731427
0.045612108
0.046441942
0.044603612
0.04404498
0.043902036
0.045324996
0.04430041
0.041485235
0.04315835
0.044962663
0.05040688
0.043519326
0.044979714
0.044647582
0.043318175
0.044500027
0.04359251
0.04345774
0.044373237
0.041102942
0.042202763
0.043387797
0.041662425
0.04431838
0.04393537
0.045165993
0.04306394
0.041705918
0.04075667
0.041316852
0.044169053
0.045392793
0.040684152
0.042807214
0.044525936
0.041771226
0.042923506
0.04372346
0.03910559
0.0435982
0.042565174
0.04547603
0.040542923
0.04477556
0.039228357
0.04512395
0.041998036
0.042184945
0.04222948
0.04670314
0.047963016
0.039408155
0.042888463
0.044352546
0.03921177
0.042428777
0.038207382
0.040195014
0.040084485
0.0400912
0.044346273
0.040910035
0.04153321
0.039885167
0.041434463
0.04230196
0.039773114
0.03925978
0.03953159
0.041910704
0.041466847
0.03959183
0.040341664
0.039611317
0.04005454
0.04074428
0.039092563
0.042048004
0.041117553
0.037853003
0.042515393
0.041685574
0.04039217
0.042157277
0.04076028
0.039847497
0.04231995
0.04048432
0.040347893
0.042285454
0.040988848
0.03766451
0.039384592
0.04175937
0.044761546
0.04051857
0.03667708
0.03940131
0.038549628
0.03808232
0.043661032
0.03840901
0.039382976
0.036486816
0.040603906
0.040634155
0.038156293
0.038530413
0.039314605
0.03684823
0.03676933
0.041319367
0.041925643
0.037708912
0.038040604
0.042891253
0.040006146
0.03895139
0.03744054
0.040686693
0.03808784
0.04026884
0.037274294
0.040213194
0.040187825
0.03674127
0.038465194
0.042243082
0.044352036
0.040374342
0.037787918
0.040479735
0.042142887
0.041135546
0.04306503
0.039251458
0.04031581
0.03842841
0.040051863
0.041415405
0.041303467
0.041042067
0.040971745
0.039809093
0.040606525
0.03957925
0.04131719
0.041401543
0.04105068
0.039972868
0.038880203
0.03832814
0.04401674
0.04016261
0.03808382
0.041621212
0.039460175
0.042391416
0.04161725
0.03925377
0.03630435
0.037644032
0.03827665
0.040065065
0.038586754
0.039101213
0.042473063
0.04145546
0.04094232
0.037273057
0.039861906
0.037141766
0.038201347
0.03685502
0.038483005
0.03785255
0.039793294
0.036720555
0.037038766
0.036619265
0.03828846
0.03541126
0.042529695
0.042584762
0.036511723
0.038190216
0.035872005
0.03670875
0.040141296
0.0346448
0.040118407
0.037403136
0.03775183
0.03810664
0.037714448
0.039410554
0.041239
0.038832467
0.04066013
0.039894924
0.039917137
0.040492952
0.03715382
0.039164882
0.04224013
0.041212544
0.04178006
0.040056452
0.038539052
0.04045853
0.039315492
0.03784529
0.03876789
0.039982777
0.039219342
0.0377989
0.040335357
0.03783606
0.038272202
0.03811692
0.03850829
0.037911046
0.040073976
0.042967096
0.03958534
0.039537888
0.039606027
0.04263763
0.038608186
0.039910167
0.036455624
0.040555224
0.04273098
0.037560984
0.039765194
0.037428465
0.038079962
0.041050695
0.03961736
0.03865098
0.038979214
0.036460835
0.03338422
0.03930674
0.03790968
0.03663534
0.03734381
0.036909673
0.03629186
0.037749026
0.03661882
0.038115732
0.038631286
0.040156607
0.037138868
0.038531944
0.039997183
0.03666551
0.036431935
0.039300933
0.040644176
0.03778829
0.03919707
0.037321016
0.03710128
0.04096979
0.04235828
0.03921852
0.036118113
0.038459845
0.03993957
0.03635033
0.039499793
0.04003523
0.041144192
0.036032066
0.041822847
0.03835952
0.039676834
0.038044535
0.04127296
0.038888652
0.03985678
0.040090434
0.03877297
0.040533956
0.03942494
0.03918937
0.041743703
0.038447093
0.041869868
0.03898584
0.039177652
0.03969801
0.03748749
0.043636944
0.040493578
0.042327296
0.04132328
0.039616592
0.0394842
0.042300213
0.038465858
0.038892936
0.03953968
0.03751533
0.041426547
0.03944395
0.036325227
0.037304316
0.03933459
0.03873226
0.03917621
0.03909817
0.037448823
0.038778502
0.036887307
0.04556166
0.04136491
0.037044205
0.038549922
0.043191534
0.03838021
0.03725947
0.038145654
0.0381512
0.039559692
0.045185592
0.03355986
0.03666706
0.046787478
0.04005957
0.042261314
0.035759956
0.039450116
0.04040209
0.03832613
0.039773416
0.037539903
0.04176355
0.039252993
0.038001243
0.03980704
0.03810185
0.037287027
0.038646035
0.038218416
0.03406721
0.034543928
0.040286954
0.0346305
0.037953287
0.03727691
0.03922631
0.0371523
0.035310026
0.034387186
0.03299854
0.038714897
0.035413098
0.034815587
0.039987877
0.03734378
0.0355817
0.039436884
0.03958187
0.039016724
0.038957693
0.03623478
0.033959385
0.03909049
0.03809352
0.03673131
0.03754394
0.03869484
0.035573274
0.038378235
0.039410606
0.037664983
0.033598486
0.039611775
0.036305375
0.03889766
0.036460564
0.033452988
0.034269907
0.03468927
0.036487095
0.03544194
0.03820928
0.03925472
0.038221017
0.03467379
0.04147435
0.03700353
0.035466388
0.034367904
0.040750027
0.037257027
0.03654536
0.03537531
0.036333706
0.0376957
0.035460986
0.035921294
0.034717932
0.037955683
0.033314534
0.035407815
0.039487865
0.035442468
0.03470439
0.036133874
0.03825345
0.035756312
0.045057327
0.03306127
0.036424693
0.035470422
0.037007824
0.034571983
0.033548474
0.038439173
0.0341934
0.033661965
0.03583965
0.033621423
0.03890101
0.033639327
0.034947105
0.034697823
0.038788527
0.03315158
0.037006184
0.03794851
0.034168478
0.036255304
0.037365817
0.03506275
0.03525107
0.033696942
0.033467945
0.037471294
0.03717877
0.03526296
0.03647746
0.034748457
0.036611043
0.032901827
0.032453448
0.03340262
0.035532005
0.032530617
0.0313325
0.032188617
0.033894606
0.03277012
0.033076394
0.034818903
0.033601917
0.035979453
0.033910945
0.034193713
0.034000114
0.032841306
0.032275748
0.03178363
0.031245302
0.032189723
0.035146777
0.03182012
0.031069795
0.031544298
0.03212663
0.032615967
0.034378827
0.032817397
0.031884942
0.031349517
0.030949228
0.030673707
0.030767314
0.031584825
0.032473754
0.032699388
0.032234613
0.031919
0.030872487
0.030622078
0.029489636
0.03041843
0.030393833
0.031081226
0.03171987
0.03251518
0.031694468
0.030966915
0.03039144
0.03134545
0.031355325
0.031705122
0.03148249
0.031062048
0.03000145
0.030886985
0.031281207
0.033256393
0.032709975
0.032912888
0.030522322
0.03067781
0.030742798
0.032450445
0.032655336
0.032573074
0.032297283
0.032914314
0.03233573
0.033471443
0.033850763
0.035976093
0.03424222
0.03390881
0.033273164
0.033537257
0.032184225
0.032184586
0.032410923
0.033258613
0.033622693
0.033916913
0.033968545
0.03305169
0.03209563
0.03126006
0.032619145
0.032191932
0.032882966
0.032034997
0.032936707
0.032444008
0.033314683
0.03375651
0.0342863
0.03450077
0.033091806
0.03286472
0.03149809
0.032097254
0.03139931
0.031855743
0.031574883
0.03260469
0.033325676
0.033919416
0.034282885
0.034571808
0.03419832
0.03362379
0.0341961
0.03587106
0.036115814
0.0342898
0.033164605
0.03340187
0.033968646
0.033866055
0.03368993
0.033575404
0.03577166
0.040317554
0.03532847
0.033524007
0.035835918
0.035065603
0.034816068
0.03248302
0.03269492
0.03263418
0.033900604
0.033165485
0.0321447
0.031657048
0.032398283
0.032820467
0.033070285
0.032932468
0.03223825
0.031178955
0.03045326
0.031738147
0.033335645
0.034419883
0.03534389
0.034916118
0.035054676
0.033434443
0.032798722
0.03103228
0.032264303
0.03224151
0.033141755
0.033256397
0.03407922
0.034337692
0.033383
0.03336476
0.03436964
0.03497264
0.034749627
0.035162665
0.03485676
0.034966946
0.035020776
0.03544372
0.03565728
0.03447228
0.035289697
0.035526425
0.03628092
0.03587621
0.03658922
0.035363253
0.0344579
0.03311327
0.035665795
0.036506835
0.03767174
0.0363935
0.038896274
0.043792102
0.03878216
0.035938896
0.03541771
0.03630042
0.036575004
0.03589312
0.036504455
0.037461277
0.03874594
0.03828547
0.03912698
0.03819025
0.037876457
0.036447562
0.035991084
0.038256895
0.042122938
0.039271835
0.039026897
0.040902324
0.04174755
0.0407036
0.03947981
0.036862537
0.038116284
0.037927583
0.042288166
0.047367312
0.03996645
0.036021773
0.036227014
0.036507826
0.036616743
0.03719996
0.03752632
0.03775957
0.037304487
0.036580883
0.036493987
0.03602988
0.03578074
0.03759596
0.037708793
0.037498225
0.03675033
0.038602185
0.038879666
0.038098503
0.0368268
0.03888836
0.039488167
0.03845571
0.03824553
0.03768211
0.038907494
0.037988022
0.038312647
0.037854187
0.03699962
0.03660063
0.03648049
0.0376839
0.036560066
0.036036346
0.03458525
0.035256818
0.035655122
0.035620514
0.035985198
0.03644148
0.03706429
0.03672233
0.036661327
0.036142204
0.03552269
0.03487409
0.03417454
0.034771424
0.034370195
0.03644977
0.034232896
0.03502992
0.033827927
0.035378076
0.034502257
0.03270006
0.03431768
0.03571085
0.038841035
0.03636275
0.035356276
0.03289629
0.034187995
0.033922564
0.034901313
0.035669275
0.037469983
0.03819981
0.03807425
0.036641978
0.03701437
0.03655918
0.03843264
0.03807046
0.038312774
0.037203263
0.036678005
0.03721278
0.035851657
0.034478597
0.03356227
0.03449355
0.035103075
0.036346868
0.03638647
0.036665693
0.034731172
0.03396036
0.033685002
0.035555597
0.035825867
0.03672754
0.034764916
0.036452062
0.035786055
0.0371467
0.036021486
0.03600773
0.034519374
0.033743426
0.032408737
0.035407152
0.036242668
0.037721615
0.035051703
0.035200693
0.03589229
0.035047557
0.035135522
0.033562623
0.033372883
0.032833815
0.032510404
0.032465324
0.031081783
0.031681713
0.03463499
0.036089502
0.037563074
0.035674028
0.03505167
0.03369727
0.033821445
0.033269618
0.032111373
0.031149272
0.03013639
0.031552028
0.032251902
0.0348478
0.03511787
0.035003852
0.03468321
0.032163855
0.03290143
0.032393463
0.033151977
0.03348014
0.033541415
0.034459565
0.03867071
0.03781895
0.03887002
0.034387175
0.03463689
0.034219157
0.034080263
0.03395059
0.03361565
0.03248096
0.03310677
0.03337908
0.033840686
0.032168236
0.03312523
0.03417814
0.036520842
0.035158377
0.03302596
0.032996777
0.033115514
0.03479319
0.033727337
0.033035714
0.033413474
0.034000963
0.03550879
0.0344644
0.03345169
0.031740203
0.032563526
0.033924013
0.03491117
0.03367534
0.033388745
0.032670785
0.03362112
0.03440671
0.0347629
0.033721726
0.0322246
0.033473376
0.033859637
0.03347065
0.031340227
0.03311214
0.033510588
0.03283202
0.031406224
0.03336237
0.03462543
0.03620179
0.034642424
0.03394246
0.031519867
0.03176315
0.03258834
0.033623584
0.031502187
0.032723088
0.03208105
0.03358579
0.032411497
0.033428
0.03349962
0.035139274
0.03537266
0.035476852
0.03418355
0.034941737
0.03518845
0.037099283
0.036304604
0.035888333
0.03578501
0.037547376
0.040201813
0.03836986
0.03653811
0.0338245
0.03396698
0.034974303
0.03711522
0.036595736
0.036874585
0.035510946
0.03498718
0.033216722
0.032666888
0.034215663
0.035813466
0.036683418
0.03693688
0.03645476
0.036339324
0.036774486
0.036397006
0.036812
0.035235718
0.033504914
0.032968733
0.033850554
0.03564602
0.03531673
0.036112376
0.035763662
0.035789236
0.03454058
0.03366526
0.033270527
0.035200454
0.03533315
0.03616239
0.032935757
0.033855185
0.032409053
0.03492547
0.034157366
0.034235086
0.03206084
0.0326985
0.033413157
0.034182515
0.034741443
0.0345604
0.03577634
0.036230914
0.038493436
0.038831033
0.037670027
0.037323713
0.03550401
0.03588211
0.034664642
0.034083825
0.033933993
0.035239205
0.037159044
0.036430325
0.03473732
0.03432748
0.032712474
0.033865474
0.032566316
0.0343321
0.0331135
0.03404144
0.03390161
0.033588465
0.032898854
0.03239387
0.03180152
0.030565443
0.032632504
0.033084154
0.034705196
0.034438234
0.034388643
0.034781504
0.033954877
0.032808047
0.032615308
0.032760993
0.033620637
0.032072484
0.030995043
0.031787723
0.03422261
0.034181666
0.035716563
0.033484463
0.032902285
0.031087412
0.03071215
0.03233983
0.03237849
0.03283535
0.031695243
0.03154187
0.030514823
0.03145788
0.031686373
0.033084758
0.032507174
0.03243359
0.032943346
0.03248236
0.032032974
0.030951861
0.030030543
0.028632296
0.029207425
0.029939057
0.031085702
0.02953334
0.028276896
0.027477887
0.02858158
0.030469613
0.033208348
0.034146987
0.033539403
0.031286895
0.030947201
0.03265651
0.033120524
0.033104923
0.029457156
0.028207041
0.026860505
0.0275749
0.029868454
0.03293129
0.033329926
0.032057993
0.030077776
0.031725124
0.031857807
0.03331373
0.034047496
0.03249453
0.03083947
0.031837318
0.033784695
0.03585714
0.033829045
0.034922216
0.03431029
0.034033902
0.031932957
0.03133862
0.031842265
0.032429244
0.032444473
0.03318099
0.035560094
0.036982264
0.037665363
0.03609538
0.035063893
0.03354737
0.03213716
0.030480474
0.030584753
0.033509772
0.03553781
0.057462208
0.0988199
0.064365685
0.042653665
0.032721587
0.031310707
0.033040922
0.035774235
0.038106456
0.03542843
0.033250965
0.03373763
0.0339938
0.033578124
0.03139129
0.032838896
0.033758122
0.033528473
0.03174719
0.033329528
0.035372574
0.03554344
0.033640407
0.032864995
0.03210931
0.0314275
0.03111584
0.031215912
0.032989364
0.03229589
0.032290224
0.03119459
0.02914791
0.031064458
0.031915862
0.03502915
0.033704456
0.03332974
0.031799305
0.031907983
0.030304566
0.031974453
0.030887842
0.032214426
0.028796772
0.030221755
0.029882472
0.032306567
0.030145574
0.029188327
0.028284958
0.030489542
0.03126725
0.031155316
0.030741045
0.030298466
0.030674476
0.029876225
0.030628614
0.032153163
0.03425245
0.034034964
0.03284319
0.031954676
0.030944325
0.029956339
0.02930879
0.02931352
0.02850342
0.030313246
0.030863712
0.03206408
0.03082816
0.033787165
0.032473117
0.032153916
0.029976409
0.031154511
0.03209601
0.030764041
0.032928437
0.031830702
0.034409776
0.032961816
0.032248348
0.031522624
0.030946301
0.032833003
0.03321234
0.032242063
0.0309057
0.029429888
0.03100098
0.029919077
0.02865483
0.02880216
0.030774299
0.03246019
0.031803828
0.031587683
0.031249512
0.030855943
0.03029696
0.030575864
0.029714659
0.028176079
0.02797166
0.02955738
0.031421375
0.031154871
0.030701676
0.0298938
0.029464489
0.028888261
0.029137172
0.030491516
0.031016124
0.030494936
0.030571997
0.031219099
0.030495951
0.02976869
0.029704437
0.030922148
0.03275387
0.032217015
0.035997353
0.0339335
0.032764945
0.028906753
0.028811928
0.028973702
0.029391358
0.029676056
0.028639248
0.02877712
0.028565446
0.029883802
0.031079568
0.0320897
0.032135047
0.031004664
0.02912435
0.026967684
0.02595242
0.026016932
0.025995642
0.026173642
0.027071534
0.027538294
0.02674668
0.026456792
0.025184615
0.025744535
0.026421852
0.027331496
0.029770577
0.03056296
0.03109783
0.031186245
0.030073537
0.029012853
0.027098386
0.027406834
0.027292676
0.028016413
0.027519098
0.028028024
0.026871974
0.026577774
0.026570272
0.026209576
0.026809592
0.026538776
0.028016798
0.027906999
0.028004425
0.027363043
0.028755922
0.02767712
0.027392833
0.026499825
0.025949623
0.025342714
0.024998361
0.025610404
0.027978687
0.028019322
0.028381316
0.028313728
0.028850196
0.026818154
0.02731958
0.026023248
0.025592364
0.025088778
0.02518279
0.025054568
0.026097083
0.027911033
0.027207261
0.027523363
0.027801434
0.027227022
0.026154812
0.025880702
0.025632199
0.025434822
0.02555566
0.025847971
0.025524983
0.025986075
0.025461216
0.025705572
0.024427494
0.024088867
0.023291657
0.023071958
0.022389945
0.022637801
0.022963671
0.022481568
0.02276444
0.023982555
0.02380055
0.0251822
0.024778891
0.024720708
0.025567038
0.024743266
0.02330314
0.023825977
0.023792233
0.020902446
0.021953352
0.022001127
0.022389187
0.02294253
0.023217432
0.022278156
0.02247189
0.022737158
0.02158128
0.022008015
0.02265205
0.022557449
0.022703175
0.023150628
0.022714986
0.022543093
0.022784743
0.021879664
0.022092834
0.021745928
0.022467192
0.021652918
0.021654883
0.02160608
0.022122083
0.021877313
0.02260065
0.0227041
0.022275398
0.023015758
0.024362423
0.024406021
0.024247937
0.024354829
0.025300933
0.023714209
0.024013642
0.025175022
0.025627105
0.025762947
0.02747374
0.026695797
0.0271266
0.027756786
0.026055992
0.024650637
0.025465202
0.024006108
0.02376803
0.023028208
0.023193447
0.023057379
0.023723692
0.022387581
0.022802236
0.02235055
0.022539416
0.022907197
0.024755906
0.025939882
0.027300129
0.026896706
0.026024392
0.025190797
0.024835188
0.02348136
0.024426721
0.024416061
0.024329668
0.025279008
0.026657075
0.026971437
0.02843434
0.028642656
0.02908328
0.029239371
0.028527027
0.028359141
0.02879
0.026966969
0.027466822
0.027966265
0.027281279
0.026732907
0.028698063
0.026462024
0.025499007
0.025532799
0.025640246
0.02507219
0.026346594
0.027447885
0.02806194
0.028099071
0.02765946
0.027702823
0.027125884
0.02699777
0.026150802
0.027743934
0.027981889
0.027725685
0.027811365
0.02814828
0.026492048
0.025919303
0.02564337
0.026042534
0.026841708
0.026403887
0.025896152
0.025114005
0.023976604
0.024467155
0.023546327
0.023221102
0.02403413
0.023670878
0.023534399
0.022586865
0.023216922
0.024098502
0.025559364
0.027103001
0.02748928
0.027459353
0.026372042
0.024380645
0.023664556
0.024174096
0.02366858
0.024920404
0.025625251
0.026709007
0.026495356
0.024659188
0.024731077
0.024031349
0.023985278
0.025043596
0.025432905
0.026351454
0.02629354
0.025970506
0.026208725
0.027558254
0.027427413
0.027015693
0.028239677
0.029144771
0.028745286
0.028384443
0.027779572
0.029255455
0.027283467
0.02813587
0.028574487
0.030089086
0.028797202
0.029110497
0.027925301
0.02745752
0.025931137
0.026521316
0.027517214
0.026625907
0.027156807
0.028610298
0.029381052
0.02809303
0.030958537
0.030694207
0.0308895
0.029102381
0.030085033
0.028687792
0.029907517
0.028776988
0.029041305
0.029774196
0.030871678
0.030229704
0.031121075
0.031181475
0.030418612
0.028770588
0.02835231
0.028300978
0.029348966
0.030260965
0.029912695
0.030370133
0.029381676
0.027848395
0.027423877
0.025959807
0.026857603
0.027150122
0.028646315
0.03082132
0.031357966
0.032705493
0.03265185
0.032583795
0.03222809
0.032797735
0.033454675
0.033500493
0.03464491
0.034253687
0.033129025
0.033030022
0.032358646
0.031537075
0.03223192
0.032464493
0.03133044
0.031821486
0.0313452
0.029897727
0.030084502
0.030484218
0.030270094
0.030089483
0.03190708
0.032220215
0.032646865
0.033252206
0.032251306
0.031008674
0.03196504
0.032694466
0.03182957
0.03292928
0.032911975
0.0315462
0.031612825
0.033024166
0.033252712
0.03381159
0.034132674
0.03344046
0.033002388
0.032010812
0.031673007
0.031888556
0.031706348
0.031783152
0.03231956
0.031769726
0.032164667
0.031841528
0.03101678
0.030470744
0.03154329
0.030836347
0.03094456
0.029215563
0.02874324
0.028145315
0.026898583
0.026163265
0.026002366
0.02756828
0.027525395
0.027132925
0.027540833
0.027652945
0.028278219
0.0280589
0.030101258
0.031710498
0.031068843
0.031382196
0.030636515
0.028440857
0.02814294
0.02528086
0.02581313
0.02529765
0.024770798
0.024893373
0.02516897
0.026479539
0.0269225
0.026920173
0.02648034
0.027252717
0.027942272
0.028051002
0.026670331
0.025175318
0.024401614
0.024594225
0.024671512
0.024067169
0.024170622
0.024947349
0.025807217
0.026590701
0.026190493
0.02543325
0.026505653
0.025789045
0.025293218
0.025601102
0.025251057
0.025582263
0.025824366
0.02669687
0.027353141
0.027154656
0.027847994
0.027343148
0.027427362
0.029257603
0.027777936
0.027770653
0.02794391
0.026519224
0.026828635
0.026232
0.023481036
0.024003727
0.024251629
0.02356202
0.022978937
0.024053525
0.02473738
0.025092943
0.024424408
0.02426058
0.023802742
0.02498578
0.025648005
0.024050046
0.02555165
0.025499323
0.025402637
0.024873234
0.024450626
0.025524812
0.02607347
0.026074527
0.02755153
0.027329523
0.027967403
0.027968174
0.027642367
0.027778814
0.026679194
0.025263567
0.025998544
0.025368733
0.024720859
0.024349881
0.024152072
0.024361812
0.02516332
0.024892094
0.025311714
0.02606892
0.028264306
0.027970178
0.028077673
0.027362349
0.029007586
0.028853523
0.027983036
0.02773001
0.027341621
0.026968308
0.028248416
0.02720065
0.027048552
0.026721679
0.02609401
0.026247932
0.026532391
0.02567382
0.025057899
0.024194827
0.02416252
0.024272704
0.025211193
0.025360553
0.026266007
0.026130255
0.025568338
0.027026936
0.027008409
0.026767267
0.025907
0.024772096
0.024668671
0.02540305
0.025596289
0.025046906
0.02605679
0.027458003
0.028087622
0.027620556
0.028271612
0.027182097
0.02723664
0.028411992
0.027123505
0.027332429
0.02768435
0.026889449
0.026949827
0.0277608
0.027349573
0.027720705
0.027972555
0.028347902
0.029686337
0.029057285
0.029169489
0.02869354
0.027904889
0.027852567
0.028335841
0.028004298
0.028759135
0.028042248
0.028620647
0.028776238
0.029042277
0.02978585
0.028683025
0.02782233
0.026460206
0.026907736
0.026515154
0.026426477
0.026819378
0.025841359
0.025942566
0.026336152
0.026303912
0.027999451
0.027915893
0.029197989
0.028236726
0.028073082
0.028890118
0.029431269
0.028374549
0.027718455
0.02738923
0.027278172
0.028434714
0.028367627
0.028615523
0.02792781
0.02841566
0.029085422
0.029963426
0.030007243
0.030458286
0.03066679
0.030884178
0.030800967
0.031518288
0.031324618
0.031193502
0.030510452
0.029992217
0.029111633
0.029220304
0.029198732
0.028533284
0.027454956
0.026681112
0.026893323
0.027084624
0.026644215
0.026841136
0.025010115
0.025407031
0.025192019
0.026353559
0.026555603
0.02639934
0.026223682
0.025141625
0.023587072
0.0236218
0.023653233
0.02304063
0.022365598
0.021483283
0.02110719
0.020560605
0.021236524
0.02172162
0.022055378
0.02289255
0.022170264
0.022755846
0.023018941
0.023641963
0.023661606
0.02392852
0.024352973
0.023173751
0.023744645
0.023155274
0.024052149
0.024585824
0.02415408
0.02426843
0.024523843
0.024807585
0.02468361
0.024249027
0.023951797
0.02301207
0.023750188
0.023000702
0.02300109
0.02307119
0.022577912
0.022008605
0.021319568
0.021155242
0.021191455
0.021101657
0.021213401
0.02135403
0.020994639
0.020320775
0.020019013
0.019673599
0.019836739
0.020388445
0.02051947
0.020685317
0.020469125
0.020176202
0.020539695
0.020405099
0.02071776
0.021109428
0.021480167
0.021333978
0.022225367
0.022595817
0.022369448
0.022372873
0.023111697
0.023909783
0.024494145
0.024826337
0.024284825
0.025155498
0.02485848
0.025502292
0.024406284
0.024105199
0.023990925
0.024387011
0.0239864
0.02273365
0.022059446
0.022352958
0.0231199
0.022309607
0.023180967
0.02292142
0.023388289
0.02327901
0.023778882
0.023949927
0.023701249
0.024969397
0.025568357
0.026034815
0.025718907
0.025506003
0.025119815
0.024524763
0.024232883
0.024190497
0.025081778
0.02625398
0.026561286
0.027373938
0.02663203
0.027131759
0.027512284
0.028044982
0.028409326
0.028313879
0.0286345
0.029294929
0.028447377
0.027242702
0.0271327
0.027597897
0.027285736
0.02805741
0.02870738
0.028261404
0.028668333
0.028378705
0.027149629
0.027021326
0.027304657
0.027048685
0.026974766
0.026667703
0.026152363
0.025494097
0.024813373
0.026025929
0.02642342
0.026908385
0.028527167
0.028910939
0.029471442
0.030836072
0.030438056
0.030356508
0.030750372
0.030888386
0.031304058
0.030101063
0.029566089
0.030554924
0.029924665
0.030331472
0.029284084
0.028168207
0.029136324
0.02983564
0.030668415
0.030221317
0.030587118
0.031440724
0.030553209
0.029855968
0.03050326
0.029570315
0.030715348
0.031526465
0.03179003
0.031391054
0.03162914
0.031414777
0.03220825
0.032925673
0.034030586
0.034824174
0.03437702
0.035863116
0.03588083
0.035329364
0.036544044
0.036791004
0.038058657
0.038500834
0.038350172
0.03766357
0.037292268
0.037834555
0.036099598
0.036029648
0.035187095
0.03411597
0.034393333
0.033678968
0.033772264
0.033607673
0.031632617
0.031307697
0.030579908
0.029848222
0.030069435
0.03017792
0.030484185
0.030055534
0.030227
0.029169487
0.029905451
0.029410403
0.029388852
0.030182512
0.030404566
0.030729331
0.031178815
0.031510554
0.031242648
0.031278517
0.030946244
0.029903067
0.030104278
0.031342562
0.031679444
0.031859912
0.031355005
0.031212894
0.031670712
0.031383034
0.031208783
0.030965094
0.031483583
0.032246232
0.03295435
0.03330517
0.032321543
0.03133959
0.030382559
0.030775378
0.030784689
0.031221738
0.031424243
0.03182579
0.031971797
0.031818584
0.031150581
0.030845186
0.03166708
0.031476017
0.031569853
0.031014426
0.031101864
0.03169369
0.030929899
0.030929523
0.031046461
0.03083265
0.030025017
0.030009883
0.030542376
0.029821191
0.02903009
0.02919563
0.029255982
0.029235441
0.029073063
0.02941408
0.029455284
0.030086078
0.029976541
0.029073242
0.028626448
0.02800152
0.027682006
0.027529748
0.027013483
0.027517822
0.028072946
0.0273423
0.027419928
0.026397621
0.025565157
0.02551584
0.025218235
0.024572143
0.024079487
0.023213414
0.022671342
0.02320088
0.02302308
0.02250516
0.022946596
0.023220725
0.022834986
0.02362445
0.023104137
0.022569781
0.022327561
0.022200892
0.02228858
0.022366997
0.022479597
0.022640184
0.0231504
0.023584167
0.023372056
0.023877872
0.02492857
0.02468212
0.02430919
0.02419794
0.025028745
0.024896353
0.024784876
0.025035089
0.024380555
0.024855558
0.025552165
0.025320774
0.025804618
0.026652206
0.02672887
0.026290344
0.025971118
0.025084745
0.02439272
0.02466887
0.024733286
0.024571657
0.023831312
0.02345241
0.02270261
0.02263676
0.022586672
0.021787517
0.021138897
0.02096221
0.020760976
0.02070265
0.020529227
0.020050567
0.019665243
0.019890213
0.019982666
0.019297946
0.019510705
0.019577103
0.019546146
0.02008048
0.020499041
0.020423755
0.019941004
0.020398434
0.020674827
0.0208024
0.020621195
0.021417238
0.02154885
0.021495517
0.02140793
0.021872327
0.021922503
0.021895945
0.021471048
0.021757476
0.02185742
0.02216239
0.021611301
0.021592313
0.02146026
0.02207972
0.021935074
0.021885933
0.021655481
0.021472273
0.020887678
0.020742312
0.020471847
0.020549854
0.0206893
0.020497052
0.020199105
0.020298375
0.020206572
0.019840673
0.019688463
0.019762268
0.020089487
0.019789385
0.019403689
0.018991685
0.019049305
0.018696304
0.01854603
0.018502707
0.018531978
0.018426884
0.018832004
0.019029962
0.018641198
0.018803917
0.01851836
0.018393971
0.018514784
0.01855142
0.01892821
0.018775253
0.01936888
0.01944539
0.019170757
0.019392302
0.019194737
0.019703053
0.019745145
0.020186292
0.020835247
0.020400465
0.020128641
0.019907419
0.020023974
0.020090241
0.020795217
0.021083117
0.02152149
0.021679249
0.021480205
0.02124033
0.02087353
0.020894084
0.021605518
0.021014797
0.020706806
0.020806951
0.020369694
0.020528335
0.020789945
0.02089233
0.020630201
0.020649185
0.020644067
0.020951891
0.020521708
0.020784251
0.020735167
0.020948358
0.021021523
0.021233046
0.021534283
0.02158482
0.02172332
0.022036105
0.021701287
0.021515746
0.02115853
0.021069538
0.021256149
0.021696758
0.02203755
0.021634035
0.02158911
0.021761665
0.021990819
0.021816647
0.021520698
0.021745488
0.022045445
0.022031793
0.022432063
0.022291336
0.022254918
0.022295838
0.022364054
0.021709803
0.021154491
0.021319874
0.020895591
0.020558462
0.020541243
0.020573052
0.020360338
0.020456353
0.020744218
0.020568766
0.020463329
0.02035154
0.020074863
0.019795654
0.019906309
0.02022136
0.02000759
0.02033981
0.0203198
0.020447712
0.020666603
0.020917298
0.020734215
0.020779824
0.020853184
0.020995522
0.021159142
0.02145234
0.021655
0.021974485
0.02166998
0.021863628
0.02153939
0.021656971
0.021629583
0.021841401
0.022134338
0.022843882
0.023258438
0.023231633
0.023403289
0.023596369
0.024005912
0.024397306
0.024532458
0.024729384
0.024977427
0.024830488
0.024514232
0.02411726
0.023297366
0.023139888
0.022753
0.02251566
0.022305649
0.02243517
0.021847628
0.021463277
0.021020025
0.020997498
0.021072417
0.020588785
0.020492218
0.020432353
0.019971658
0.019819267
0.019453136
0.019487767
0.019334419
0.018905124
0.018846324
0.018491603
0.01851831
0.01825357
0.018048663
0.01801849
0.0179645
0.017929507
0.017745595
0.017494988
0.017472925
0.017157739
0.01716057
0.017050192
0.017016849
0.016879518
0.016713873
0.016410645
0.016212482
0.016069157
0.015916884
0.015690338
0.015485857
0.0152470125
0.014977224
0.014802554
0.014529368
0.014411773
0.014203499
0.013958611
0.013774235
0.013551692
0.01333966
0.013137492
0.012944596
0.012760425
0.012584478
0.012416293
0.012255442
0.012101534
0.011954201
0.011813106
0.011677936
0.011548398
0.011424222
0.011305154
0.011190961
0.011081422
0.010976331
0.010875499
0.010778745
0.010685901
0.010596812
0.010511328
0.010429311
0.0103506325
0.01027517
0.01020281
0.010133443
0.010066971
0.010003296
0.0099423295
0.009883988
0.00982819
0.009774865
0.00972394
0.009675349
0.009629033
0.00958493
0.009542988
0.009503154
0.009465381
0.009429623
0.00939584
0.009363989
0.009334036
0.009305946
0.009279685
0.009255227
0.0092325425
0.009211607
0.009192398
0.009174893
0.009159074
0.009144925
0.009132428
0.009121572
0.009112344
0.009104735
0.0090987375
0.009094344
0.0090915505
0.009090354
0.009090354
0.009090354
0.009090354
0.009090354
0.009090354
0.009090354
0.009090354
0.009090354
0.009090354
0.009090354
0.009090354
0.009090354
0.009090354
0.009090354
0.009090354
0.009090354
0.009090354
0.009090354
0.009090354
0.009090354
0.009090354
0.009090354
0.009090354
0.009090354
0.009090354
0.009090354
0.009090354
0.009090354
0.009090354
0.009090354
0.009090354
0.009090354
0.009090354
0.009090354
0.009090354
0.009090354
0.009090354
0.009090354
0.009090354
0.009090354
0.009090354
0.009090354
0.009090354
0.009090354
0.009090354
0.009090354
0.009090354
0.009090354
0.009090354
0.009090354
0.009090354
0.009090354
0.009090354
0.009090354
0.009090354
0.009090354
0.009090354
0.009090354
0.009090354
0.009090354
0.009090354
0.009090354
0.009090354
0.009090354
0.009090354
0.009090354
0.009090354
0.009090354
0.009090354
0.009090354
0.009090354
0.009090354
0.009090354
0.009090354
0.009090354
0.009090354
0.009090354
0.009090354
0.009090354
0.009090354
0.009090354
0.009090354
0.009090354
0.009090354
0.009090354
0.009090354
0.009090354
0.009090354
0.009090354
0.009090354
0.009090354
0.009090354
0.009090354
0.009090354
0.009090354
0.009090354
0.009090354
0.009090354
0.009090354
0.009090354
0.009090354
0.009090354
0.009090354
0.009090354
0.009090354
0.009090354
