5507.4854
1620.6687
750.38794
532.89905
416.8994
341.27313
286.6242
245.48639
213.31836
187.24622
166.22086
149.25871
134.15987
121.81761
111.14338
101.92239
93.58663
86.597305
80.43957
74.66364
70.20546
65.221405
60.98774
57.40683
54.437904
51.34394
48.449135
45.9443
43.68113
41.744473
39.553867
37.918087
36.26701
34.654335
33.140945
31.797457
30.646338
29.52861
28.469349
27.566002
26.579296
25.65646
24.756123
24.301483
23.532227
22.44342
21.814314
21.143375
20.586084
20.07167
19.572512
19.073648
18.662092
18.211098
17.872986
17.33941
17.079224
16.69729
16.282448
15.970866
15.564328
15.315449
15.055402
14.820694
14.537743
14.208872
13.94506
13.702503
13.546328
13.20063
12.962173
12.759546
12.610623
12.440435
12.316477
12.048611
11.830469
11.632225
11.468285
11.399053
11.211997
10.993253
10.901012
10.778515
10.785927
10.445804
10.366952
10.2816515
10.165115
10.064594
9.906995
9.838209
9.668921
9.667103
9.499052
9.450914
9.317235
9.253316
9.395839
9.120985
9.007109
8.935627
8.801645
8.777756
8.663534
8.661795
8.536827
8.472187
8.355098
8.29884
8.253368
8.207066
8.150243
8.081943
8.014708
7.975621
7.927155
7.9383736
7.844858
7.83438
7.7113037
7.796589
7.598181
7.5642085
7.46405
7.450304
7.380111
7.334828
7.249168
7.2263093
7.1415176
7.0951576
7.0686665
7.0198565
6.992584
6.985497
6.944372
6.9086313
6.884513
6.8520174
6.7947097
6.792354
6.735895
6.666228
6.6529765
6.6266456
6.584288
6.57304
6.5477715
6.5226526
6.504242
6.5027566
6.4294786
6.432537
6.402166
6.427364
6.353547
6.323282
6.3100967
6.268046
6.2455454
6.194756
6.186707
6.1572742
6.1344295
6.12543
6.0835567
6.0645847
6.040424
6.009272
5.9909105
5.9649725
5.952406
5.9146795
5.911866
5.8884254
5.85439
5.850421
5.793935
5.7728405
5.750099
5.7215104
5.687502
5.7133684
5.6749926
5.664213
5.6250305
5.636002
5.5937037
5.572705
5.558775
5.5462413
5.5368686
5.5076904
5.492293
5.4914722
5.467658
5.4275956
5.4276752
5.415621
5.382873
5.370622
5.372591
5.336179
5.337146
5.330746
5.3029547
5.277409
5.2713265
5.257065
5.2574525
5.231098
5.2300553
5.2280965
5.188425
5.1807003
5.1768365
5.171904
5.1439314
5.1530833
5.1387925
5.115263
5.106438
5.0984564
5.082003
5.093059
5.063355
5.0629053
5.058707
5.022907
5.032446
5.0506516
5.014832
5.015868
4.9846854
4.994803
4.963443
4.9762406
4.967715
4.9472885
4.923653
4.904551
4.906886
4.8896136
4.9035997
4.8779373
4.876026
4.8561444
4.8367305
4.822806
4.837225
4.823114
4.822201
4.8043213
4.811942
4.81369
4.779913
4.7900424
4.7764173
4.7796183
4.75087
4.741485
4.7360296
4.7488017
4.723287
4.7332687
4.7218366
4.7071486
4.695926
4.648225
4.6599827
4.66969
4.636949
4.611147
4.596775
4.5874014
4.5680585
4.570401
4.567073
4.5571055
4.5525036
4.542911
4.5129848
4.492926
4.4911304
4.4959073
4.4612684
4.463279
4.465613
4.438116
4.4229617
4.4157662
4.408573
4.403202
4.4106445
4.3911943
4.401662
4.3825626
4.3762045
4.3416157
4.345817
4.3315268
4.3240895
4.3080378
4.3191395
4.31184
4.3208904
4.2954397
4.2858825
4.2808895
4.261452
4.2627897
4.2455006
4.2673254
4.2634497
4.2675133
4.2493405
4.278988
4.236844
4.223897
4.2042155
4.2041745
4.199306
4.176898
4.1797566
4.1523247
4.151173
4.12954
4.1267066
4.1163826
4.1160483
4.0717506
4.072523
4.063012
4.0329576
4.018004
4.0068026
4.02843
4.0095043
4.0098486
4.007118
3.9886408
3.9776356
3.9844756
3.980946
3.9793339
3.961469
3.943288
3.9466164
3.9320207
3.9212608
3.9083703
3.8913662
3.8746247
3.8802886
3.87904
3.8777394
3.8552139
3.8633034
3.8719797
3.853658
3.8488147
3.8261664
3.80931
3.8153172
3.826556
3.7959232
3.7972698
3.7989461
3.8882282
3.8006356
3.8104775
3.7896104
3.7969122
3.7774975
3.766354
3.7607505
3.748958
3.720067
3.733364
3.7196083
3.773233
3.7089665
3.6942146
3.6866405
3.6933742
3.693478
3.662325
3.6643116
3.6454158
3.6544623
3.6399915
3.6188214
3.632253
3.655446
3.6446977
3.617438
3.5989704
3.5585313
3.5593505
3.5628226
3.5584607
3.5574076
3.5627708
3.547343
3.5324163
3.529879
3.5338178
3.4774473
3.4919417
3.512375
3.4991105
3.4964104
3.4895937
3.4490883
3.4661195
3.4486582
3.4657829
3.4286563
3.4574645
3.4386508
3.420751
3.4517515
3.470277
3.438561
3.390961
3.4075372
3.408339
3.4069428
3.4044907
3.4100435
3.4038577
3.403303
3.4151661
3.4024115
3.4214985
3.39833
3.3806083
3.3778112
3.3974488
3.3863692
3.4217396
3.4072146
3.43252
3.374899
3.3669488
3.3772914
3.6510756
3.3317552
3.350497
3.340131
3.3575988
3.3313634
3.3081486
3.3580463
3.3305337
3.3602114
3.2890196
3.2948573
3.3001885
3.3052678
3.2240849
3.2205784
3.2138886
3.258393
3.257573
3.2771053
3.2362432
3.1876626
3.1871946
3.1959221
3.1917794
3.1651495
3.170331
3.170596
3.157425
3.1402776
3.137051
3.1465626
3.167374
3.182676
3.20931
3.1851804
3.2990758
3.2546778
3.205568
3.206478
3.1803377
3.1551325
3.1572788
3.1527946
3.2217016
3.1710496
3.2260098
3.1192162
3.1218848
3.1184685
3.1106026
3.042109
3.0354378
3.019519
3.0527518
3.0353632
3.0289283
3.1237743
3.0629125
3.0399187
3.0224068
3.0305214
3.0368958
3.0359573
3.041605
3.1052396
3.127534
3.0185895
2.9923658
2.9943442
2.9839027
2.9887424
2.9794188
2.978945
2.9937818
3.0287642
2.974375
2.9621825
2.9887626
2.961973
2.955046
2.9889114
2.9436705
3.0183117
2.9514625
2.9163027
2.9273136
2.932962
2.9209032
2.9123805
2.8933585
2.9220138
2.9070387
2.9408426
2.91057
2.8896492
2.8695242
2.8946705
2.8737962
2.870165
2.8787403
2.837896
2.845856
2.8646967
2.850725
2.8567622
2.8361466
2.8641982
2.8540869
2.8274753
2.796638
2.7848272
2.8017285
2.7638695
2.755957
2.7379706
2.7404637
2.7584522
2.7939043
2.753665
2.778341
2.8588865
2.7544875
2.7450395
2.7653706
2.7415001
2.7461135
2.700254
2.691143
2.6714168
2.673041
2.677521
2.6425948
2.650658
2.6448328
2.6463907
2.6275034
2.627633
2.6159875
2.6015136
2.5876555
2.5981386
2.591518
2.5876935
2.5616932
2.5724804
2.5628197
2.522644
2.5247588
2.544972
2.5196803
2.5298095
2.5159583
2.5225792
2.519546
2.49836
2.483562
2.490552
2.5058074
2.4883356
2.514219
2.4962966
2.5091083
2.498494
2.4874265
2.508045
2.4894636
2.4685988
2.46611
2.4639552
2.4798398
2.4230504
2.4378593
2.4312265
2.4261045
2.4187863
2.4057484
2.3941627
2.398943
2.3748617
2.392001
2.3960745
2.3914561
2.370822
2.3408463
2.3583012
2.3675702
2.3511038
2.35036
2.3424397
2.3494089
2.32395
2.3292887
2.3352919
2.3437324
2.3315723
2.3135278
2.3271055
2.3304603
2.3127255
2.3062842
2.3127704
2.3046842
2.2856894
2.2887948
2.2853045
2.2616923
2.260378
2.2724776
2.2508678
2.239627
2.232846
2.239385
2.2149713
2.201817
2.2271984
2.2151637
2.2308269
2.2080705
2.2176604
2.194861
2.1989844
2.2071793
2.19538
2.1805882
2.207888
2.1894479
2.1583283
2.1843393
2.1771007
2.1763399
2.1643534
2.153458
2.1653848
2.152767
2.144103
2.13274
2.1339035
2.1299832
2.1321485
2.1359322
2.1114244
2.1162915
2.1033363
2.1008542
2.0891454
2.1099367
2.0825603
2.0827682
2.061322
2.0773225
2.0569751
2.0531995
2.0331593
2.0471473
2.0375798
2.0117235
2.0217333
2.010093
2.0281549
2.0232213
2.035767
1.9990114
2.0141342
2.0220523
1.9916749
2.000762
1.9989941
1.9835759
1.9902036
1.9771036
1.9665667
1.967648
1.9746758
1.9485722
1.950682
1.9410865
1.952077
1.9489436
1.953623
1.9241551
1.9338981
1.9288357
1.9166404
1.9105779
1.9075228
1.915193
1.9165505
1.8818325
1.8936033
1.8748701
1.8748847
1.8699157
1.872869
1.8655492
1.8829393
1.8638792
1.8656784
1.8538648
1.8627186
1.8421736
1.8485258
1.8427957
1.8276603
1.8501061
1.84141
1.8316057
1.8186314
1.8338573
1.8314921
1.8120892
1.8290972
1.8275318
1.8313404
1.8113945
1.8088278
1.8290117
1.8223073
1.8106967
1.8285079
1.8018838
1.8135628
1.799031
1.7949423
1.8001888
1.79562
1.8185819
1.7938409
1.7896731
1.8010153
1.8010796
1.7927207
1.7805402
1.7764835
1.7814785
1.7652259
1.7665248
1.7629005
1.7506126
1.7714597
1.7686929
1.7399281
1.7583995
1.7555742
1.744887
1.7355382
1.7375655
1.750709
1.7363687
1.7413324
1.7218224
1.7170938
1.7171164
1.7125813
1.7178571
1.6986843
1.6902437
1.6993504
1.6911525
1.7001477
1.6964712
1.6994243
1.6847336
1.6963726
1.6885335
1.6914701
1.688019
1.7049297
1.6796361
1.6897191
1.6648244
1.6674418
1.6671154
1.6548111
1.6565357
1.6503264
1.651355
1.6422117
1.6448321
1.6371318
1.6458427
1.6300322
1.6444737
1.6410142
1.6526598
1.6413105
1.6155913
1.6138699
1.6063565
1.6086549
1.617384
1.5908488
1.6084197
1.6283792
1.6034492
1.5908664
1.5942404
1.6110425
1.5974697
1.5811964
1.5978309
1.5792164
1.5803026
1.5845804
1.574871
1.5763706
1.5778928
1.5642073
1.5482484
1.5448447
1.5508816
1.5581682
1.552419
1.5529044
1.5362718
1.5517757
1.5440068
1.5337225
1.5312406
1.5350058
1.5409617
1.524079
1.5362234
1.5209181
1.5267701
1.5272084
1.5482485
1.5398306
1.5215032
1.5230267
1.5198873
1.5329012
1.5325818
1.5215002
1.5146626
1.5085189
1.5394385
1.5239469
1.5244346
1.5031176
1.5068251
1.5134274
1.5148983
1.5094944
1.4992235
1.5190272
1.5032655
1.4986296
1.499142
1.505761
1.4979789
1.4932336
1.4984015
1.4768152
1.4766763
1.4905859
1.4675157
1.4761611
1.4687358
1.4660803
1.469996
1.4614034
1.453497
1.4554974
1.458934
1.4483023
1.4307973
1.4487419
1.4332374
1.4236615
1.4427316
1.4177437
1.4175142
1.4247193
1.4199655
1.4253935
1.4088448
1.4151927
1.4041111
1.3950735
1.4070657
1.404312
1.4001461
1.3908918
1.3980104
1.3907998
1.3865855
1.394468
1.394368
1.3812454
1.3696227
1.367969
1.3872176
1.387394
1.3593776
1.3571254
1.3490962
1.3677717
1.3628867
1.3545785
1.3454701
1.3506534
1.3432292
1.3547139
1.3368726
1.3288151
1.3155044
1.3325708
1.3295236
1.3320674
1.3264065
1.3109511
1.3099171
1.3107188
1.318974
1.3129427
1.3058264
1.3087379
1.3132974
1.3128829
1.2953916
1.2951725
1.2777337
1.2834505
1.2890098
1.2863806
1.29757
1.2714232
1.2681478
1.2568182
1.266675
1.2503011
1.2614435
1.2494128
1.262442
1.2542273
1.2550807
1.24895
1.2468716
1.268239
1.253383
1.2440801
1.2549001
1.2536318
1.2373549
1.25108
1.2406211
1.2334327
1.2401572
1.2300583
1.234071
1.2299986
1.2397845
1.2334434
1.2158997
1.2407088
1.2301146
1.2469218
1.2357849
1.226239
1.2258459
1.2251205
1.2254065
1.21627
1.2023215
1.2036737
1.2234788
1.199809
1.2040311
1.1995465
1.1963729
1.2028868
1.1809627
1.1876683
1.1834522
1.1855081
1.1743423
1.176164
1.1797581
1.1720392
1.1631438
1.1805093
1.1553121
1.1541973
1.1593496
1.171293
1.1655127
1.1635863
1.1654569
1.1577667
1.1451772
1.1458317
1.1666666
1.1438956
1.1469421
1.1358417
1.14569
1.1366028
1.1499795
1.1484702
1.1338035
1.1398273
1.142816
1.1320746
1.1415128
1.1502265
1.1253356
1.1365888
1.1297685
1.135118
1.1308985
1.1319088
1.1371062
1.143429
1.1349103
1.1367905
1.1404012
1.122587
1.1284542
1.1211721
1.1181718
1.1092801
1.1081685
1.112443
1.1257343
1.111352
1.1053927
1.097534
1.1029804
1.0944368
1.0949211
1.0997045
1.1005912
1.0892984
1.0967218
1.0952619
1.080024
1.1087883
1.0943328
1.1050509
1.1000192
1.1078812
1.0927454
1.1003004
1.0949781
1.0873553
1.0973989
1.0866278
1.0822071
1.0854763
1.0902812
1.0879833
1.0806854
1.093764
1.0844245
1.0763459
1.0676701
1.0781935
1.0758641
1.0727977
1.0742708
1.0737759
1.0664058
1.0698605
1.0553094
1.0568899
1.055773
1.054924
1.0638672
1.0515194
1.0505433
1.0540442
1.0607656
1.0565276
1.0611541
1.0415411
1.0449082
1.0618405
1.0601616
1.0502952
1.068158
1.0511125
1.0483766
1.0515875
1.0477474
1.0443184
1.0590184
1.0555922
1.0470638
1.0391011
1.0534228
1.0523245
1.0428272
1.0318288
1.0520488
1.0437641
1.0495661
1.0479206
1.0308882
1.0490824
1.0344725
1.0397956
1.0348957
1.0319166
1.0259398
1.037545
1.0336738
1.0265057
1.0345215
1.036295
1.0207238
1.0335821
1.0204349
1.0393543
1.0340147
1.0314288
1.043051
1.0420758
1.0254025
1.0000961
1.0062313
1.0063365
1.0145452
1.0052282
0.9928808
0.9926943
0.9965535
1.0153065
1.0020787
1.0106261
1.0129132
1.0104665
1.0179739
1.052209
0.99575734
0.9816105
0.987151
0.98740655
0.99245447
0.9980069
0.9872195
0.99424505
0.9766194
0.96162856
0.96916187
0.9675926
0.9653459
0.97193766
0.96179557
0.97539973
0.9701248
0.9561619
0.9526398
0.9656599
0.9594095
0.94551754
0.9629667
0.94423294
0.9586774
0.95274097
0.9584171
0.94851774
0.95061165
0.957217
0.9609073
0.9468632
0.96545833
0.9478161
0.95137894
0.9548123
0.9454645
0.94568545
0.92620754
0.9434068
0.9290233
0.937526
0.9282851
0.92559624
0.9308671
0.92707574
0.9228478
0.92229396
0.9371397
0.92441684
0.9291815
0.9196069
0.92357
0.9178702
0.916117
0.9146809
0.90528554
0.8993065
0.8921133
0.903702
0.9091104
0.925238
0.9084199
0.92514783
0.87999207
0.8979435
0.888015
0.90107846
0.9922932
0.933106
0.8984142
0.8972329
0.90676695
0.8955678
0.8888438
0.88460696
0.8825908
0.869884
0.8698032
0.8620864
0.87284267
0.8625913
0.87341434
0.8844017
0.8611386
0.85226005
0.8641904
0.8704985
0.8552028
0.8563198
0.8663596
0.8617898
0.8675223
0.8425512
0.85433567
0.84530765
0.85945785
0.8581201
0.8338948
0.84368205
0.85342234
0.86968523
0.86401814
0.84886956
0.8310328
0.8500226
0.8600185
0.8478173
0.85125643
0.8545522
0.84754467
0.8322404
0.8583908
0.83894956
0.8394808
0.8449584
0.8379814
0.83873314
0.8311601
0.8378222
0.83316696
0.8259482
0.83345705
0.8327283
0.8268968
0.82457113
0.8339449
0.82319
0.8193322
0.8209403
0.8206839
0.82222927
0.8185797
0.8212511
0.81778944
0.81767124
0.82128847
0.81474686
0.8224408
0.8202201
0.82214403
0.82042724
0.8247222
0.82527256
0.8146087
0.808635
0.8213434
0.8147341
0.8124568
0.8095391
0.81349456
0.80856586
0.8032698
0.80074066
0.81716996
0.81479985
0.8109918
0.7978303
0.79758465
0.80616874
0.80630136
0.79133976
0.800038
0.7987516
0.79284525
0.7890198
0.7833882
0.7900063
0.7906558
0.78610015
0.7881907
0.7825146
0.77974117
0.7810358
0.7750993
0.76775974
0.7731014
0.78457975
0.7731372
0.7839279
0.7739658
0.7686297
0.76512825
0.77030784
0.7659784
0.7689195
0.7848626
0.76869327
0.75279117
0.7662968
0.7718007
0.7640765
0.7693891
0.7803342
0.7775728
0.7582818
0.7736785
0.7719947
0.7646823
0.7569124
0.77465457
0.77661014
0.76351297
0.7720419
0.75119895
0.75851136
0.75452566
0.7687386
0.7683739
0.7590271
0.7543192
0.75249195
0.76100206
0.74978715
0.7546412
0.7381653
0.75009036
0.7531632
0.7548293
0.74032146
0.75253725
0.7439703
0.73779297
0.7356222
0.7351981
0.7464711
0.7506014
0.7323907
0.7219287
0.7308576
0.7245966
0.7205903
0.7423769
0.7422292
0.728961
0.72469556
0.72742563
0.7334672
0.7306165
0.7265981
0.730621
0.7212038
0.7103484
0.7172822
0.714658
0.7181346
0.7180217
0.71125305
0.71277976
0.71360284
0.7098464
0.70403904
0.71031344
0.7034644
0.7018605
0.6983867
0.7104783
0.7132302
0.7022338
0.7005022
0.7066212
0.70401436
0.6979201
0.6984238
0.70436895
0.7144751
0.69373167
0.704797
0.692696
0.70190805
0.70113814
0.69825566
0.6831265
0.7016239
0.68391544
0.69113696
0.7033908
0.6945247
0.68822217
0.6951027
0.70397705
0.6941157
0.69268054
0.70455337
0.6887852
0.68774563
0.6925498
0.6914218
0.69345635
0.70134956
0.6756878
0.69090426
0.6853591
0.67723674
0.68109363
0.69131666
0.6782657
0.6828525
0.6893949
0.6800841
0.70422184
0.69214404
0.688585
0.68375784
0.67894083
0.6741806
0.67335796
0.6760846
0.6779311
0.6735827
0.6806309
0.6660545
0.6749741
0.6628098
0.6677294
0.6695808
0.650327
0.6559206
0.65387094
0.65460616
0.65442914
0.6609859
0.653332
0.6643462
0.64784694
0.650129
0.6473865
0.6535588
0.64254844
0.6538984
0.64240736
0.65125316
0.64239305
0.6468766
0.6467844
0.64920896
0.6352993
0.6496139
0.64020807
0.63953716
0.6395136
0.65282375
0.6275171
0.64118564
0.6381519
0.6350004
0.6425789
0.6373407
0.64087576
0.6431601
0.63672096
0.6321026
0.62777144
0.64901763
0.6309089
0.6320315
0.6264564
0.62324864
0.639726
0.6271099
0.6362584
0.62859666
0.62974006
0.62941855
0.6282891
0.62234
0.6103172
0.61999726
0.61701274
0.62107027
0.6214153
0.6149213
0.62265295
0.62084454
0.6261736
0.61230487
0.61543834
0.6127355
0.6191348
0.6066765
0.5981114
0.5998287
0.6102531
0.59051555
0.6028606
0.6126914
0.6062489
0.6136346
0.5996426
0.5902694
0.6021914
0.6027491
0.5874177
0.59075683
0.5972555
0.5928001
0.5927215
0.5907298
0.5906503
0.5802298
0.5948775
0.5865253
0.59343725
0.58379644
0.5844973
0.58153415
0.5792544
0.5828093
0.5730683
0.58333087
0.58778846
0.5813442
0.5688551
0.57348764
0.5752491
0.57354397
0.5740387
0.5817614
0.5721098
0.56590056
0.56863856
0.5776165
0.5824754
0.5716673
0.57534885
0.57865465
0.575599
0.5702551
0.5719193
0.5838435
0.5917503
0.57625204
0.5792765
0.5730662
0.5733977
0.56893045
0.5738752
0.5857852
0.5930257
0.56859726
0.5666632
0.5738647
0.56414425
0.5676788
0.5669014
0.574214
0.5694855
0.57436717
0.56744105
0.5565897
0.56110233
0.5599588
0.5532842
0.5639011
0.5650065
0.5570732
0.5562123
0.5624631
0.5591328
0.56540465
0.5530512
0.5580472
0.54761314
0.5546054
0.5572505
0.5616533
0.55331314
0.55598205
0.5475551
0.5499726
0.5548018
0.55084914
0.54752874
0.5541154
0.5493732
0.5454237
0.5471688
0.55265564
0.54706967
0.55028635
0.55535316
0.54948324
0.536301
0.5528164
0.5408862
0.5408082
0.5410298
0.54293615
0.5352383
0.5423513
0.53865767
0.5418101
0.53419673
0.5413017
0.5453544
0.5431405
0.55024767
0.54711676
0.5462557
0.5447261
0.5395044
0.5335604
0.5300792
0.5376249
0.54933476
0.55030644
0.5410847
0.5517303
0.5411411
0.5275676
0.53399956
0.5329352
0.5450089
0.54819876
0.53701174
0.53547204
0.54484797
0.52770007
0.5424212
0.54968643
0.5295045
0.5485298
0.5416693
0.52885836
0.5355166
0.58821803
0.57585305
0.59152555
0.6077355
0.521901
0.51723063
0.5431016
0.54461986
0.5503383
0.5706848
0.55308574
0.5464288
0.5255412
0.5117046
0.5247071
0.5110732
0.52165234
0.52079046
0.51590884
0.5120104
0.5095286
0.5074751
0.5013198
0.50798315
0.5112993
0.5144507
0.5217003
0.50761116
0.5039789
0.5102965
0.5129047
0.51576173
0.5076043
0.5194652
0.512672
0.49261183
0.5036811
0.5097073
0.5046135
0.5031832
0.501317
0.5035607
0.49947426
0.49797457
0.4896891
0.4968931
0.4877504
0.5057506
0.48384786
0.49669832
0.4999393
0.50252295
0.49254063
0.49656266
0.4943785
0.49209735
0.48748863
0.48584497
0.4953572
0.5024888
0.4844206
0.48710036
0.49295682
0.48773134
0.4900475
0.48631126
0.495372
0.4883937
0.48741668
0.48704937
0.48231924
0.48417693
0.47979793
0.48509467
0.48898187
0.48873422
0.4818981
0.4925505
0.48254946
0.48380113
0.48456016
0.4958101
0.48621088
0.4821715
0.4829519
0.4924597
0.48722693
0.4930154
0.4948953
0.4832596
0.48835304
0.49344766
0.48638558
0.48476768
0.49279672
0.495177
0.4874563
0.5006616
0.478443
0.47688892
0.4895004
0.48002154
0.489615
0.47069642
0.47844362
0.4864827
0.47977832
0.4833166
0.4867907
0.4757853
0.48088688
0.48541936
0.4768913
0.4731485
0.47646976
0.46916854
0.471165
0.4691017
0.48179817
0.46377742
0.46465316
0.4658097
0.47629866
0.4678824
0.47228873
0.47616532
0.47187325
0.46829394
0.48081657
0.4680033
0.46841702
0.46509546
0.46826237
0.46713424
0.46794987
0.4699109
0.47052312
0.4667737
0.46691635
0.47113016
0.4558281
0.46604308
0.46570516
0.46943954
0.46817705
0.47521043
0.46286488
0.45830423
0.45724994
0.4654508
0.4668136
0.46919894
0.4680182
0.469664
0.4654866
0.46448034
0.4755077
0.4692795
0.4708043
0.465269
0.4610387
0.44550708
0.45578566
0.45504066
0.45373902
0.46086487
0.45306492
0.45339715
0.46863255
0.4611563
0.45576778
0.4463477
0.45453778
0.45656002
0.4450641
0.45959544
0.45605072
0.4518489
0.46208096
0.45736474
0.4544551
0.45486784
0.4660233
0.45357087
0.44508782
0.45330256
0.45509437
0.45391056
0.45512566
0.45030814
0.4441837
0.45551568
0.45806283
0.44761464
0.45146394
0.45099524
0.45883176
0.44485623
0.45318487
0.46478567
0.46036172
0.44747522
0.45589477
0.44667217
0.4592301
0.44834894
0.46094078
0.4599375
0.45360458
0.4661931
0.46083444
0.46056023
0.45822737
0.45445064
0.46660334
0.45913008
0.45715746
0.46029574
0.45514932
0.44930798
0.4459106
0.44601607
0.4563551
0.4537098
0.446904
0.45577478
0.45476753
0.44510013
0.44489112
0.45349646
0.44979396
0.44264337
0.45645192
0.44884744
0.44354802
0.44134372
0.44825014
0.44093385
0.4547092
0.44412622
0.45261273
0.44664416
0.44928843
0.43519408
0.44985974
0.4425403
0.43680385
0.43978372
0.44997516
0.43677446
0.43256482
0.45612112
0.45454592
0.4375674
0.4365162
0.4382066
0.4337749
0.44905123
0.4480214
0.43552247
0.4356017
0.43842977
0.43737516
0.43452793
0.4408874
0.44699106
0.43808267
0.44509593
0.44878075
0.4506278
0.45449114
0.4435129
0.4526348
0.45106894
0.44707304
0.44529662
0.43493286
0.442088
0.44012764
0.44854665
0.4435374
0.44688427
0.44344047
0.4539899
0.44509414
0.4537321
0.43870422
0.44667226
0.44027355
0.42881197
0.44090918
0.42616123
0.45368737
0.44311473
0.44503343
0.44331232
0.42948034
0.4307458
0.43629876
0.43842182
0.43585992
0.43944928
0.4373
0.43128082
0.4362767
0.43958163
0.43533844
0.43657202
0.44283724
0.44018573
0.43261355
0.43858382
0.44213718
0.4408242
0.4393227
0.42975983
0.44043836
0.42756197
0.4289804
0.44697738
0.43938467
0.43250057
0.43538174
0.43483537
0.44082174
0.4380567
0.42409554
0.4337107
0.42777243
0.42381796
0.43762136
0.43711153
0.43813035
0.42433754
0.43009922
0.41891578
0.42162144
0.432437
0.4309477
0.4297099
0.42810133
0.4336749
0.43739125
0.43484786
0.42882955
0.42701617
0.43637156
0.4261108
0.43048686
0.43757927
0.42383942
0.4285199
0.42848954
0.43013784
0.42688137
0.42488888
0.43352675
0.42420408
0.42587218
0.42424646
0.41661066
0.4243331
0.4248299
0.4248492
0.42316356
0.43203813
0.4276421
0.41240358
0.41719002
0.41646287
0.432847
0.4225124
0.4297326
0.42576802
0.43248326
0.429396
0.431569
0.43286213
0.42891005
0.43095282
0.4264591
0.42629278
0.42712554
0.43359655
0.4211741
0.43083
0.41800654
0.42642027
0.42354384
0.43014997
0.4166977
0.4269249
0.41655225
0.41842613
0.42838997
0.41441068
0.4176991
0.42426717
0.42202398
0.42203924
0.41606826
0.42105928
0.41159979
0.40886086
0.4253843
0.41564572
0.41709685
0.44066885
0.42475662
0.4222679
0.4246339
0.40746272
0.42731386
0.41935524
0.42401525
0.41117314
0.4197291
0.41631967
0.41763029
0.4076873
0.409753
0.41946954
0.41435593
0.41976705
0.41107857
0.41763383
0.41465142
0.4061254
0.40847299
0.40918383
0.41469008
0.40358654
0.40797183
0.4099039
0.41134408
0.40712804
0.41453713
0.4053763
0.39806923
0.41203588
0.40927124
0.41121438
0.39871085
0.4137076
0.41746613
0.4033479
0.41468552
0.41710493
0.41108403
0.40441856
0.4191942
0.40490195
0.40870786
0.40423444
0.41600308
0.40134168
0.4197068
0.41044295
0.40027183
0.418864
0.40063694
0.4091598
0.41038546
0.41157877
0.40677845
0.40228412
0.4103513
0.42062002
0.40065122
0.40758568
0.4037603
0.40464598
0.39860976
0.40726268
0.40286648
0.41153577
0.39854133
0.40128073
0.40058935
0.40772787
0.40728652
0.39910248
0.39959466
0.4032843
0.40433
0.39905402
0.3999865
0.39986083
0.40515652
0.39624864
0.39507943
0.39247218
0.40012065
0.39620906
0.40589967
0.40924418
0.40299997
0.39756596
0.39143243
0.4049747
0.41303095
0.4051236
0.40799686
0.40101802
0.39710084
0.40746185
0.39407986
0.3984735
0.3976331
0.40145293
0.3885203
0.389894
0.4013275
0.40318853
0.4000766
0.4001154
0.4046149
0.39704856
0.38520068
0.4000157
0.39256057
0.39678875
0.40719235
0.40111315
0.3978908
0.407582
0.40382662
0.40058345
0.40011406
0.39877498
0.39377046
0.39920872
0.41055727
0.39213926
0.39975396
0.42025194
0.40257877
0.40337726
0.39728415
0.39633912
0.40005404
0.39610347
0.41100892
0.39829582
0.4077416
0.39978182
0.39203593
0.3948828
0.3993717
0.38980484
0.3959997
0.39167637
0.38717386
0.39224583
0.3913194
0.3914667
0.3898587
0.3909449
0.38352767
0.3876994
0.39756715
0.40444067
0.38500097
0.39323482
0.40974668
0.38600406
0.40112078
0.38504538
0.3914011
0.39980084
0.40399307
0.3773199
0.38940826
0.39321238
0.39514703
0.39756986
0.3857978
0.38769487
0.39517868
0.39960483
0.38497937
0.39464065
0.398632
0.39430302
0.38926363
0.40072492
0.38979617
0.40078783
0.39093024
0.4038581
0.39949557
0.3856533
0.37710965
0.39803714
0.38552627
0.39011863
0.38905314
0.3772931
0.38962778
0.3872893
0.3918417
0.39271545
0.3975597
0.40149316
0.40757826
0.3941084
0.39470577
0.4009423
0.39073414
0.39170045
0.40382144
0.4004238
0.3939578
0.390186
0.3935809
0.4019632
0.39326534
0.39598608
0.39584118
0.40118688
0.39590496
0.39847684
0.40964553
0.40408662
0.39731628
0.39288008
0.40014932
0.39748544
0.39506102
0.3925608
0.39805338
0.39998016
0.4089345
0.41208875
0.40014282
0.39865944
0.40087366
0.3996123
0.4003747
0.40114686
0.40369081
0.41024837
0.3965279
0.39406282
0.3958568
0.40923214
0.38643405
0.40109876
0.40125367
0.3972988
0.40105018
0.39575303
0.40216902
0.41527975
0.40432134
0.40477052
0.41325757
0.41394603
0.4016608
0.40641755
0.407706
0.40970024
0.4091827
0.40803745
0.40324938
0.39964622
0.39838862
0.40200493
0.39301756
0.3956557
0.39595702
0.393412
0.4007475
0.4091656
0.3845605
0.39223906
0.3964074
0.39605704
0.39095575
0.4023674
0.38311476
0.39333323
0.3890603
0.39411095
0.39114758
0.39593065
0.39362934
0.38914287
0.3884376
0.3901989
0.37994483
0.39516777
0.3844599
0.39653268
0.40138578
0.40238264
0.3833415
0.38946825
0.3856204
0.38975197
0.39443064
0.38452718
0.40287003
0.39740127
0.38816985
0.39358383
0.38451794
0.38575572
0.38198933
0.3796879
0.4073172
0.3953361
0.3945232
0.3790393
0.3908479
0.39281067
0.40012476
0.40344587
0.38484225
0.39450076
0.38014778
0.38723233
0.3927306
0.38185948
0.399988
0.3915383
0.38534665
0.39036474
0.39173105
0.39651105
0.3949218
0.39003164
0.39424446
0.3963124
0.39680496
0.39041486
0.3948104
0.40661103
0.39695024
0.4071293
0.4009038
0.41580644
0.39439556
0.40859687
0.39943182
0.3902844
0.4027914
0.39972353
0.4079772
0.3917424
0.3973694
0.41287455
0.3913096
0.39337173
0.39069167
0.4009623
0.40043393
0.40795025
0.39932734
0.39307955
0.39527327
0.39679652
0.39885387
0.38410977
0.38703933
0.39439276
0.391845
0.3957997
0.38847438
0.38700977
0.37969518
0.38237104
0.37691492
0.3772586
0.38278067
0.38368872
0.37864164
0.37762552
0.3829996
0.38793793
0.3853786
0.37664202
0.38315743
0.38582662
0.3910192
0.38269675
0.37270847
0.38274404
0.37814504
0.38719282
0.38184267
0.37903357
0.3789427
0.37991366
0.3899753
0.3715352
0.37763244
0.38321045
0.3748303
0.38345978
0.36882973
0.3736626
0.372951
0.381016
0.38309905
0.3810235
0.37454283
0.37444416
0.37692523
0.37195823
0.3791585
0.37030533
0.38088968
0.38429487
0.3887321
0.38139224
0.3825698
0.3860559
0.37632722
0.38446197
0.3824407
0.3861721
0.37182242
0.41729116
0.3819837
0.3890009
0.38896465
0.38734174
0.38454726
0.38571817
0.38025585
0.4076714
0.38371342
0.3736758
0.389528
0.4035389
0.39362058
0.39312786
0.40695602
0.38243243
0.4078666
0.40220875
0.39396226
0.38302875
0.38527155
0.39155176
0.40401772
0.39431593
0.4037622
0.4043163
0.40098655
0.39758813
0.39922646
0.3993742
0.40522012
0.40403023
0.40507364
0.40817574
0.40374002
0.40551415
0.4082915
0.42477232
0.4246781
0.4299753
0.40314215
0.41374233
0.4061669
0.39023232
0.3982802
0.3996917
0.40766814
0.39970043
0.40168962
0.4015865
0.41259485
0.40543044
0.40437803
0.40698633
0.441382
0.43434006
0.45579955
0.5232617
0.434275
0.43457156
0.41721505
0.424613
0.3995286
0.3934025
0.38050973
0.38441244
0.3901982
0.39257994
0.40437979
0.3845213
0.38705426
0.39235675
0.38685936
0.39298922
0.39198658
0.37076348
0.37281927
0.38522083
0.39570585
0.3754096
0.3897532
0.37468553
0.39045227
0.39270929
0.40311414
0.38585508
0.39398533
0.38977435
0.38702863
0.38085774
0.393678
0.41706833
0.39950573
0.4045322
0.41004348
0.3917662
0.39073947
0.40207413
0.41808528
0.3986833
0.41477922
0.39621758
0.41644132
0.39668226
0.43547955
0.41276345
0.4088462
0.414944
0.4514505
0.41773584
0.41897005
0.4186993
0.40381175
0.41200855
0.40638295
0.40639415
0.41617993
0.40484113
0.4107846
0.39807865
0.39223698
0.3981173
0.4105847
0.40150928
0.402368
0.40268338
0.41315368
0.4086362
0.40957677
0.41354045
0.41731054
0.42843065
0.40851045
0.40383083
0.40968648
0.43342957
0.4101296
0.41044018
0.41589943
0.42535684
0.42585126
0.41582853
0.4211225
0.42829987
0.4278769
0.4060799
0.41211492
0.41945228
0.4170229
0.41793007
0.42389458
0.42206976
0.41631466
0.41306284
0.4207829
0.43260574
0.4151019
0.4104206
0.4126019
0.4006749
0.40696514
0.40705177
0.40756503
0.41119084
0.4071909
0.42625344
0.40094718
0.4069242
0.39261958
0.4043416
0.40111277
0.41361225
0.4175109
0.40740576
0.4025516
0.400687
0.4297624
0.40562448
0.4223138
0.41328645
0.3999104
0.4106338
0.40775627
0.3980666
0.4012912
0.4174665
0.39939645
0.40054885
0.3907205
0.38888383
0.39831364
0.38559696
0.41212982
0.40907103
0.40279067
0.4016562
0.40648773
0.4070856
0.3981589
0.4022698
0.4225596
0.4012788
0.3961762
0.40873265
0.39498675
0.41559425
0.40697902
0.4089331
0.39752746
0.40916714
0.40100813
0.40604502
0.40960073
0.39982632
0.40462908
0.39996502
0.40218413
0.39367554
0.40634483
0.4144027
0.40567687
0.4045499
0.39699844
0.39553657
0.41331178
0.41014582
0.404827
0.39501813
0.4076969
0.40251565
0.39105862
0.40048102
0.39989302
0.3946835
0.41495898
0.40887183
0.4050048
0.40663034
0.38889095
0.405974
0.41003188
0.409084
0.39166313
0.39843607
0.39737436
0.3901748
0.3869594
0.39680675
0.4168722
0.39997247
0.39488775
0.39300415
0.42307487
0.38947466
0.4142873
0.40413314
0.39655825
0.40822858
0.39739877
0.4015297
0.39572287
0.4009571
0.4025734
0.40039098
0.40897185
0.40222216
0.38057694
0.40563095
0.3940623
0.40368253
0.3978563
0.39559644
0.41522276
0.3993387
0.39848483
0.38933372
0.40167558
0.39402434
0.39527056
0.39177915
0.39725697
0.39780438
0.38911223
0.40558794
0.40286797
0.3963646
0.37720853
0.39189473
0.4097201
0.40509197
0.39653996
0.3954257
0.39771512
0.39711592
0.4033174
0.3928331
0.4485772
0.43872434
0.44795942
0.4113691
0.4234294
0.42507678
0.3907406
0.40178683
0.410663
0.40373603
0.40719667
0.42105508
0.39359578
0.3948183
0.39035982
0.39857796
0.39234674
0.38578093
0.40725002
0.38297144
0.39127108
0.38363016
0.39155814
0.39653024
0.39099994
0.38510194
0.42804584
0.38357064
0.39675888
0.38544416
0.3766981
0.3899373
0.37054455
0.40215123
0.3802211
0.38738385
0.3925143
0.38233078
0.3877472
0.3937214
0.3931451
0.38810495
0.39377657
0.39149946
0.39976323
0.38942865
0.38425073
0.39769804
0.37974086
0.4088756
0.38780236
0.403818
0.3955738
0.3968753
0.39455864
0.39525
0.39531422
0.38507217
0.40521118
0.39586428
0.39387122
0.41405246
0.41096643
0.4254615
0.40470305
0.4102971
0.39971048
0.39536273
0.4142396
0.410626
0.39491427
0.42491266
0.41441584
0.39589366
0.3800104
0.4118213
0.40862906
0.41618836
0.41715133
0.40441006
0.41952032
0.4120006
0.41393918
0.4138367
0.41850612
0.4181166
0.41767722
0.41318768
0.40476492
0.40592688
0.41893494
0.40497762
0.42010632
0.40823042
0.40680042
0.4240698
0.41537708
0.4310198
0.40026513
0.4096351
0.4510253
0.40401196
0.4235306
0.41820014
0.43691847
0.4214212
0.43071997
0.40937895
0.43843135
0.4185234
0.42514217
0.42673653
0.4193558
0.40187338
0.4094265
0.40968364
0.43033224
0.4310571
0.41803724
0.4369897
0.4242121
0.42678672
0.4326032
0.41711774
0.43661726
0.4448757
0.43388027
0.41853476
0.43528524
0.42875865
0.43962294
0.41919556
0.4294473
0.41738224
0.42596006
0.4160281
0.43637863
0.4198163
0.4296645
0.42409796
0.42964664
0.42532504
0.4200285
0.41745967
0.4229986
0.42996848
0.45750263
0.4260797
0.4154301
0.42585465
0.4419477
0.4385298
0.40946075
0.40718445
0.41881987
0.42952356
0.41231605
0.42067498
0.4157952
0.428565
0.43143252
0.4326679
0.43275923
0.43996552
0.43137076
0.4158522
0.437663
0.4311854
0.42564696
0.43116978
0.41750202
0.4424065
0.4212051
0.41979346
0.41198492
0.4381334
0.41385773
0.41627076
0.4148603
0.39727014
0.43485975
0.4301666
0.40292078
0.42594752
0.41768494
0.4146783
0.4166533
0.42427576
0.41182148
0.41645607
0.39937934
0.40118873
0.4023004
0.39971343
0.40001094
0.41004834
0.3979794
0.39407963
0.38861713
0.393096
0.40225312
0.40894657
0.41583368
0.39166585
0.4023262
0.40480068
0.4006138
0.39309248
0.42731845
0.41689166
0.39276618
0.41017514
0.4057432
0.400689
0.4064892
0.39586502
0.4068209
0.39191929
0.39385948
0.39975533
0.4019021
0.39201704
0.38226616
0.3757674
0.4052031
0.39692992
0.38598156
0.3809852
0.39161196
0.40230775
0.38323674
0.3931805
0.40101492
0.39808583
0.4002413
0.39737898
0.36890072
0.3967464
0.3891193
0.39916465
0.4045293
0.38068107
0.38197201
0.41330245
0.37078124
0.39728096
0.38434988
0.42084092
0.38303247
0.40226173
0.3951231
0.4005053
0.3971107
0.38877645
0.4029069
0.4106421
0.38690618
0.38791776
0.39943403
0.3979224
0.39803746
0.40922496
0.39316496
0.3954002
0.4055455
0.41033503
0.4126341
0.40960237
0.40055326
0.41485885
0.39940038
0.38754848
0.41399834
0.4003234
0.39308774
0.4152736
0.40479836
0.38378868
0.426064
0.38281873
0.39983457
0.3762781
0.377033
0.3676006
0.39137897
0.4000723
0.3902312
0.3791044
0.38789102
0.38829896
0.37523535
0.38784704
0.39696845
0.392561
0.38117278
0.38237867
0.39302182
0.36229703
0.39507526
0.36873692
0.39180064
0.38983706
0.39122522
0.38043836
0.38415006
0.3801961
0.39243987
0.37980238
0.38701245
0.3920697
0.37728536
0.40180203
0.38673592
0.39093778
0.40754226
0.39302698
0.38948402
0.38217467
0.39566323
0.37746075
0.3880318
0.3863132
0.41762912
0.39577678
0.38189322
0.39083686
0.39596295
0.39872095
0.38751385
0.40231526
0.39069727
0.3832183
0.40590227
0.39327958
0.39217925
0.39356962
0.39736924
0.38736448
0.38371125
0.4139908
0.39163828
0.39156008
0.38850546
0.4040965
0.3839679
0.4023214
0.3975987
0.40607747
0.40243277
0.39815554
0.3867707
0.4033321
0.38929257
0.39185137
0.4098535
0.39819536
0.38679475
0.40405288
0.40035844
0.38734308
0.4090107
0.4137408
0.41079473
0.40127543
0.4045466
0.40286958
0.39811534
0.39137763
0.3910916
0.39067668
0.38618875
0.37925324
0.38016304
0.39948952
0.39890817
0.3924364
0.40549266
0.38709903
0.38835606
0.38453868
0.39745083
0.41065726
0.39105317
0.38028735
0.39714807
0.38805762
0.40013897
0.37843758
0.39502054
0.39076003
0.39753523
0.3844826
0.40580842
0.39766937
0.41199163
0.39510584
0.4082105
0.39818704
0.39911374
0.40081903
0.41067827
0.41141754
0.435431
0.40429246
0.41665608
0.42059886
0.4153368
0.4116009
0.4128321
0.43114007
0.4407283
0.43611246
0.4168327
0.41687876
0.41638398
0.42418528
0.43713596
0.41050744
0.43960115
0.40843108
0.4422422
0.41704568
0.41805333
0.46250758
0.43059266
0.42983446
0.44569883
0.42657197
0.42555863
0.4239266
0.42547974
0.4316897
0.45911023
0.45257008
0.43001303
0.43003032
0.41657695
0.42295888
0.42552754
0.4261576
0.42455128
0.41164243
0.4214516
0.42940903
0.43258476
0.42939746
0.43678737
0.419338
0.42947897
0.4307665
0.42786497
0.4314131
0.43029115
0.43262488
0.4477426
0.42405987
0.4520713
0.4271354
0.42743245
0.42949796
0.42251286
0.43175873
0.4573687
0.43734613
0.4262922
0.4191001
0.41470256
0.41618136
0.43360296
0.43001997
0.41571704
0.45171317
0.4290656
0.42390823
0.4197425
0.42131084
0.4223962
0.41328558
0.4189762
0.4113749
0.4202646
0.41562912
0.4047102
0.40765244
0.38791752
0.40917447
0.40363035
0.39653563
0.41545197
0.3994831
0.39487892
0.39526948
0.40483847
0.39931795
0.40759206
0.41003445
0.40624788
0.39430335
0.4063996
0.39321575
0.41991797
0.4132172
0.42061633
0.40303263
0.41418707
0.41398135
0.4400404
0.3996293
0.42160162
0.41282353
0.39533266
0.42961773
0.4171608
0.4036154
0.39989063
0.4095531
0.40207487
0.41842768
0.41795957
0.40720326
0.42218387
0.39186832
0.40275654
0.40935466
0.4234445
0.41127014
0.40054572
0.42113942
0.41416708
0.40490174
0.42326152
0.4158094
0.40839335
0.39025423
0.40178654
0.41529378
0.42240876
0.42157212
0.41480765
0.40943867
0.41249675
0.4179246
0.41780916
0.41208804
0.43273315
0.41497216
0.4134281
0.4163517
0.429902
0.432652
0.43536797
0.41386172
0.4131805
0.43947965
0.4450411
0.41504973
0.42478848
0.4230268
0.43754435
0.43950924
0.43030962
0.43636143
0.41928786
0.42233467
0.42735937
0.43296796
0.43732706
0.43887568
0.4191671
0.43740457
0.43005827
0.42277485
0.436102
0.43240622
0.44076124
0.41591582
0.40791383
0.44511205
0.42105636
0.43834168
0.4360189
0.41718906
0.40207863
0.42837185
0.42574793
0.42995897
0.43696547
0.4184993
0.44104302
0.45035142
0.4363621
0.426993
0.44519705
0.42583403
0.4250475
0.45478147
0.4420537
0.43983
0.443508
0.4282757
0.42623538
0.45104927
0.43078
0.4494306
0.4322348
0.43471342
0.43353704
0.4424581
0.42607337
0.4304753
0.46880227
0.44716275
0.44368884
0.43771106
0.43917254
0.46294463
0.4841468
0.44081932
0.47476065
0.44963443
0.4521182
0.45582423
0.45977798
0.48728228
0.4654556
0.45450133
0.47793394
0.47607413
0.46644855
0.46940616
0.4542514
0.46536237
0.47509885
0.44708997
0.45397377
0.442673
0.4643774
0.46628657
0.46315306
0.47564802
0.4573553
0.46840298
0.43421042
0.45860004
0.47951
0.45899704
0.46501532
0.46991387
0.46352082
0.46900317
0.4690421
0.47510213
0.47742316
0.48984322
0.48360616
0.4775871
0.47513664
0.47609758
0.4788191
0.47035006
0.48500672
0.4559952
0.46661547
0.45420647
0.49089038
0.48241454
0.47557172
0.49326792
0.47867084
0.48074058
0.50650537
0.47543016
0.49716485
0.47754052
0.46504766
0.4700283
0.4933029
0.49207214
0.49195454
0.4976344
0.4828904
0.47861207
0.5024741
0.48500293
0.48278967
0.50285304
0.50656897
0.50036275
0.5033765
0.5085166
0.5141057
0.50679946
0.4946179
0.50155455
0.51406807
0.47972032
0.4942023
0.49970123
0.48555198
0.48185584
0.522147
0.50431585
0.51038575
0.49499702
0.53997934
0.5095897
0.51537144
0.48815382
0.5161226
0.49897864
0.47175053
0.49578777
0.5011032
0.4845092
0.5222318
0.48103732
0.4923742
0.48414358
0.49680898
0.5170212
0.5268221
0.47331536
0.5154219
0.5061115
0.5108604
0.53173935
0.52867585
0.5315859
0.53209066
0.53323627
0.5425533
0.5024607
0.5359374
0.47699815
0.5421548
0.5400275
0.5352589
0.5029323
0.51883817
0.5195124
0.52419746
0.5433781
0.5179228
0.5186759
0.5233777
0.5150204
0.5165554
0.53194666
0.5297882
0.53325665
0.5061955
0.5226541
0.55865896
0.5295893
0.5082117
0.5086373
0.5387729
0.5339126
0.5378884
0.5290811
0.5561782
0.5206975
0.53623444
0.53767085
0.5214986
0.5583965
0.5477688
0.5729296
0.5356419
0.53408337
0.5131636
0.5490288
0.5228914
0.5304069
0.5397427
0.5439486
0.52982616
0.53148276
0.54901826
0.5458994
0.54164946
0.57727087
0.5515152
0.5680599
0.5469295
0.5579794
0.5622474
0.58431107
0.5145433
0.56582874
0.53202933
0.5291072
0.54822624
0.53600156
0.55014145
0.53567445
0.5340067
0.531603
0.53506464
0.5391581
0.5210241
0.55245364
0.5350782
0.51962435
0.5237631
0.5022168
0.5134622
0.4962518
0.515348
0.51178616
0.51723695
0.48689833
0.51280546
0.5072319
0.5087843
0.5130078
0.5488578
0.51040506
0.5162801
0.5167872
0.51286125
0.49862093
0.4874385
0.49476978
0.4933741
0.5279449
0.4996459
0.4877738
0.4659455
0.48380464
0.4898335
0.4876075
0.45118737
0.49574924
0.4822189
0.4710735
0.50198877
0.50625193
0.51536655
0.49548247
0.504837
0.47962084
0.48558724
0.46436086
0.49466115
0.45396373
0.4619635
0.48586014
0.50000197
0.46015713
0.49726433
0.486317
0.5015682
0.50413483
0.48993337
0.4993351
0.468165
0.48672223
0.4902402
0.49067852
0.5123535
0.494099
0.5060503
0.5135805
0.48550603
0.5017939
0.47248748
0.49528593
0.49677432
0.49575582
0.50801814
0.5273335
0.5094491
0.508922
0.45592535
0.49590656
0.48320678
0.47581357
0.47311836
0.47381446
0.48992604
0.4696945
0.47504178
0.4981629
0.4774582
0.49321997
0.46835345
0.49433798
0.50630575
0.5035876
0.50267637
0.49653018
0.47137767
0.46145615
0.49528888
0.48201448
0.45965755
0.5001554
0.48050618
0.48678854
0.5289335
0.48999846
0.46478525
0.46400616
0.4489003
0.47716522
0.46645567
0.49493438
0.46896714
0.47907573
0.4684591
0.49146828
0.47613832
0.47609094
0.45957226
0.4660996
0.48323205
0.4536943
0.44786996
0.44599384
0.4540756
0.4435823
0.47702256
0.473851
0.48654237
0.46890244
0.48303583
0.4807872
0.47076014
0.441351
0.46975675
0.47791538
0.4490496
0.47433218
0.4708866
0.45915362
0.47291556
0.45012772
0.49270874
0.45508352
0.48397103
0.4967674
0.47278413
0.4588124
0.47022203
0.47615814
0.44882715
0.49905854
0.48568717
0.47615656
0.4940389
0.484306
0.4815342
0.49392468
0.49416608
0.49972078
0.49292764
0.49926013
0.4734717
0.4911857
0.4942684
0.5012111
0.5057387
0.5029287
0.5040828
0.52048665
0.50426066
0.49679807
0.48997155
0.51335955
0.5277162
0.52198094
0.50121635
0.5147225
0.52535594
0.5175463
0.53336906
0.56405735
0.50300586
0.53125095
0.5224833
0.5136462
0.51514405
0.5396973
0.5637305
0.5239853
0.56914324
0.56630874
0.5782823
0.5790101
0.584104
0.58494216
0.6013711
0.9931626
2.1766827
0.57764393
0.5411861
0.58996105
0.5790996
0.5733768
0.58108705
0.58578265
0.5801304
0.5810743
0.59578043
0.60608363
0.61286885
0.6004145
0.60766196
0.5853704
0.6033419
0.6266341
0.620845
0.60518664
0.6205728
0.63879347
0.6195975
0.62069213
0.60771143
0.5929365
0.65318495
0.6148768
0.62838906
0.65987897
0.59992933
0.6646176
0.6643016
0.62311834
0.637128
0.6313133
0.6256519
0.6692954
0.62528706
0.63736224
0.6159928
0.6275382
0.6295753
0.63823307
0.6323715
0.652256
0.62283427
0.636534
0.589189
0.59049296
0.61911005
0.6485454
0.5825363
0.587654
0.61011827
0.60214907
0.61494464
0.6178879
0.590621
0.58843976
0.61490965
0.607949
0.60525846
0.58428925
0.58208525
0.6142999
0.5807792
0.6020312
0.58408785
0.61158025
0.5987617
0.60813123
0.6298701
0.5784648
0.6124885
0.5826087
0.58756626
0.61091816
0.6005441
0.60996145
0.6112853
0.5954018
0.5699086
0.6195005
0.5824478
0.57266265
0.594571
0.6211284
0.60505146
0.5511627
0.5678366
0.56949633
0.58051866
0.56616646
0.53781813
0.56908417
0.5523081
0.563819
0.5512993
0.57703185
0.56837136
0.53928417
0.5131628
0.5237693
0.5671714
0.56684613
0.5576057
0.56782854
0.55472493
0.5250125
0.5639958
0.5197297
0.50580573
0.5132128
0.5169282
0.5235804
0.5317952
0.57333386
0.53914064
0.50052154
0.49617833
0.5435323
0.5161076
0.55527145
0.5847656
0.5360659
0.52227837
0.55839694
0.52835304
0.530282
0.55429584
0.533955
0.518832
0.54185927
0.5197853
0.57284415
0.5252593
0.51623213
0.5288162
0.5651666
0.5453327
0.53834003
0.5426553
0.5427462
0.588333
0.528993
0.53846353
0.53665906
0.5326745
0.54619545
0.58541244
0.52719754
0.55379295
0.56756604
0.5368673
0.565376
0.58097386
0.58769065
0.54671603
0.5616335
0.5877814
0.5879273
0.59559596
0.5616138
0.59967285
0.55495214
0.58830607
0.54951906
0.56760097
0.5608455
0.60056126
0.6119712
0.5703912
0.56105846
0.57593024
0.56399864
0.5735569
0.5683011
0.54886186
0.60126776
0.57026345
0.5561384
0.54364485
0.5606037
0.5310586
0.5673535
0.5560909
0.559167
0.5425559
0.5416165
0.5580193
0.5188292
0.56189626
0.5372471
0.5690225
0.59023464
0.527461
0.53584677
0.54684114
0.48469776
0.52891344
0.5734348
0.55702233
0.5349164
0.5420321
0.57664764
0.53987247
0.52264595
0.5158987
0.55228776
0.53546065
0.55285007
0.5433189
0.53689694
0.5619026
0.5427893
0.5260251
0.50422883
0.5367258
0.55665964
0.5373681
0.58409464
0.5641608
0.5811078
0.5467418
0.539072
0.59384596
0.5365291
0.5198761
0.6082073
0.57777023
0.55315995
0.5886807
0.5679179
0.56440043
0.60364234
0.57741314
0.5918418
0.58821744
0.57092524
0.58185333
0.5690569
0.60755986
0.584873
0.5795829
0.5564467
0.60929376
0.5444005
0.575872
0.6031333
0.57343787
0.6051239
0.5604481
0.5583939
0.56057644
0.58039415
0.5680112
0.5376108
0.5663078
0.597375
0.58944297
0.543914
0.5907956
0.57843095
0.5648651
0.55948085
0.5975821
0.5907056
0.5719937
0.6182347
0.63038504
0.59010184
0.58405554
0.60879153
0.60379165
0.61008716
0.6116627
0.5913319
0.63283384
0.60673
0.6172502
0.5654676
0.59699076
0.57474947
0.590385
0.6066837
0.57211477
0.621199
0.61837
0.5547978
0.59024185
0.6012665
0.60998905
0.59711474
0.5842307
0.5923854
0.60494995
0.64137757
0.66696554
0.6209972
0.59117436
0.6505103
0.5830667
0.6423237
0.620884
0.676556
0.6153407
0.61622876
0.6344011
0.67595273
0.6961015
0.646219
0.6571264
0.6740464
0.6621449
0.67328125
0.643313
0.64213204
0.69408077
0.64144486
0.63913
0.6231915
0.6679816
0.717885
0.6706392
0.66438353
0.69138485
0.65844786
0.65786314
0.6459036
0.63272774
0.64629376
0.6456286
0.6639538
0.63325554
0.6329372
0.69254446
0.62755764
0.6445006
0.6495215
0.6333032
0.64990497
0.675483
0.66477174
0.6836719
0.6597352
0.66845864
0.665239
0.64257693
0.6328242
0.68101037
0.6471253
0.6262153
0.68060756
0.69597524
0.6529349
0.6548713
0.6241047
0.6306138
0.66578054
0.6631932
0.6379744
0.6561905
0.6341804
0.66638005
0.63162017
0.62879586
0.66271776
0.65583205
0.66022843
0.5950409
0.63647443
0.63654834
0.67940825
0.6590035
0.5994894
0.63197255
0.6606052
0.64833
0.6476781
0.65859616
0.6416141
0.6838938
0.62598264
0.64446074
0.6247892
0.6363057
0.667507
0.6081946
0.6258268
0.64253336
0.62856513
0.60825175
0.61799735
0.599749
0.6171696
0.6227053
0.588096
0.6277104
0.6266766
0.62615436
0.61401254
0.63601214
0.65263623
0.629211
0.6348728
0.6248861
0.6034411
0.64449537
0.6145131
0.5905532
0.6187585
0.6042365
0.5560691
0.66089034
0.6503692
0.64257294
0.6627047
0.6396248
0.64362365
0.6426888
0.6679624
0.66433483
0.6676747
0.6255169
0.6506149
0.6608832
0.6687494
0.66378176
0.6293027
0.67483276
0.59724003
0.6711558
0.64728385
0.65947413
0.6410311
0.67347264
0.68084514
0.69738907
0.6548032
0.6794974
0.6862253
0.64190507
0.6508692
0.6926814
0.680623
0.66127586
0.6728169
0.67744523
0.64881647
0.68876326
0.7135194
0.6383296
0.72306174
0.6707307
0.7218616
0.682933
0.71418065
0.7114345
0.7201115
0.681104
0.71669275
0.7303373
0.68331444
0.6766728
0.69635093
0.63683033
0.64948684
0.67784035
0.7240365
0.6628022
0.6695532
0.710514
0.6949327
0.78669864
0.7116805
0.71931314
0.6670988
0.7227014
0.75564396
0.71393543
0.7576665
0.76475567
0.75510335
0.7721936
0.721687
0.742794
0.7090552
0.78164613
0.706686
0.7627574
0.72104925
0.68628407
0.739535
0.7348159
0.7520602
0.7415554
0.7824454
0.73419523
0.74498403
0.72048825
0.73497385
0.7070005
0.70394623
0.7298435
0.74908084
0.71241575
0.70256186
0.69397396
0.7295141
0.70573723
0.67436147
0.62874186
0.6903123
0.6830297
0.6696287
0.70699203
0.6901049
0.635376
0.7042262
0.7181772
0.738944
0.7021021
0.7042916
0.70926785
0.6553596
0.7138702
0.7099129
0.7026781
0.73239124
0.7693581
0.8068863
0.77138597
0.7993348
0.85047126
0.9802532
2.8936431
1.6774576
1.1608423
1.0284101
0.8750011
0.9035179
0.8360207
0.7682946
0.78053904
0.723502
0.72051525
0.7163934
0.80190295
0.6623201
0.7454633
0.75746965
0.6962587
0.75967705
0.78728205
0.7491668
0.7513649
0.6659538
0.72771937
0.64904964
0.7047214
0.68267
0.71618223
0.7220522
0.7401296
0.6740856
0.7337058
0.7240079
0.6943671
0.7122462
0.7240024
0.70992404
0.71012217
0.7045995
0.66811943
0.68866587
0.64137995
0.64595896
0.6595995
0.69387865
0.62558794
0.6532121
0.7024758
0.7462522
0.6625337
0.6871461
0.64911526
0.6759593
0.62731177
0.67579794
0.6610865
0.75194544
0.70516163
0.68120253
0.70718503
0.75994503
0.67047834
0.6233032
0.64135045
0.72292495
0.7595128
0.70444536
0.6910018
0.6877329
0.66407365
0.64450634
0.65854853
0.7482394
0.73952264
0.65016425
0.6696345
0.74721056
0.6980891
0.6923829
0.69974136
0.6766339
0.7075837
0.72643656
0.7117355
0.77873075
0.80052775
0.776025
0.8103085
0.8039429
0.7380044
0.7916355
0.7535141
0.8309006
0.79897106
0.8521692
0.8471805
0.9116651
0.7914105
0.8460666
0.79520106
0.8259876
0.8325937
0.8350649
0.8038479
0.8147398
0.8028759
0.89054394
0.7546855
0.7623963
0.80583984
0.8583574
0.80935556
0.8178086
0.9493731
1.1158148
1.7839459
0.92869455
0.8592207
0.9026054
0.91654474
0.81606764
0.80986696
0.9817475
1.0520575
0.8902079
1.1207442
0.9024789
0.89652103
0.8348884
0.8144873
0.8305938
0.82034886
0.8295798
0.85860854
0.7858704
0.89181894
0.79620284
0.81573105
0.849853
0.85126394
0.98313093
0.8713054
0.87398076
0.8458693
0.9002083
0.8695011
0.88870454
0.84799963
0.84816414
0.8178998
0.81069
0.95336634
0.9190212
0.7892435
0.82358986
0.8755161
0.8611149
0.8133472
0.8366411
0.83192
0.874192
0.85698366
0.77990025
0.8466374
0.79459524
0.87049454
0.87511253
0.8511575
0.848937
0.85158485
0.88615835
0.8993042
0.7979989
0.8674198
0.8286418
0.8610162
0.8635562
0.8329527
0.8282499
0.8900256
0.84468675
0.8549001
0.9070124
0.9027553
0.8528693
0.88924867
0.86165214
0.8255247
0.94375384
0.87851214
0.9543036
0.87108034
0.86927307
0.8492025
0.8461871
0.9319207
0.8522975
0.9636101
0.84625447
0.85264635
0.8759268
0.97457165
0.96336627
0.8820543
0.9775246
0.9247408
1.0346092
1.0478661
0.9455762
1.0288069
0.99445975
0.8798568
1.0081849
0.9623439
0.98080164
1.0931258
1.046072
0.9945124
0.9562104
0.9845904
0.9426304
0.9391608
0.98018646
1.0659841
0.98168415
0.89358133
1.0621723
0.95140904
0.9148656
0.8918885
0.9519741
0.9167505
1.0014014
0.9097938
0.8902216
0.8488982
0.9552372
0.8989745
0.87224895
0.9307391
0.93476945
0.89524645
0.97564477
0.9325574
0.9720874
0.9001843
0.8285447
0.9044154
0.8824577
0.75592685
0.8418486
0.7773055
0.7607254
0.9206185
0.75507575
0.81898296
0.79451704
0.73509187
0.793234
0.82748675
0.8258912
0.8014795
0.9301967
0.8748113
0.8969982
0.83212537
0.9499308
0.88981193
0.8401942
0.88725644
0.8703233
0.7622152
0.8721751
0.84858775
0.8953047
0.758438
0.8129578
0.93159
0.8728963
0.8404882
0.85334367
0.8027814
0.836214
0.8159263
0.8200818
0.86463434
0.89382905
0.8558727
0.8694914
0.8557935
0.8604914
0.93712276
0.9246506
0.86870015
0.82984406
1.0217029
0.9167459
0.9437999
0.9080156
0.8500696
1.0073048
0.7724659
0.94905716
0.9313075
0.85585403
0.86305976
1.0465444
0.8956791
0.95743436
1.0096837
0.9758759
0.9639392
0.96499324
0.9788067
0.865597
0.92384595
1.0291235
1.0262305
0.9948141
1.0802637
0.97030026
0.9294909
1.0142702
0.96525943
1.0343599
0.9869461
1.0666097
0.87989503
0.96803
1.0345241
0.90496165
1.2029257
1.1903636
1.0245849
1.0271516
1.0027703
1.10412
1.2132044
1.0164917
0.9411469
1.054112
1.0189414
0.9952608
0.9160407
0.969896
0.99340886
1.0437291
1.2765416
0.9431832
0.866947
0.85502666
0.8923803
1.0195471
0.92623514
0.86285925
0.8830886
0.83433396
0.83632827
0.8458459
0.8960065
0.9075602
0.8861913
0.8929068
0.90673226
0.91021556
0.8778559
0.8667822
0.81642973
0.8733583
0.875097
0.92330486
0.90398616
0.9075723
0.89015365
0.88691384
0.8960284
0.95392215
0.9409693
0.9549579
0.9342302
0.92872226
0.9488609
0.94129854
0.9578079
0.92146087
0.9494336
0.9619012
0.9788581
0.9566077
0.9586972
0.948732
0.95501536
0.9553607
1.0260937
1.0236422
1.0280114
0.96063036
0.9477452
0.9481407
0.9266595
0.93598264
0.8907995
0.9147358
0.86879873
0.8698347
0.9041655
0.971304
1.0376827
1.0439466
1.020327
1.0306143
1.0045
0.9969528
0.9941944
1.0015658
1.042476
1.0186764
0.9897859
0.97865105
0.9292049
0.9751423
0.9080149
0.93999064
0.8386318
0.8767644
0.87385255
0.8899986
0.86600375
0.8550879
0.884147
0.8961571
0.94193316
0.99838746
0.9909165
0.97737736
0.9211122
0.94318473
0.9302329
0.95524615
0.9276293
0.96113884
0.9629258
0.9983878
0.901572
0.8876162
0.8324994
0.8864537
0.8847124
0.9163138
0.93581736
0.9120364
0.90110373
0.8852601
0.84367216
0.8406804
0.82337135
0.87691236
0.8965821
0.8958505
0.89092726
0.8836388
0.9107842
0.8975884
0.8651373
0.8211826
0.8566857
0.85187733
0.8835587
0.92483586
0.9358559
0.8852249
0.824128
0.8823803
0.9135209
0.93332326
0.89843947
0.8661409
0.84743625
0.8992047
0.99969155
1.0236113
0.9983266
0.94744235
0.9611138
0.99101704
1.1508049
1.132302
1.206584
1.0881704
1.1459252
1.167276
1.2891906
1.3396078
1.3909577
1.3410833
1.5156417
1.7490304
1.9554634
1.9661556
1.7737333
1.7768376
1.7809186
1.9593467
2.1056654
2.280247
3.3064272
5.2699594
3.2440662
2.0594368
1.6552908
1.5551758
1.523064
1.6344566
1.6441284
1.6781225
1.7014548
1.6485901
1.6521661
1.64708
1.792963
1.6304506
1.5594574
1.4331778
1.3758149
1.3487337
1.3636823
1.4751085
1.5713192
1.5178766
1.4312853
1.3717141
1.4368126
1.5491736
1.4681368
1.4985553
1.4215456
1.3329939
1.3243392
1.2891685
1.2984946
1.2632595
1.299764
1.2134613
1.1579475
1.1977473
1.1881658
1.1860559
1.2122979
1.176129
1.1082001
1.119504
1.1146255
1.1402586
1.1442701
1.161896
1.1306258
1.1454989
1.0548939
1.0188508
0.9893858
1.0003477
0.9355218
0.87979114
0.8798186
0.8892728
0.9264794
0.9565394
0.9630596
0.9627418
0.9092415
0.9062215
0.8516873
0.80531794
0.8647397
0.8771743
0.80645436
0.7160888
0.70696855
0.72677445
0.750375
0.75931776
0.7813936
0.8515891
0.8100465
0.77534455
0.79632485
0.7360256
0.7356426
0.7603876
0.7068663
0.714517
0.67674017
0.64400166
0.6372961
0.61492777
0.5930373
0.5679882
0.56003356
0.6122229
0.5843258
0.62960654
0.63348186
0.66405964
0.68630815
0.7398686
0.76802665
0.91057456
1.000178
1.0884557
1.2561363
1.3881553
1.5792485
1.8082079
2.218376
1.9944052
1.8437167
1.8277026
1.7611063
1.7261636
3.2947628
3.2947628
3.2947628
3.2947628
3.2947628
3.2947628
3.2947628
3.2947628
3.2947628
3.2947628
3.2947628
